act seed t | L1: d1 rho1S c1S | L2: med d2  zb2  sig2  p+2  U2<0 | mu-dir: |mu2| c2 kappa2 min(e2'a1) c2>k2 | S-dir: S2mean sd c2S kappa2S | med rho_mu  med rho_S  cov-share | corr(d2,-c2*sqrt(rho_mu)+b/sig)
param shapes: [(100, 784), (100,), (100, 100), (100,), (10, 100), (10,)]
ELU1 0  20 | -1.01 0.160 3.03 | -0.71  -1.84  2.41 0.260 0.06 |   9.20  4.02  2.57  +3.32 True |  -18.77  11.02 -1.70  3.05 | 0.032 0.007 +0.019 | identity err 1.4e-14; frac q2<0 0.81
ELU1 0 100 | -1.42 0.246 3.03 | -1.59  -6.22  4.00 0.049 0.16 |  12.53  3.64  2.50  +3.92 True |  -19.17  10.89 -1.76  3.39 | 0.186 0.048 -0.018 | identity err 8.0e-15; frac q2<0 0.87
ELU1 1  20 | -1.02 0.159 3.03 | -0.71  -1.65  2.22 0.261 0.01 |   8.36  4.81  2.80  +3.50 True |  -21.71  14.44 -1.50  2.76 | 0.025 0.022 -0.001 | identity err 1.2e-14; frac q2<0 0.81
ELU1 1 100 | -1.35 0.261 3.03 | -1.59  -5.65  3.52 0.070 0.18 |  11.05  4.47  2.95  +3.75 True |  -27.09  11.19 -2.42  2.90 | 0.117 0.057 -0.078 | identity err 1.3e-14; frac q2<0 0.84
ELU1 2  20 | -1.12 0.151 3.03 | -0.71  -1.58  2.42 0.252 0.02 |   8.73  3.81  2.51  +2.98 True |  -23.21   8.28 -2.80  3.15 | 0.039 0.003 +0.019 | identity err 8.0e-15; frac q2<0 0.81
ELU1 2 100 | -1.15 0.169 3.03 | -1.70  -6.07  3.62 0.045 0.19 |  11.63  3.70  2.63  +3.36 True |  -21.12  10.93 -1.93  3.28 | 0.192 0.058 -0.060 | identity err 2.8e-14; frac q2<0 0.86
param shapes: [(100, 784), (100,), (100, 100), (100,), (10, 100), (10,)]
LR   0  20 | -1.49 0.200 3.03 | -0.39  -0.76  2.08 0.355 0.00 |   6.78  3.02  2.43  +1.33 True |  +12.61   7.20 +1.75  3.51 | 0.029 0.011 +0.026 | identity err 6.0e-15; frac q2<0 0.77
LR   0 100 | -1.53 0.204 3.03 | -1.16  -4.06  3.51 0.123 0.00 |   8.60  3.03  2.48  +1.56 True |   -6.14  13.46 -0.46  4.65 | 0.136 0.038 -0.006 | identity err 6.2e-15; frac q2<0 0.87
LR   1  20 | -1.61 0.180 3.03 | -0.12  -0.20  1.73 0.448 0.00 |   5.08  3.15  2.69  +0.74 True |   +1.85   9.85 +0.19  4.09 | 0.011 0.044 +0.005 | identity err 6.2e-15; frac q2<0 0.56
LR   1 100 | -1.66 0.209 3.03 | -1.18  -4.17  3.43 0.122 0.01 |  10.13  3.26  2.67  +1.82 True |   -0.52  14.75 -0.04  3.59 | 0.112 0.065 +0.012 | identity err 7.1e-15; frac q2<0 0.89
LR   2  20 | -1.43 0.169 3.03 | -0.40  -0.73  1.83 0.337 0.00 |   5.50  2.70  2.15  +1.12 True |   +5.01   8.09 +0.62  4.00 | 0.029 0.014 +0.039 | identity err 3.6e-15; frac q2<0 0.78
LR   2 100 | -1.57 0.222 3.03 | -0.87  -2.62  3.29 0.195 0.00 |   7.85  3.56  2.79  +1.68 True |   -7.62  14.92 -0.51  3.85 | 0.066 0.087 +0.059 | identity err 5.8e-15; frac q2<0 0.85
