zbar_cur,sigma_cur,between_cur,pos_frac,zbar_inv,sigma_inv,between_inv,pos_frac_inv,var_off,var_wid,var_cross,rowmean,rowmean_sd,cnorm,bias,bias_sd,star,star_sd,eps_max,w2col,gate_mean,ce_probe,acc,gbar,gvar_mean,gbar_var,pooled_var,g3_ident,cov,cov_abs,cov10,cov50,q10_med,hard_dead,gmin,gmax,gcorr,gcorr_degenerate,task,step,clamp,correct_seq,acc_seq,ce0,ce20,correct_fresh,acc_fresh,param_sha,fresh_param_sha,secs,vmrss_kb,maxrss_kb,cpu,arm,seed
0.6177891707310266,1.0434972534933762,0.3103749646031981,0.69607421875,0.21485335148734852,0.3491966872631517,0.30271243201779574,0.6333691406249999,0.03638406337709003,0.08726013162143746,-0.001705868602968124,0.0017621967215511259,0.005452306016074767,1.1495196056873676,0.021458134134300054,0.03347783477642815,0.20197371034188702,0.5568509601643779,0.19746838367792127,0.774206964920796,0.7264667973278847,0.24255751073360443,0.9059000015258789,0.7264667973278847,0.14376353597719294,0.027595933056050098,0.17135946903319,5.3040905001466854e-14,0.30392578125,0.30392578125,0.0,0.30392578125,0.10000000149011612,0,0.10000000149011612,1.0,0.14523992395932372,0,1,625,ref,9059,0.9059,2.3005385398864746,1.993870496749878,9059,0.9059,b71b3033969414dc953a7e380078c40aec5292b3548fb1a22a09b3e4f992a9a2,b71b3033969414dc953a7e380078c40aec5292b3548fb1a22a09b3e4f992a9a2,2.161695802002214,1018552,1069324,4,LR,11
-0.09491048267528651,1.1937862757633086,0.9766121792002462,0.45056640625,-0.03566976072532696,0.4735944532446063,0.6339350728980024,0.47453857421875,0.06680981600921952,0.157983698696842,-0.0005018085620039969,-0.0006250601318353282,0.0077394106153171405,1.545136314386666,0.023795513499062507,0.049706225945524624,-0.04023427868175956,0.7830659178150399,0.17979822504114107,0.8473323119303038,0.5055097664437198,0.20843374729156494,0.9175000190734863,0.5055097664437198,0.13300807184044497,0.06751254654081483,0.20052061838125723,2.55351295663786e-15,0.54943359375,0.54943359375,0.0,0.54943359375,0.10000000149011612,0,0.10000000149011612,1.0,0.0650560517336854,0,2,625,ref,9175,0.9175,3.9305436611175537,1.0585912466049194,,,658a177d48e151c0d0d73d4f260e6346e26cd773e8cd6ae518ebaf87ad17275c,,3.1293926859507337,1018276,1069324,4,LR,11
-0.36389445386998986,1.228697480564279,0.9676484536124321,0.36908203125,-0.25140401649186933,0.5391425697582536,0.595034566813111,0.38199951171874996,0.07500874992478203,0.2180546292170819,-0.0023886686163306584,-0.002838286391755829,0.007722177479604374,1.8186850216659627,0.026068191636586562,0.060592323240768624,-0.2646796557427741,0.7728501149008319,0.27428727352934684,0.9049675522248742,0.432173829065141,0.2348209172487259,0.9187999963760376,0.432173829065141,0.1256907447467554,0.06292624784994705,0.18861699259661385,8.859579736508749e-14,0.63091796875,0.63091796875,0.0,0.63091796875,0.10000000149011612,0,0.10000000149011612,1.0,0.1727836243322681,0,3,625,ref,9188,0.9188,4.236780643463135,1.4276080131530762,,,f922236aeaf186c45e32ef2f3d82edb9eb89d1384a11f6975af0205bac584cdd,,5.355291771935299,1063916,1069324,19,LR,11
-0.6732535302651966,1.25662876781611,1.413161617439684,0.28798828125,-0.4867411834727718,0.6200842132489415,0.7514928109910473,0.30370849609375,0.11304417391598832,0.2740177074212392,-0.0025574498166689753,-0.005182375542941803,0.008669143231529609,2.0150742580106957,0.02694217506534187,0.06764926336675942,-0.5039290357463533,0.8692085096757792,0.2507290855127018,0.9540312534475993,0.35918945418598014,0.2145630568265915,0.9228000044822693,0.35918945418598014,0.0965284706734006,0.0695628639778731,0.1660913346513913,1.176003738834197e-13,0.71201171875,0.71201171875,0.0,0.71201171875,0.10000000149011612,0,0.10000000149011612,1.0,0.2781240046534921,0,4,625,ref,9228,0.9228,4.090673446655273,1.4365298748016357,,,db6c6483bbc24c6d4d6a2ef79f33f4073ff333bf14f4638ca8d558006571a95c,,7.287062651012093,1094540,1092904,2,LR,11
-0.9163965493350369,1.2768061878749624,1.1883129262636518,0.2466015625,-0.7338069646135917,0.6737390307728935,0.7588925676100586,0.23981445312500002,0.14753171852415795,0.3118362498786379,-0.0054436868159979815,-0.007567241549309492,0.008710308584919167,2.172003774566593,0.027420265315449797,0.07467757057405133,-0.7477514007475804,0.8722680883264754,0.3222463927014747,1.001225729802662,0.32194140737265114,0.24629320204257965,0.9168000221252441,0.32194140737265114,0.09932097211373855,0.051168305204708345,0.1504892773185162,6.927791673660977e-14,0.7533984375,0.7533984375,0.0,0.7533984375,0.10000000149011612,0,0.10000000149011612,1.0,0.26584883914802376,0,5,625,ref,9168,0.9168,3.605012893676758,1.3262324333190918,,,cddcd8272584373d90ee7af2d8d3ac740c4bbf6ff40ba38065cc83932f161161,,8.021989164990373,1033448,1092904,3,LR,11
-0.8823367857185812,1.3067984953584928,1.1574917993874294,0.25865234375,-0.8658824816645563,0.7217606028817203,0.7808255341571788,0.215771484375,0.1754302754727838,0.3518718570202764,-0.006363764620875849,-0.008939750046509543,0.008853764551667314,2.3082500001619515,0.029947159118019043,0.08005432826381104,-0.8858212741457768,0.8821753894992063,0.368569184498035,1.0400008046456757,0.3327871104796941,0.20149828493595123,0.9258999824523926,0.3327871104796941,0.10314506916223276,0.052173490469781925,0.15531855963198357,3.111400026512001e-14,0.74134765625,0.74134765625,0.0,0.74134765625,0.10000000149011612,0,0.10000000149011612,1.0,0.38305554462433056,0,6,625,ref,9259,0.9259,2.8420445919036865,1.0608630180358887,,,04e4f86826d2dd7d0df72523431363485013d73984c3adb89523c9c4d86f5e27,,8.929819323937409,1018324,1092904,3,LR,11
-1.1937524674583013,1.3145039082126164,1.535161716458788,0.216171875,-0.998224152754727,0.7722719352733053,0.8714617210957982,0.19238037109375,0.2158995885947661,0.3937444873083361,-0.013240133892326018,-0.010201981889113722,0.009526140385483706,2.439654909115423,0.03216187570709735,0.08228959920039364,-1.0129068255623597,0.9496702846365803,0.3743563431759016,1.0860223174916588,0.29455468866799495,0.2096320539712906,0.9138000011444092,0.29455468866799495,0.08838524293242152,0.04886244893487809,0.13724769186722924,7.03603841856193e-14,0.783828125,0.783828125,0.0,0.783828125,0.10000000149011612,0,0.10000000149011612,1.0,0.2827623956062372,0,7,625,ref,9138,0.9138,3.3408141136169434,1.6069022417068481,,,a370595c3beb1e3ecf7a73f9a365460a9fcaf9194b51111038ed9d973017fb06,,9.732350197969936,1063956,1092904,3,LR,11
-1.452612229074273,1.3955719014506918,1.7134663712381109,0.181171875,-1.1150887325535002,0.8257766717787108,0.9798373283537879,0.18183837890625001,0.2557348222292141,0.43877414271207443,-0.012601853287363908,-0.011423499205002303,0.010013928558937993,2.5705601411750685,0.034205379678169265,0.08714099571770133,-1.1359928825696333,0.9999429322187119,0.40996301570082117,1.1299009544902996,0.263054688720149,0.1947128027677536,0.9214000105857849,0.263054688720149,0.07928924305409446,0.040873144182280885,0.12016238723641914,4.3798298321462426e-14,0.818828125,0.818828125,0.0,0.818828125,0.10000000149011612,0,0.10000000149011612,1.0,0.2740046939934286,0,8,625,ref,9214,0.9214,2.815336227416992,1.531363606452942,,,f9a24f286289233b4d9710bb66e7e55b0e03c6e615593c0eea173d5081933f95,,10.570087519008666,1094584,1092920,3,LR,11
-1.3267916918251783,1.4139614978325026,1.722959141733628,0.20490234375,-1.1661538435622254,0.8636055411362525,1.0796267019508854,0.1839453125,0.2779086788936831,0.48302437344866417,-0.015118521661107862,-0.011853555056504157,0.010501334185377941,2.688430554470498,0.03896234325133264,0.0895559585112894,-1.1752898993982543,1.0486644930834834,0.3767098395985027,1.165669651476539,0.2844121105597878,0.22090139985084534,0.9235000014305115,0.2844121105597878,0.08329879618717963,0.04866427572920497,0.13196307191632373,6.086797732507421e-14,0.79509765625,0.79509765625,0.0,0.79509765625,0.10000000149011612,0,0.10000000149011612,1.0,0.3389464081292764,0,9,625,ref,9235,0.9235,3.0500547885894775,1.4637832641601562,,,1b0341d1137d656d0080d41588d347a0b33ea80cba9b520ca939ddf52ad0f28a,,11.412782466970384,1033468,1092920,3,LR,11
-1.5134048339365154,1.3946193958891275,1.810002711583624,0.18251953125,-1.2376880143179596,0.8968544913003638,1.11413665062519,0.16949951171875,0.3065006704410657,0.5222815699585651,-0.02443426183399657,-0.012724838571221163,0.01070815965408965,2.793518016145888,0.04108275520207826,0.09373884474029603,-1.2624218641974039,1.0740030928412447,0.385850844673403,1.2060985001268338,0.2642675793431408,0.2003496140241623,0.9247000217437744,0.2642675793431408,0.07447452253475943,0.04638246015448552,0.12085698268933917,9.421630142725235e-14,0.81748046875,0.81748046875,0.0,0.81748046875,0.10000000149011612,0,0.10000000149011612,1.0,0.3073742238031236,0,10,625,ref,9247,0.9247,3.8939731121063232,1.3755593299865723,,,b2135144e2ca721b5e10292898c2ad6964e97b67e70b146bc31862067862f758,,12.260311026009731,1018344,1092920,2,LR,11
-1.6026959165204788,1.4787929767371701,1.6242443809231704,0.177109375,-1.321769596348874,0.9353682035059955,1.080575432543566,0.16502685546875,0.3251428821793895,0.5674783219013801,-0.0177075279507362,-0.013563633791505172,0.010461203074674056,2.908448457458221,0.03849016746273264,0.09634927901274715,-1.3509387988941415,1.0468878661524053,0.37970520719431344,1.2451788216774091,0.2593984387262026,0.1910245269536972,0.9254999756813049,0.2593984387262026,0.07960373356208623,0.038446997919562784,0.1180507314817029,5.3887450057743536e-14,0.822890625,0.822890625,0.0,0.822890625,0.10000000149011612,0,0.10000000149011612,1.0,0.29137544337726873,0,11,625,ref,9255,0.9255,3.7450430393218994,1.4309613704681396,,,054c3d9efa39320b2d9ac20b309a4a53f2eba93f44e769d3de24be4cdda07874,,13.024398833978921,1063976,1092920,3,LR,11
-1.6724216743474711,1.469568757545922,1.865063980108383,0.17341796875,-1.4261789994706382,0.973393409002751,1.04851902172647,0.150625,0.353793457874451,0.6012488514706655,-0.00754758065512009,-0.01457033892658702,0.010342554519481175,3.004492041383937,0.03925309546350036,0.10096579705121457,-1.4533005421108285,1.0342598133846794,0.4156374632860873,1.279670971466992,0.2560761731067032,0.22196196019649506,0.9189000129699707,0.2560761731067032,0.07264894499563859,0.04345983788022782,0.11610878287577604,9.037215420448774e-14,0.82658203125,0.82658203125,0.0,0.82658203125,0.10000000149011612,0,0.10000000149011612,1.0,0.2700365780966111,0,12,625,ref,9189,0.9189,3.348301410675049,1.3861184120178223,,,d64370976c880de73ac826d9d6bff754b01330d8ba81f434d4ae7fd79be8a073,,13.794320745044388,1094600,1092920,3,LR,11
-1.5640806766703776,1.4581414930958896,1.7501757716686965,0.1863671875,-1.4577916077949344,0.9955546557441035,1.1522841259933927,0.15534423828125,0.36571556820419404,0.6311837917172792,-0.005770287347712892,-0.014705189414874278,0.010666729904585798,3.1002159680819603,0.04342317387025105,0.1035267642319877,-1.4629442526513317,1.0606415701699057,0.3776240139649998,1.3132895632025312,0.26773046996240735,0.17209798097610474,0.928600013256073,0.26773046996240735,0.07527669271337756,0.04754721860781242,0.12282391132111027,7.970013538027843e-14,0.8136328125,0.8136328125,0.0,0.8136328125,0.10000000149011612,0,0.10000000149011612,1.0,0.4100284660654271,0,13,625,ref,9286,0.9286,3.4997522830963135,1.135037899017334,,,80f8c231c44502e90aec83aba0a9404cad078bb7491f0f67faa199bc46338834,,14.60392539203167,1033480,1092920,2,LR,11
-1.7357492825776433,1.5590048945639412,1.9395468351939131,0.17544921875,-1.5571575960498116,1.0292493014505852,1.1250892951494225,0.14498779296875003,0.39545668560017716,0.67673563408384,-0.012838195147499436,-0.015683013284153963,0.010531058861801477,3.1981928473635355,0.041539712955709546,0.10816195831812378,-1.5649938511110526,1.0575992306075106,0.4337250586136978,1.3430822939556655,0.25790429810367643,0.17591574788093567,0.9265999794006348,0.25790429810367643,0.08070778743721452,0.0364723123906708,0.11718009982788496,3.608224830031759e-16,0.82455078125,0.82455078125,0.0,0.82455078125,0.10000000149011612,0,0.10000000149011612,1.0,0.32931344895848713,0,14,625,ref,9266,0.9266,3.5163512229919434,1.2659589052200317,,,079aeaab03f61bbc45e052f6ec40e935854a38441b1c0eddedc07d92fdefddbb,,17.00203500094358,1018356,1092920,24,LR,11
-1.7957445809795012,1.5306773662951882,2.1156596677350983,0.1768359375,-1.551794659203805,1.0495468689717387,1.189597127537958,0.15610595703125,0.402141015593857,0.7187371963052902,-0.019329581730767615,-0.015868137773092345,0.010540125678069246,3.2852210301262312,0.043205945228692144,0.11015005142906535,-1.5822913664050446,1.0638819895169818,0.586486474537662,1.3734777129452906,0.25915234497661005,0.1940034180879593,0.9259999990463257,0.25915234497661005,0.07903346073682617,0.03887417972661992,0.11790764046340302,4.3076653355456074e-14,0.8231640625,0.8231640625,0.0,0.8231640625,0.10000000149011612,0,0.10000000149011612,1.0,0.3673619885134325,0,15,625,ref,9260,0.926,3.6126835346221924,1.459734320640564,,,81b95220daeab286ed9a98ba2fe28426d8e87dd5edd5aff6b64b6a58ab957488,,18.03288337297272,1063988,1092920,14,LR,11
-1.643574275817751,1.5487743358926256,2.2038146693695313,0.19013671875,-1.5148085312177033,1.0715986871798369,1.2821815247586783,0.17090087890625,0.40838096030818877,0.7603076106185591,-0.02036482456119802,-0.015649971745416512,0.011117614675282732,3.383750610990585,0.04321138072758913,0.10858996372373551,-1.5599374804107016,1.1074927038629792,0.6341419935085426,1.40432070208307,0.27112304808179033,0.2503981590270996,0.9175000190734863,0.27112304808179033,0.08217419444529814,0.04255345015739913,0.12472764460267935,1.7916224059888464e-14,0.80986328125,0.80986328125,0.0,0.80986328125,0.10000000149011612,0,0.10000000149011612,1.0,0.2613972637493588,0,16,625,ref,9175,0.9175,4.364554405212402,1.5142277479171753,9066,0.9066,8a5870e8082b62d5fd2ba3b1a1e38a4f9d512504ddde4b90bbe472f5a5b05cf0,,19.326789058046415,1094620,1092920,15,LR,11
-1.7330096166090463,1.5961317965986108,2.020454007069949,0.17849609375,-1.527311603780451,1.0975237309250336,1.399631698716804,0.17442626953125,0.42458010697441795,0.7965913943838663,-0.01661316141467893,-0.015791650453017836,0.011565675827582608,3.4676337795472474,0.04328346780137508,0.10933075420015177,-1.5743786501295438,1.1562137230321026,0.8088980724766276,1.427036447267584,0.2606464855991362,0.2044537365436554,0.9244999885559082,0.2606464855991362,0.08024065563334144,0.03853388696880509,0.11877454260205089,9.564571357145724e-14,0.82150390625,0.82150390625,0.0,0.82150390625,0.10000000149011612,0,0.10000000149011612,1.0,0.3068727855717563,0,17,625,ref,9245,0.9245,3.4794654846191406,1.5900537967681885,9090,0.909,2e4bf1a66d7ee791fe0d6a2f1f986a1fd6bb3539d044654b8b92faf5b8f778a0,,20.562614346970804,1033504,1092920,15,LR,11
-1.891044491609735,1.5986256801824095,2.175168083575538,0.16826171875,-1.656908035621636,1.134643507759463,1.3479898946092512,0.15426025390625,0.4574913329675803,0.8361246129175703,-0.006200056184451724,-0.01702722247686336,0.01108665260049498,3.5558264872071987,0.043309553643048275,0.11219575251152127,-1.7009218587955375,1.114933193159507,0.8638220313021835,1.4585604436159572,0.2514355481143866,0.21666577458381653,0.9158999919891357,0.2514355481143866,0.07520763334165799,0.0381516336131373,0.11335926695481952,2.423061751244404e-14,0.83173828125,0.83173828125,0.0,0.83173828125,0.10000000149011612,0,0.10000000149011612,1.0,0.3563038933193995,0,18,625,ref,9159,0.9159,3.597184181213379,1.3816412687301636,9145,0.9145,04fa8ec82fa406ff5ac7a5580e078790de1ef6774198af0e5451f33f8cc5b903,,21.88474384904839,1018380,1092920,15,LR,11
-1.9525046059632378,1.6623968683952879,2.159635927588317,0.16916015625,-1.7336655449077165,1.1707748151455217,1.4725797777568996,0.15083984374999998,0.4938209131978705,0.8772457362284964,-0.000352981647336561,-0.017812893707431835,0.011328053739103412,3.6417460059118762,0.04224943495522893,0.11256564470349867,-1.782464419177468,1.1525203693621386,0.8714606153180435,1.4827961427560155,0.25224414186304783,0.2298477590084076,0.9122999906539917,0.25224414186304783,0.08463802271472738,0.029203425116156784,0.11384144783079489,8.92758089676704e-14,0.83083984375,0.83083984375,0.0,0.83083984375,0.10000000149011612,0,0.10000000149011612,1.0,0.24745318133411717,0,19,625,ref,9123,0.9123,4.372785568237305,1.3348729610443115,9032,0.9032,c27142bceaf7b3ac2ea25858c785886c8b5f3a0a546b530b9a56a888ac207b23,,23.166064947028644,1064008,1092920,15,LR,11
-1.9653959973091628,1.6395340700861154,2.137688867074477,0.164609375,-1.7951726586436398,1.1948752703449756,1.444976527445263,0.1438525390625,0.5127935272493903,0.9127362182264517,0.002197166206136202,-0.018333068531254913,0.011253598028051755,3.7183666349529414,0.04019855313235894,0.11567103000887918,-1.8378008717330139,1.1455573670351953,0.7920912634319357,1.506040833502915,0.24814843874482903,0.22816476225852966,0.9154000282287598,0.24814843874482903,0.0779691739361512,0.03341645991131842,0.11138563384741676,5.2860493759965266e-14,0.835390625,0.835390625,0.0,0.835390625,0.10000000149011612,0,0.10000000149011612,1.0,0.3367776285103215,0,20,625,ref,9154,0.9154,3.70624041557312,1.4330835342407227,9096,0.9096,6b0e6c66da90bdf3de55defff7bf7134cbd6649409dca0db8d3076679ca5bab7,,24.56011788698379,1094784,1092920,15,LR,11
-1.7762001221560082,1.6165463432058005,2.310301094521309,0.1887890625,-1.8312904546766768,1.2202815618053453,1.5380080087834493,0.14328125000000003,0.5322435462655011,0.9500039116984147,0.006839632118176938,-0.018635716145499363,0.01153285094525269,3.7922184933463243,0.04064547454850981,0.11601646761279755,-1.8683565096821422,1.1727252372614818,0.8023876065269046,1.5259108517027906,0.2699101574587985,0.2126762419939041,0.921500027179718,0.2699101574587985,0.07699560673966803,0.04705407227765826,0.12404967901744257,1.1628198404167733e-13,0.8112109375,0.8112109375,0.0,0.8112109375,0.10000000149011612,0,0.10000000149011612,1.0,0.4283864663955861,0,21,625,ref,9215,0.9215,3.4548304080963135,1.2957172393798828,,,7e2cd58e573d00ff45d98c8ed412946d4319c09855fa7dbf0eaeb4e5bb9b8399,,25.369027859997004,1033668,1092920,15,LR,11
-1.8903055905897381,1.6936111950804331,2.055110019413067,0.17880859375,-1.8338152141416142,1.2320263301306245,1.4750791167588488,0.14430175781250001,0.528126382623974,0.9827694007709397,0.006993094740220621,-0.01858921899186578,0.011446491866627226,3.8660998690951267,0.04200217128614895,0.11645376797848311,-1.8622367462689555,1.1547598306594655,0.8812478124509837,1.544884713279322,0.26092773559867055,0.20621004700660706,0.9226999878883362,0.26092773559867055,0.08460644388792765,0.034330780964656735,0.11893722485252577,5.861977570020827e-14,0.82119140625,0.82119140625,0.0,0.82119140625,0.10000000149011612,0,0.10000000149011612,1.0,0.3275707387655675,0,22,625,ref,9227,0.9227,3.549121618270874,1.3501640558242798,,,7b5591757dde4b4c9944c5e913251ab4ae5551571d4e4729e0aaded49074efc2,,26.248466755030677,1018540,1092920,15,LR,11
-1.933338738605268,1.6838076793650396,2.1499076073538745,0.16955078125,-1.9114122124323523,1.2594090730925844,1.531237309789058,0.1413818359375,0.5611339322424939,1.0145950770802066,0.010382204065222415,-0.019270742658908043,0.01161919654597441,3.9319279689927824,0.04414494782686233,0.1202718868251794,-1.929907762905063,1.1694652548676987,0.9000431535341065,1.566804906648241,0.25259570436246576,0.22023993730545044,0.9185000061988831,0.25259570436246576,0.07345213484283244,0.04059854897979051,0.11405068382260143,2.1524448889920222e-14,0.83044921875,0.83044921875,0.0,0.83044921875,0.10000000149011612,0,0.10000000149011612,1.0,0.3903454526236221,0,23,625,ref,9185,0.9185,3.4656479358673096,1.3070966005325317,,,7db72d4808dc2b3add259207eeb7e15079eb2b36140b75bf9715a811013d7eab,,27.05297864601016,1064172,1092920,15,LR,11
-1.928125426436925,1.7441156062391638,3.0400422128416613,0.1989453125,-1.919779607521082,1.274233646634033,1.4907998124220037,0.14061279296874998,0.5712959548383761,1.0547949409476416,-0.0024195095717520045,-0.01952924146393957,0.011582149535482056,4.000096556487322,0.043059353145072234,0.12052415619595613,-1.9574734095405102,1.163213997591954,0.868322285167292,1.5854038274001716,0.2790507824436645,0.20382635295391083,0.9200000166893005,0.2790507824436645,0.08164887973451325,0.0474376406967983,0.12908652043132765,1.609823385706477e-14,0.8010546875,0.8010546875,0.0,0.8010546875,0.10000000149011612,0,0.10000000149011612,1.0,0.3839024116312789,0,24,625,ref,9200,0.92,3.776296377182007,1.3234548568725586,,,0f3e67fd1f76a7fc59a329b47839747fbb28ac71aeecf026f03554ea7b69a05b,,27.81273308303207,1094808,1092920,15,LR,11
-1.896498517225871,1.7092637344393835,2.6669322676752474,0.19748046875,-1.901280858334092,1.2912275645958589,1.5794882980058818,0.15033447265625,0.5628687913977877,1.099822687192702,0.004577144981663152,-0.019206380881725674,0.011791849782728202,4.070829560262879,0.04209398785373196,0.12065839782682276,-1.9253656432567572,1.1903418485071626,0.8364454300454716,1.607828341162876,0.2777324230708473,0.2166084498167038,0.9232000112533569,0.2777324230708473,0.08477879877627294,0.04359156670059241,0.12837036547689817,3.2834845953289005e-14,0.80251953125,0.80251953125,0.0,0.80251953125,0.10000000149011612,0,0.10000000149011612,1.0,0.40671768547725917,0,25,625,ref,9232,0.9232,4.004638195037842,1.5167412757873535,,,80a279aac7f34a4ac76c0f1402361508638faf8a30e0ebdf13cdf64d43e4dcdc,,28.48618584102951,1033692,1092920,15,LR,11
-1.9273788822631326,1.7451470546826506,2.7634887163372497,0.18880859375,-1.9205666604499385,1.322344859856413,1.9316819290218683,0.16466796875,0.605780660810728,1.141170701618409,0.0016445659595389949,-0.01946395969020252,0.012954178140107405,4.138530720002113,0.04017472041887231,0.12183760099151157,-1.9536707202113024,1.3135682723989157,0.8937395677188738,1.6266815300370352,0.26992773558376937,0.1933092325925827,0.9240000247955322,0.26992773558376937,0.0822245598931294,0.04183496572374318,0.12405952561684652,2.606248550307555e-14,0.81119140625,0.81119140625,0.0,0.81119140625,0.10000000149011612,0,0.10000000149011612,1.0,0.3559131745101168,0,26,625,ref,9240,0.924,4.0197577476501465,1.3706271648406982,,,98a033ec419280a280096ee4def37515976d71a89936f46e2694d677bec311d4,,29.31653146201279,1018568,1092920,14,LR,11
-1.9967943569676894,1.8076814183285874,3.465693644360586,0.20119140625,-1.9330360668601196,1.3525571656234643,2.30315784177005,0.17464111328125,0.6510490148758603,1.1800629469390436,-0.0017010755355246188,-0.0196975985842809,0.01412484442624233,4.205060419398697,0.04035001298878342,0.12415447447463303,-1.9774288847141854,1.439653571514053,0.9015943559368375,1.6491890395200517,0.28107226681531755,0.20524482429027557,0.925599992275238,0.28107226681531755,0.08390447932116032,0.046273393931702135,0.13017787325278887,7.358003095703225e-14,0.79880859375,0.79880859375,0.0,0.79880859375,0.10000000149011612,0,0.10000000149011612,1.0,0.4026961154775708,0,27,625,ref,9256,0.9256,3.4667141437530518,1.4301960468292236,,,00335c4e50dfe202b134047b8dd65f030b7e8a1d0fafbd4f111ed07f71e46a12,,30.133873717975803,1064204,1092920,8,LR,11
-2.0504032205008906,1.7914613566733117,2.1716139403291495,0.172109375,-1.9458905439512337,1.3541262451997054,1.942523780357127,0.1578369140625,0.6218882557941305,1.2233291683870688,-0.011559536242547243,-0.01972956363063164,0.01311244715886064,4.27904552975197,0.04175206982443342,0.12457551140009972,-1.9793012572824369,1.333346163748563,0.9111902891369661,1.6720981898852494,0.25489843873365314,0.21179237961769104,0.9186000227928162,0.25489843873365314,0.08305849429283375,0.032356573135042935,0.1154150674278866,9.908740494779522e-15,0.827890625,0.827890625,0.0,0.827890625,0.10000000149011612,0,0.10000000149011612,1.0,0.3370549344365387,0,28,625,ref,9186,0.9186,4.2820234298706055,1.7949455976486206,,,f88c1d957f58c6afa2c1c1a0919248cb46bb4fc1188466f8efd848bd39e8bfa2,,30.851518442039378,1094832,1092920,10,LR,11
-2.115134696586184,1.842503054983055,3.2712217440313798,0.18654296875,-2.0011041698791288,1.3788749625318368,2.00869977607854,0.15302001953125002,0.6533704346405886,1.263591756674643,-0.015666029018057706,-0.02029330468075884,0.013333538702965454,4.350654956848036,0.04340146139962599,0.1271227026086519,-2.035400265333142,1.3576190355003332,0.7941717681213305,1.6997722430845001,0.2678886730871454,0.2390659749507904,0.9187999963760376,0.2678886730871454,0.0818203385504738,0.04109285958606383,0.12291319813645359,8.404388296412435e-14,0.81345703125,0.81345703125,0.0,0.81345703125,0.10000000149011612,0,0.10000000149011612,1.0,0.40761295618861026,0,29,625,ref,9188,0.9188,4.443331718444824,1.3963966369628906,,,81f25582134fec17e3ab5f27b00162aae0e402477b10f6da7b6e34b228447350,,31.642553968937136,1033708,1092920,10,LR,11
-2.1441678760457474,1.8390849480153082,2.821433739604243,0.173046875,-2.0614478783518186,1.4004079855677085,2.1193400430781377,0.14759277343750002,0.6903925768918182,1.2934399100131002,-0.022689960863111747,-0.02087420009618165,0.0136849559771962,4.412719980166912,0.04135067246155813,0.12663665304341717,-2.096956709541691,1.3916587124978446,0.8236864317247505,1.714754297311051,0.2557421887322562,0.21740928292274475,0.9164000153541565,0.2557421887322562,0.07826531040977999,0.03764702898910634,0.11591233939878051,1.0581813203458523e-13,0.826953125,0.826953125,0.0,0.826953125,0.10000000149011612,0,0.10000000149011612,1.0,0.47349749833729216,0,30,625,ref,9164,0.9164,3.2037417888641357,1.186303973197937,,,380e07c6c82ace5708cea40f1dca108b20406276ac06307b49530f1e103b891c,,32.96615530003328,1018584,1092920,14,LR,11
-2.342899882040641,1.9035346480124646,2.9819686957750213,0.16140625,-2.1321921383776714,1.4259296154690546,2.1531721883113186,0.14185791015625,0.7398522216965023,1.3309663013392459,-0.03754325476402245,-0.021689169040866426,0.014043595647420271,4.481846283921312,0.037214972946821946,0.12418844799550698,-2.184576044476864,1.4221982764736965,0.8076874324091285,1.7327876915955602,0.24526562624960208,0.23879502713680267,0.9132999777793884,0.24526562624960208,0.07215780463166434,0.0374791556986466,0.10963696033026529,4.564404409990175e-14,0.83859375,0.83859375,0.0,0.83859375,0.10000000149011612,0,0.10000000149011612,1.0,0.37906992429858977,0,31,625,ref,9133,0.9133,3.7450177669525146,1.4478882551193237,,,f59fe46812c90255aafd4dfc1ce4fb9306b915d5aa0a78720d1dcffe5c374f9b,,33.693209938006476,1064216,1092920,14,LR,11
-2.4604967029312657,1.9103067547122548,3.6730475716901787,0.15400390625,-2.2799763154809227,1.469717199834215,2.3861340753797657,0.13423828125000004,0.8276559781954811,1.3650892603969118,-0.03267659110386728,-0.0230049291868339,0.014752964918461543,4.546240240063837,0.034507644914556296,0.12500252649954777,-2.3220669627834494,1.500531661254026,0.8093928904907257,1.751823266044376,0.23860351688563242,0.23022329807281494,0.9172999858856201,0.23860351688563242,0.0651325662363484,0.04039966293308584,0.10553222916934286,9.13852327144582e-14,0.84599609375,0.84599609375,0.0,0.84599609375,0.10000000149011612,0,0.10000000149011612,1.0,0.4102412049894133,0,32,625,ref,9173,0.9173,3.6673951148986816,1.5142669677734375,,,62fcceb2c813063a254b2e62ad4d0cf866c4940f6fb9e5e7ece632373e1c8465,,34.36239836597815,1094848,1092920,14,LR,11
-2.3924127303003453,1.9714861022675343,4.044314032539976,0.17650390625,-2.24624898453054,1.4795285180900395,2.466343425766317,0.1465478515625,0.8279155086612845,1.4047242107182718,-0.04363508353784791,-0.02284367229454974,0.015009249720215433,4.6067727309800475,0.03506611182936467,0.12569595898908742,-2.304989692677079,1.5319564502528398,0.8203066407388191,1.7624523499099265,0.2588535168521048,0.26339977979660034,0.9107999801635742,0.2588535168521048,0.07661693890950104,0.04111678533671701,0.11773372424627995,6.189493362285248e-14,0.82349609375,0.82349609375,0.0,0.82349609375,0.10000000149011612,0,0.10000000149011612,1.0,0.3748305648846535,0,33,625,ref,9108,0.9108,3.837158441543579,1.5210272073745728,,,4ca88a9985da5b4a231e6503566343a089a8f023f2a8f8765701c3b7ffd35188,,35.131031797034666,1033732,1092920,14,LR,11
-2.2136156882210085,1.896248736121555,3.498235075920965,0.1795703125,-2.3166902757514496,1.5019689542676349,2.5271111940580195,0.14052001953124998,0.863160617333419,1.4386359382882774,-0.04588581603788445,-0.02342998834977345,0.015164160790029198,4.661664787187613,0.032310659687500444,0.12660655681577315,-2.3678060785694632,1.5460426266107328,0.8266353511559206,1.7728992596683089,0.2616132824725355,0.24536080658435822,0.9164000153541565,0.2616132824725355,0.07076963401248179,0.04856346604097066,0.11933310005356354,1.1109169140155473e-13,0.8204296875,0.8204296875,0.0,0.8204296875,0.10000000149011612,0,0.10000000149011612,1.0,0.41936881011216376,0,34,625,ref,9164,0.9164,3.182276487350464,1.239382028579712,,,b8e197735e3ce83a27e701164cc422306b03d1e362760e300cb2545653ba3ece,,35.869353713002056,1018604,1092920,14,LR,11
-2.290337504392982,1.9363390635899471,3.264126935657731,0.17533203125,-2.335113580943911,1.5228317167596894,2.6760646671297947,0.14228515625000002,0.8768446471853976,1.4790176881370671,-0.03684589775320228,-0.023458607268723952,0.015522832855377368,4.71978274059254,0.031892989665502684,0.12901657626274912,-2.371155408026306,1.5854918175728139,0.8677656896066694,1.7915382067758627,0.257798829353851,0.21176767349243164,0.9136999845504761,0.257798829353851,0.07405979551586907,0.043058679251185145,0.11711847476704258,1.1629586182948515e-14,0.82466796875,0.82466796875,0.0,0.82466796875,0.10000000149011612,0,0.10000000149011612,1.0,0.4293825838462611,0,35,625,ref,9137,0.9137,3.9853262901306152,1.4433225393295288,,,b97cfca66e63e876439795485866a27f048321b32029f209079e75862a223aec,,36.64898362394888,1064232,1092920,14,LR,11
-2.250811449840934,2.0077459016031938,3.483229468542774,0.181875,-2.285565751434407,1.5276036351377473,2.722401888053939,0.15021240234375,0.8571193133097545,1.5182021445741243,-0.0417485917978188,-0.022978223993992977,0.01566734425386486,4.783316249332577,0.03154311416787095,0.13119018543257713,-2.3222958720104376,1.606755266243345,0.8729564913921495,1.806805566965224,0.26368750121910123,0.22030772268772125,0.9229999780654907,0.26368750121910123,0.07942050220893321,0.041104649735713504,0.12052515194458042,6.629419235792966e-14,0.818125,0.818125,0.0,0.818125,0.10000000149011612,0,0.10000000149011612,1.0,0.3896054010105347,0,36,625,ref,9230,0.923,3.9979000091552734,1.5497208833694458,,,99fe0a53ae5d92620b2c60496422252bd99b2b129dc46c438ceda6ace2ccd316,,37.63076408498455,1094856,1092920,10,LR,11
-2.234349910934569,1.9332514757435415,3.6758658603411005,0.18892578125,-2.276329012264978,1.5321714905414265,2.752334371742072,0.1491650390625,0.8507045779629905,1.5401866579508698,-0.043341759485923996,-0.022858880076649032,0.015657183605609946,4.835821405773569,0.028196610287050134,0.13350486798246547,-2.313417046140759,1.6188444555890356,0.8668954498235775,1.8154241108064695,0.2700332043335948,0.19582650065422058,0.9212999939918518,0.2700332043335948,0.08061577007301723,0.0435028221635328,0.12411859223651135,3.867739462037889e-14,0.81107421875,0.81107421875,0.0,0.81107421875,0.10000000149011612,0,0.10000000149011612,1.0,0.4432804851955923,0,37,625,ref,9213,0.9213,4.233574390411377,1.5029773712158203,,,54459699e90a066438533ecf673a06c33e9792e7cf4cbc74332572e81ce888c7,,38.494391044951044,1033736,1092920,11,LR,11
-2.4836056293831605,1.9405333957360826,3.97510214980415,0.1607421875,-2.319365373147414,1.5521343652899733,2.662479482911079,0.14804443359375,0.8643424636821213,1.5752094443123896,-0.03043082008040265,-0.0230829641618529,0.015721303704341646,4.893778028906014,0.02861873851681594,0.13046934084001785,-2.335949601270023,1.6204284542810292,0.8421678003902668,1.8322809538741285,0.2446679700005916,0.21090705692768097,0.9197999835014343,0.2446679700005916,0.06823442894275179,0.041037921388156165,0.10927235033088437,2.3592239273284576e-14,0.8392578125,0.8392578125,0.0,0.8392578125,0.10000000149011612,0,0.10000000149011612,1.0,0.3723218528796177,0,38,625,ref,9198,0.9198,4.193053245544434,1.705022931098938,,,4d14eeec4dc1a261fa24c6abd3014b534effa2f371a2ea4fca7dd80d6a897e20,,40.12226997304242,1018612,1092920,18,LR,11
-2.4876834062222444,2.042543637729669,4.266067535715039,0.18146484375,-2.3586557165342317,1.5776708213682538,2.759433187352517,0.1517236328125,0.8832095498586855,1.6212766418564066,-0.015440971118312172,-0.023279654461176812,0.015970784923651705,4.956924815046701,0.026093488759361207,0.12797904694280426,-2.358623374902636,1.6420655854545088,0.8262483634388107,1.8550949003999806,0.2633183605947124,0.21900618076324463,0.9153000116348267,0.2633183605947124,0.0797304505569059,0.04058318597324959,0.1203136365302644,1.0889900092792004e-13,0.81853515625,0.81853515625,0.0,0.81853515625,0.10000000149011612,0,0.10000000149011612,1.0,0.3483553841889507,0,39,625,ref,9153,0.9153,4.207032680511475,1.5358972549438477,,,14c4182d0fe41e0fa81a5bb106f79e31e644ee4dc619f6bca8b5e5770f3eb8dc,,43.05422387900762,1064244,1092920,9,LR,11
-2.671167532390424,2.026656434190903,4.061514611478873,0.15515625,-2.4797179164394105,1.6084295558158819,2.7423832426425196,0.14174560546875,0.9476030376912415,1.6523679197650418,-0.012925321434209137,-0.024415018169773664,0.01609421799945379,5.012631473395075,0.0222752146149287,0.12721116092413706,-2.4787458230113355,1.6507094556109891,0.8381043787446905,1.8702324132214132,0.2396406262589153,0.2747894525527954,0.9052000045776367,0.2396406262589153,0.06693419701346358,0.0392428609845543,0.1061770579978993,1.1858569681777453e-13,0.84484375,0.84484375,0.0,0.84484375,0.10000000149011612,0,0.10000000149011612,1.0,0.4859729513878446,0,40,625,ref,9052,0.9052,3.878706693649292,1.4603291749954224,,,e4ee664321e85a59e570c0abb424a6536b9b68d80b8a51610207afa8703f12bc,,43.909389280946925,1094884,1092920,9,LR,11
-2.5748018169591216,2.0588075622040467,3.9509673265233345,0.1573046875,-2.548736569572088,1.6210218540209362,2.4820478071606824,0.12959472656249998,0.9662570477693176,1.6864913695655284,-0.025036566121372644,-0.025103851672536672,0.01554821452217944,5.066145034122023,0.016411191325751133,0.12555042255521415,-2.5551724430535607,1.590297847591221,0.8668776010022945,1.8864564063333713,0.24157422000571388,0.1995631456375122,0.9172999858856201,0.24157422000571388,0.07058016105168341,0.03679337605309028,0.10737353710476777,5.9119376061289586e-15,0.8426953125,0.8426953125,0.0,0.8426953125,0.10000000149011612,0,0.10000000149011612,1.0,0.40087180753042123,0,41,625,ref,9173,0.9173,3.9274017810821533,1.4409340620040894,,,fb548a4cd4aab9df1816ea59ec9c547bffeca17579118ccccb82288d92b609f4,,44.88543840299826,1033772,1092920,9,LR,11
-2.687377816175413,2.08407961350089,3.9897490138029252,0.1536328125,-2.5668710101559635,1.6375482185249166,2.565718344376506,0.13230957031249999,0.9851414288182471,1.7191738277906032,-0.022751088614722352,-0.025373047751833848,0.015658865110470887,5.119556465090504,0.014673093909514136,0.12581069731194044,-2.5844863977920043,1.603750442966133,0.884295119769722,1.8986912691713127,0.23826953251118538,0.22791428864002228,0.9083999991416931,0.23826953251118538,0.06914558006278151,0.03617853444135675,0.10532411450414232,4.066191827689636e-15,0.8463671875,0.8463671875,0.0,0.8463671875,0.10000000149011612,0,0.10000000149011612,1.0,0.4396178034035204,0,42,625,ref,9084,0.9084,4.293518543243408,1.6222336292266846,,,2382a47ffeb53a0cd7025eac5364549a215d1940853c33c230099e537c68e612,,45.813620712957345,1018644,1092920,9,LR,11
-3.016875122189006,2.1683717290748787,4.9637834240799315,0.1425,-2.7154033303541847,1.6827713512002658,2.8817012031214664,0.12895019531250002,1.0810426154391566,1.7571275572343454,-0.006450752253134993,-0.026623328740543472,0.016331907565510326,5.169274293913718,0.009547362028388306,0.12631183513840108,-2.7176881783560756,1.6752840944165344,0.901755211362103,1.9183313171682244,0.22825000127777456,0.22815661132335663,0.911300003528595,0.22825000127777456,0.06392549493602416,0.035051442236226686,0.09897693717228327,3.2432390106862385e-14,0.8575,0.8575,0.0,0.8575,0.10000000149011612,0,0.10000000149011612,1.0,0.4490097162435325,0,43,625,ref,9113,0.9113,3.8669161796569824,1.398566484451294,,,0969c10a4592d7a30379ace8831a896956e05b41257735f86a186a3b3e3b4011,,46.65040289796889,1064276,1092920,9,LR,11
-2.811357170288543,2.118758073520771,4.400600024534822,0.16021484375,-2.829157891042669,1.7132301037336592,2.9971295444597015,0.12472412109375,1.1477572536648006,1.7923723701621628,-0.004972235487718955,-0.027607343500454126,0.016539973132201687,5.2204030752118395,0.004427898513386026,0.1258332943451678,-2.823607960705905,1.701846563850157,0.8977100287306237,1.9334967086576222,0.2441933606263774,0.20147940516471863,0.9121000170707703,0.2441933606263774,0.0744147637764124,0.034567534412359054,0.10898229818878077,9.325873406851315e-15,0.83978515625,0.83978515625,0.0,0.83978515625,0.10000000149011612,0,0.10000000149011612,1.0,0.41566742987932764,0,44,625,ref,9121,0.9121,3.86844539642334,1.5135645866394043,,,3496ed1d650d7a4b37e273baee2325ec3b7cdbabb7c1d4cf7daae5d30fca3140,,47.482352743973024,1094904,1092920,9,LR,11
-2.6425396244708015,2.102748465021527,3.7116370790317617,0.1577734375,-2.7554805433866822,1.7009504929149177,2.8361401942552997,0.12513427734375,1.0792093641071354,1.8241449909987142,-0.01012177575834858,-0.026726789093272016,0.01611078076159109,5.273506897254532,0.002062676746863872,0.12431895919947816,-2.735771115784496,1.6516650206359913,0.9042732744193112,1.9495352926059653,0.24199609500501537,0.23747572302818298,0.9122999906539917,0.24199609500501537,0.06768059441089433,0.03995299896743232,0.10763359337827605,5.059841434729151e-14,0.8422265625,0.8422265625,0.0,0.8422265625,0.10000000149011612,0,0.10000000149011612,1.0,0.5097881892142592,0,45,625,ref,9123,0.9123,3.709423542022705,1.4468579292297363,,,08e7827c10184ae51a2f65a40b03ec21dd9d9ed7361ef39b975e261b1e6a4fcf,,48.284474426996894,1033784,1092920,9,LR,11
-2.8588621220454424,2.21719062554337,5.235207908694559,0.17296875,-2.74376728686699,1.7152471376255956,3.1418206602425163,0.13416015625,1.0992472006135545,1.865755541675564,-0.02292999915632015,-0.02661067103261959,0.01684733933010579,5.326767982618799,0.003963608077028767,0.1266300751869806,-2.7219753044046566,1.7398218644411692,0.9290178995012777,1.9689119201877678,0.2556718762323726,0.21180228888988495,0.9128000140190125,0.2556718762323726,0.07178621268343192,0.04408474176686093,0.11587095445021993,7.292777493006497e-14,0.82703125,0.82703125,0.0,0.82703125,0.10000000149011612,0,0.10000000149011612,1.0,0.4994063606953568,0,46,625,ref,9128,0.9128,3.4328911304473877,1.349665641784668,,,ab0c1d795886573860906da558214ef514edf30c4872e0c17ed3c43988d9a6a3,,49.17965692398138,1018660,1092920,9,LR,11
-2.7665240475498307,2.154697303289693,5.180181119590378,0.16578125,-2.830013177547855,1.7507609596589462,3.4457413758325965,0.13232177734375,1.183516881246539,1.900203667356555,-0.01855661073718119,-0.027430598604374187,0.017764230180305943,5.374927955656835,-0.00037143032706808297,0.12598486067640646,-2.8103019291360103,1.83414087192622,0.8353372677194111,1.977675112394696,0.2492031262430828,0.24001608788967133,0.9090999960899353,0.2492031262430828,0.06649320580398638,0.045528033815304327,0.1120212396192933,2.609024107869118e-15,0.83421875,0.83421875,0.0,0.83421875,0.10000000149011612,0,0.10000000149011612,1.0,0.4506737538202521,0,47,625,ref,9091,0.9091,3.82528018951416,1.5055588483810425,,,2381d4bf1184c65845b91c885ec5e4880abeb1f04dc1af3e38efccced424efbf,,50.00816461502109,1064292,1092920,9,LR,11
-2.906554808352971,2.1249043855336596,5.25672349884189,0.1638671875,-2.8412983697870824,1.76324466966234,3.4054838020539386,0.13183837890624997,1.1860117480545853,1.943330120624052,-0.020310103585982578,-0.02755236095292754,0.01763871841654947,5.423977209695028,0.0027663522539660337,0.12773619942316408,-2.8196372151066806,1.8236631679069404,0.8597360778897472,1.9956951512857797,0.24748046999593498,0.2382584512233734,0.9125999808311462,0.24748046999593498,0.066017484064839,0.04496444877993912,0.11098193284476611,1.2004286453759505e-14,0.8361328125,0.8361328125,0.0,0.8361328125,0.10000000149011612,0,0.10000000149011612,1.0,0.5103272282585934,0,48,625,ref,9126,0.9126,3.3114094734191895,1.437674641609192,,,506782b00f7ef7710403446f8940cc4d7b7a1d56ca06eeb99d13e605f71e1282,,50.82478385104332,1094916,1092920,9,LR,11
-2.980449689941551,2.2284032665591895,4.311800327458759,0.15162109375,-2.8095694230569244,1.7640332884463439,3.2289022550497823,0.13274169921875,1.1343204540215261,1.991807767014775,-0.014314778289479945,-0.027042883641496315,0.01709658454039422,5.4835847144418475,0.002276637987233698,0.1285349469329612,-2.767937188402413,1.7637378564655948,0.9296403464245184,2.007987467660397,0.23645898563918308,0.20524592697620392,0.9162999987602234,0.23645898563918308,0.07420186933742011,0.029990161838405104,0.10419203117594483,1.1962653090336062e-13,0.84837890625,0.84837890625,0.0,0.84837890625,0.10000000149011612,0,0.10000000149011612,1.0,0.39195015489355345,0,49,625,ref,9163,0.9163,3.2943503856658936,1.4951766729354858,,,755559b948446e51b0e89345cd4167620837bfcfc725e44f58b590cd09c47989,,51.65634073398542,1033796,1092920,9,LR,11
-2.9032478344921953,2.1917050001137097,5.6139233726031295,0.16849609375,-2.8469676428616104,1.7835459924749921,3.4250360632638417,0.13326904296875,1.1806147412962247,2.0289739355919347,-0.028552369614554617,-0.027488981971181544,0.01759950547143256,5.532152771226143,0.002960424164775759,0.1281591256448022,-2.8129507389884356,1.8125250538845927,1.031897939594372,2.0183246450635384,0.25164648561403735,0.2499101608991623,0.9140999913215637,0.25164648561403735,0.07135495467399572,0.04213022466441583,0.11348517933852721,1.156713613781335e-13,0.83150390625,0.83150390625,0.0,0.83150390625,0.10000000149011612,0,0.10000000149011612,1.0,0.524616784567322,0,50,625,ref,9141,0.9141,3.3110885620117188,1.3446650505065918,,,467fec88fe4138645318161eb5eb16b87b338cfc41c4d57f612026d977be76ef,,52.456314440933056,1018672,1092920,8,LR,11
-3.020653221518771,2.253413302366583,6.0627133318571556,0.1665234375,-2.8903756026450607,1.7991869602476416,3.5116720743674907,0.13438476562499999,1.2062744163777048,2.061241392470518,-0.03044209092307516,-0.02788830380487579,0.01762908176562268,5.58744577157554,4.4083899701945484e-05,0.12864166370117835,-2.856772734121677,1.8176083059036043,0.9983800463427057,2.0379266600106174,0.24987109499197685,0.20369809865951538,0.9178000092506409,0.24987109499197685,0.07203593878734132,0.0403867004735645,0.11242263926088096,2.4855117963795692e-14,0.8334765625,0.8334765625,0.0,0.8334765625,0.10000000149011612,0,0.10000000149011612,1.0,0.5109783553247241,0,51,625,ref,9178,0.9178,4.86176061630249,1.614524245262146,,,05c233524e718a4f76607ae759d431e5283ffca7c93c155674fd7d1c5aadaec0,,53.34851876599714,1064304,1092920,8,LR,11
-2.983384874160971,2.1880730631005547,5.257439794567082,0.15515625,-2.9143911568902157,1.8214846570750467,3.938340432707843,0.14121826171875,1.2594767065369925,2.0911394070850826,-0.032809757662275264,-0.028165822966465245,0.018526688192362313,5.637037861854297,-0.0010599052009638398,0.12995181068528858,-2.8863051788824294,1.9132108791243974,1.0440057975635288,2.054302816875625,0.2396406262589153,0.23921774327754974,0.9093000292778015,0.2396406262589153,0.06940266014005522,0.0367743978579627,0.10617705799790085,1.1707301794672276e-13,0.84484375,0.84484375,0.0,0.84484375,0.10000000149011612,0,0.10000000149011612,1.0,0.5059119019958168,0,52,625,ref,9093,0.9093,3.5554122924804688,1.2890164852142334,,,0a15ccb58115057729a0da3135553c368f3172370591004015b542a50b6c9855,,54.16341497004032,1094940,1093048,8,LR,11
-2.849526068229338,2.179361840095233,5.404428267211805,0.16556640625,-2.8339840505027176,1.8134778462385883,4.01983733785733,0.14674804687499998,1.2224886777944175,2.1212386794985583,-0.05502545849482657,-0.027368622183958816,0.01881840274818744,5.686048982232403,-0.001295434184721671,0.13026226069891902,-2.804877204099924,1.9456507258205598,0.995978223448597,2.0623546393514394,0.24900976686840295,0.26229313015937805,0.9086999893188477,0.24900976686840295,0.07254802870568955,0.03935684973463467,0.1119048784403957,7.148448499805227e-14,0.83443359375,0.83443359375,0.0,0.83443359375,0.10000000149011612,0,0.10000000149011612,1.0,0.44829713653689657,0,53,625,ref,9087,0.9087,4.201480865478516,1.7199064493179321,,,29be64bb0c824b62fd48a4b05874d3197c100019941f7484fc42d11b879022bd,,55.02828451001551,1033824,1093048,8,LR,11
-2.8090999727210306,2.2534185724254887,5.510849464727512,0.17884765625,-2.828505180562603,1.8261092521906142,3.984167835566427,0.15022216796875,1.2034273109815725,2.1703304908755467,-0.039082800920955514,-0.027186086259298952,0.018624969773197587,5.73436979525198,-0.002457668180577457,0.13011856539409522,-2.787340857389333,1.9288272152655,1.035945656859509,2.074028165937596,0.2609628918486123,0.21500767767429352,0.9061999917030334,0.2609628918486123,0.07643086484395509,0.04252668416627684,0.11895754901014109,9.083012120214562e-14,0.82115234375,0.82115234375,0.0,0.82115234375,0.10000000149011612,0,0.10000000149011612,1.0,0.4457247631587191,0,54,625,ref,9062,0.9062,4.579411506652832,1.5845272541046143,,,4e7b2b95292cd3ad30c723e901d932d7385d6534ede2ad29a8b27847f7b53066,,55.8345408589812,1018696,1093048,8,LR,11
-2.89135490000022,2.2071700587049823,4.848476770481473,0.162109375,-2.8905261767015817,1.8407802452545743,3.9078147686956504,0.14634521484375002,1.233442606415129,2.2127883694635058,-0.057759064559144646,-0.02782017642699903,0.0184145695256409,5.7840246532376,-0.004130061828764155,0.13041240691855424,-2.853968060333267,1.9060566929816471,1.1346042743560014,2.084097909718925,0.24589843874855433,0.23557284474372864,0.9135000109672546,0.24589843874855433,0.07042677817865617,0.03959546114207817,0.11002223932078391,4.957145804951324e-14,0.837890625,0.837890625,0.0,0.837890625,0.10000000149011612,0,0.10000000149011612,1.0,0.4872519796897732,0,55,625,ref,9135,0.9135,3.684717893600464,1.6139923334121704,,,00a1c6dc570952db890cc9a38b447ed0f2ec91d7a312ad906a5135dd617f485c,,56.60287610895466,1064324,1093048,8,LR,11
-2.926845656834971,2.2471905876743645,4.716436346903685,0.15810546875,-2.9366201415916287,1.8479019402135166,3.408049692844864,0.13312744140625,1.22131491786526,2.2562297006356755,-0.06280303785605662,-0.028477587928471132,0.017062870423149048,5.835547349235096,-0.007237545480020344,0.13333384029304723,-2.9244193396813354,1.7719109114592677,1.0836646808312458,2.0906864546453807,0.2422949231295206,0.22185342013835907,0.9161999821662903,0.2422949231295206,0.07298005919131946,0.03483752534774435,0.10781758453915191,8.809619700400617e-14,0.84189453125,0.84189453125,0.0,0.84189453125,0.10000000149011612,0,0.10000000149011612,1.0,0.45225581484932337,0,56,625,ref,9162,0.9162,4.191176414489746,1.4619053602218628,,,995e8e1af94cf0eab8740c1dee24df292394dc102eb0321fb6fa5f47986a65a0,,57.44442772201728,1094952,1093048,8,LR,11
-2.976673680666262,2.3467270763570776,5.641606863090015,0.17103515625,-2.9945927956567884,1.880690012620537,3.65394740776605,0.13380859375,1.281318859588975,2.3069511562162934,-0.05127509223463282,-0.02905717584990066,0.01766189822553822,5.88363786871014,-0.009272596938535571,0.13559006630667364,-2.985826109586652,1.83923155683493,1.2300051283265196,2.10819779273041,0.25393164186025385,0.22376754879951477,0.9154000282287598,0.25393164186025385,0.07253566908658984,0.042307857110116684,0.114843526196657,4.9529824686089796e-14,0.82896484375,0.82896484375,0.0,0.82896484375,0.10000000149011612,0,0.10000000149011612,1.0,0.4900196051130903,0,57,625,ref,9154,0.9154,3.2092809677124023,1.5535351037979126,,,be2846d5275ecaf75ca7d21e759b8076957d8b7cf53bc53c154ae6ca9c19b36e,,58.28970196202863,1033832,1093048,8,LR,11
-3.097477251535318,2.346669165401455,5.974223159501694,0.1582421875,-3.098918914982809,1.918579126554865,3.9630409121353036,0.12681884765625,1.3745463995102036,2.360544010086167,-0.05414454474434172,-0.0299782723054515,0.01848496246508065,5.932431527510054,-0.010252611951436848,0.13551175817802386,-3.0811612300103546,1.9218009594358392,1.2111881125309638,2.1155747598882204,0.2424179700043169,0.2169032096862793,0.9139999747276306,0.2424179700043169,0.0708221623936555,0.037071131301193994,0.1078932936947626,8.690270725253413e-14,0.8417578125,0.8417578125,0.0,0.8417578125,0.10000000149011612,0,0.10000000149011612,1.0,0.501450500835793,0,58,625,ref,9140,0.914,3.3938753604888916,1.2583950757980347,,,293c445daeb7e084618d4f4dfd239061fd3f0b41469d360cdb2b4c084ac6ec90,,59.15176832000725,1018708,1093048,8,LR,11
-2.9842057851562283,2.3550493499105727,5.922316032408254,0.1733984375,-3.081169134911587,1.922337248767038,3.9838186495218726,0.13033447265625,1.3576914495147059,2.3891622944262427,-0.05147324594372327,-0.02971995249884948,0.018490677776367762,5.977280536223003,-0.010501479844097049,0.13495010131869387,-3.054948382156801,1.918540065552928,1.1458618801186031,2.1197283490871026,0.25605859498173233,0.2240762859582901,0.9139999747276306,0.25605859498173233,0.07263606009272715,0.0434623892146005,0.1160984493073396,1.1948775302528247e-14,0.8266015625,0.8266015625,0.0,0.8266015625,0.10000000149011612,0,0.10000000149011612,1.0,0.41333956398054095,0,59,625,ref,9140,0.914,4.3462724685668945,1.5652647018432617,,,6584f43b0df445a42ec67b47420ffb61b2e55ebe51d0d552ab969ef190c4b84d,,59.939401541952975,1064340,1093048,8,LR,11
-2.929669360128394,2.340126507940755,5.1607946900711825,0.16412109375,-3.0692595983152655,1.91796794786229,3.6983320540930253,0.12802734375,1.3205786176549612,2.4138137503326402,-0.055791318960518164,-0.029618845898853805,0.017731725520615402,6.022338058423873,-0.010437844463449437,0.13936722642841168,-3.0445276079088512,1.8463590044880325,1.1386444051107012,2.1299079866289605,0.24770898562055663,0.21923083066940308,0.9150000214576721,0.24770898562055663,0.07084017653849331,0.040279964965952854,0.11112014150443876,7.396860901565105e-15,0.83587890625,0.83587890625,0.0,0.83587890625,0.10000000149011612,0,0.10000000149011612,1.0,0.44018720344275497,0,60,625,ref,9150,0.915,4.421635150909424,1.6604843139648438,,,835c678a9767c4191033fc7f5e6ea9bdeb9de056615bee2c8f474a3267144d65,,60.79141167504713,1094972,1093048,8,LR,11
-3.0396245987127446,2.42528739937166,5.291658672940047,0.158828125,-3.0253283564746614,1.9232060843458516,3.579974569101826,0.12845458984375,1.2805265610308934,2.468618205951489,-0.050423124117479706,-0.029052382023121343,0.017649539537293174,6.075939981116026,-0.009324269944336265,0.13873630590261815,-2.9853867134667835,1.8334449549677796,1.1593365614899005,2.143878340405343,0.24294531375344378,0.2381228506565094,0.9129999876022339,0.24294531375344378,0.06725047966622485,0.04096693885970466,0.10821741852594297,1.3447576385772209e-14,0.841171875,0.841171875,0.0,0.841171875,0.10000000149011612,0,0.10000000149011612,1.0,0.4618017297665233,0,61,625,ref,9130,0.913,3.36777663230896,1.6276097297668457,,,3550620784ad934f443d2d2e9d8ee9d016cb7c6952ad1ac08dcfcc8d97aa7f88,,61.65316870203242,1033848,1093048,9,LR,11
-3.130719209221052,2.3686318196404885,5.538731373639153,0.152265625,-3.146857894042057,1.9512174610452473,3.548824761712228,0.116533203125,1.3539897798596165,2.5113575774446932,-0.05809777701644957,-0.03019400975977822,0.017611420418449278,6.118146718226402,-0.011931341668241658,0.13941118943968916,-3.1049396324828025,1.8294608005646749,1.2646239931940344,2.1583639807308304,0.23703906376322265,0.2693943381309509,0.9004999995231628,0.23703906376322265,0.0655631444667341,0.03899230678616528,0.10455545125281938,8.000544671205034e-14,0.847734375,0.847734375,0.0,0.847734375,0.10000000149011612,0,0.10000000149011612,1.0,0.5107712766150083,0,62,625,ref,9005,0.9005,3.5050032138824463,1.4649925231933594,,,eb1fa28899e70dc21ccd9c3f1fc145a556cbc8ece32e9ce76c59f63a0d0d32ac,,62.510020817047916,1018724,1093048,8,LR,11
-3.1223730743935256,2.390261349356638,5.230728074243821,0.15416015625,-3.2459504552860756,1.9731855556697468,3.325146815971765,0.10921142578125,1.4060700829267814,2.546834107657544,-0.05944295348059768,-0.03127757514144502,0.017045554036475584,6.1626540135689165,-0.014909920853679069,0.14030453193539494,-3.218916278364223,1.768496403879697,1.2449790201420061,2.1639264729243273,0.23874414188539958,0.2560747563838959,0.906499981880188,0.23874414188539958,0.06820547653501075,0.03741431311997335,0.10561978965492164,6.245004513516506e-14,0.84583984375,0.84583984375,0.0,0.84583984375,0.10000000149011612,0,0.10000000149011612,1.0,0.45050069345539157,0,63,625,ref,9065,0.9065,3.9088242053985596,1.6950092315673828,,,362a77b5a7ae5eb3118d6bb5a7a5736c2bcc1636e9a7c4dcacdff9a669daf932,,63.37193524604663,1064356,1093048,9,LR,11
-3.3560214172992513,2.420732283447609,4.268384988829194,0.12638671875,-3.3324233755035233,1.9911291877702881,3.2834902420026992,0.10471435546874999,1.4703893139450355,2.565347602090916,-0.07114147364518301,-0.03224378387420853,0.016947498151629763,6.210096744483013,-0.020843728131148966,0.1393860070334762,-3.323826394017799,1.7561033155684216,1.1494255082368285,2.1745158138162126,0.21374804817678522,0.25779783725738525,0.9052000045776367,0.21374804817678522,0.06233274172169386,0.02710188200177788,0.08943462372352934,5.759281940243e-14,0.87361328125,0.87361328125,0.0,0.87361328125,0.10000000149011612,0,0.10000000149011612,1.0,0.40430220500729147,0,64,625,ref,9052,0.9052,3.9477131366729736,1.646195650100708,,,f89569f7eee6af7cbae20ef17d2e3b5640269cf310e1c4e0c00fd8a812bc5560,,64.22323062003125,1094984,1093048,9,LR,11
-3.0676404101130066,2.3747395231917503,5.1679327776082395,0.162890625,-3.320165775476905,1.998718588670351,3.5305291306626856,0.10954589843750001,1.4715051133887067,2.5936079934013656,-0.07023711009367455,-0.032078560742369706,0.01728734017202842,6.255326111199231,-0.02002624706539791,0.14358029413236925,-3.306083816859227,1.8004207285437286,1.1782806154650682,2.191425056384801,0.24660156374739017,0.2523798644542694,0.907800018787384,0.24660156374739017,0.07265120062612426,0.037798187130695625,0.11044938775668638,1.335181964989829e-13,0.837109375,0.837109375,0.0,0.837109375,0.10000000149011612,0,0.10000000149011612,1.0,0.4661163631116779,0,65,625,ref,9078,0.9078,3.5239336490631104,1.4372453689575195,,,d2f1ac2ad7a866a6c82bb494c2d4710c1898a270be9d622c307a6e3775425294,,65.0385380720254,1033864,1093048,9,LR,11
-3.1152849776029283,2.437231893524356,5.295561646561736,0.15689453125,-3.2658855045253388,1.9983199690874105,3.5619309371575953,0.11300537109374999,1.4315168210103284,2.633786156404568,-0.07202027856138814,-0.03153027774456036,0.017252314062403757,6.301496439356327,-0.020602437376073795,0.14599033514626053,-3.250495096598932,1.8044953132650552,1.177203162233066,2.20286866690034,0.24120507938132504,0.27866536378860474,0.9039000272750854,0.24120507938132504,0.07323454374858226,0.033911152120831435,0.1071456958692932,1.2048695374744511e-13,0.84310546875,0.84310546875,0.0,0.84310546875,0.10000000149011612,0,0.10000000149011612,1.0,0.380773750656435,0,66,625,ref,9039,0.9039,4.6561689376831055,1.643448829650879,,,a999ec5441d10865e5a39df495fddc24b6c4e3bcc7ed83b91924355022136ae9,,65.90891298197675,1018740,1093048,9,LR,11
-2.860866528014902,2.387856704336376,5.2810005007767975,0.16740234375,-3.11027113795326,1.9894404719491083,3.8701515487802753,0.12741943359375,1.3451450738481268,2.681277104236388,-0.06854878665542379,-0.029952191418462205,0.01779677277500135,6.347115949546037,-0.019004362609703094,0.1478781930478426,-3.087241311674291,1.8672902259319397,1.229646559414776,2.210452477262307,0.2506621106156672,0.264462947845459,0.9071000218391418,0.2506621106156672,0.07087558684721396,0.04202124001511851,0.11289682686235487,2.2412627309620348e-14,0.83259765625,0.83259765625,0.0,0.83259765625,0.10000000149011612,0,0.10000000149011612,1.0,0.4388880000096546,0,67,625,ref,9071,0.9071,3.629709482192993,1.6755506992340088,,,2e5354742833e6e19516c5dc53b09e80bfcc92d80979cdc3de692096078dc68d,,66.69426400098018,1064368,1093048,9,LR,11
-3.210639382601804,2.3873252891048997,5.814307541304876,0.15552734375,-3.255356502537044,2.027080765472636,4.2905409942120665,0.12240966796875,1.4821146681254636,2.6983357456107,-0.07139398398703532,-0.03134900405912084,0.018833486030000422,6.391080887128416,-0.022436602714296896,0.14752774867590343,-3.233759982254473,1.9745436360888038,1.2184058646480143,2.2189141232896152,0.2399746106333623,0.2716361880302429,0.9049999713897705,0.2399746106333623,0.06381812074509553,0.042566136070443045,0.10638425681547986,5.871692021486297e-14,0.84447265625,0.84447265625,0.0,0.84447265625,0.10000000149011612,0,0.10000000149011612,1.0,0.3838856666078637,0,68,625,ref,9050,0.905,3.734358310699463,1.5568369626998901,,,a1bffb2dfa78cc853343b5a3c95fc17919d0bc0f6d0b194efae7ff2ad0e8bc16,,67.46767362696119,1094992,1093048,9,LR,11
-3.3874249916268173,2.487842966581381,6.685142302792346,0.15015625,-3.342121709263395,2.0558346322217202,4.480388791371502,0.11790771484375001,1.5608694868564386,2.7454528515900423,-0.07986630340426482,-0.032224851844114416,0.019237658960008352,6.434458441772434,-0.02732608849531971,0.14725290191438647,-3.3283693986452225,2.016044580900485,1.0593518234790071,2.2318662094916335,0.23514062626636587,0.2679780423641205,0.9018999934196472,0.23514062626636587,0.06437921655317407,0.03898435707916034,0.10336357363227439,6.002143226879753e-14,0.84984375,0.84984375,0.0,0.84984375,0.10000000149011612,0,0.10000000149011612,1.0,0.5071647398943002,0,69,625,ref,9019,0.9019,3.424990653991699,1.4292385578155518,,,f47f8e0394858c6e10d8c12e474259456244a5439d0bed0cb21c0c38904e7c17,,68.23718397994526,1033868,1093048,9,LR,11
-3.066675549631975,2.4375508474914094,6.370988295305043,0.16666015625,-3.2546415552801204,2.0445616645026248,4.364750352934891,0.12507568359375,1.4916954626934131,2.771510254839902,-0.08297331757957166,-0.03140802519004009,0.018964227220202596,6.480552789353087,-0.02382360886025708,0.14740713149989443,-3.241192983904802,1.9898237254322413,1.2187966399280374,2.242921428209282,0.24999414186677313,0.27323150634765625,0.9010999798774719,0.24999414186677313,0.06892387939518069,0.04357260457296966,0.11249648396824256,9.221789998292707e-14,0.83333984375,0.83333984375,0.0,0.83333984375,0.10000000149011612,0,0.10000000149011612,1.0,0.4459317505973922,0,70,625,ref,9011,0.9011,4.069851398468018,1.5123435258865356,,,1de4a30e0e051468fb497a99d63448daa384690d3c0e8f4ba9bcc098732e3fee,,69.09954851295333,1018744,1093048,9,LR,11
-3.3355854039055077,2.4671927618898977,5.5398781316595445,0.1485546875,-3.3334871132570885,2.0701213595408303,4.535003590228283,0.12770751953125,1.5618816496656418,2.8020895624232645,-0.07856876886172952,-0.032217070148593915,0.019274396628150545,6.524475652881343,-0.030239294117782266,0.15013517238861185,-3.330485464406071,2.025535821377796,1.2312649473834782,2.250158852558968,0.23369922001875237,0.2579720616340637,0.9056000113487244,0.23369922001875237,0.06981683097608608,0.03263698446529117,0.10245381544141306,3.581857033196911e-14,0.8514453125,0.8514453125,0.0,0.8514453125,0.10000000149011612,0,0.10000000149011612,1.0,0.4552138055815819,0,71,625,ref,9056,0.9056,4.795807361602783,1.4632803201675415,,,4b9e43e81328b17c8b2ce5dc6b45e9f8c97f7934657234ecfcabced8b56fe397,,69.88294495502487,1064376,1093048,9,LR,11
-2.913543443501622,2.478250340727618,5.574638556726128,0.17423828125,-3.195121774995795,2.0659916459533076,4.815768552638694,0.13552490234375,1.4994007253118304,2.831074915559885,-0.06215415972285886,-0.03084381489789499,0.020042910761640224,6.572123947409126,-0.031105034379288556,0.14814987834048332,-3.1906779416723934,2.101651367490307,1.1283954703264236,2.259055696465593,0.25681445435548084,0.23440681397914886,0.9013000130653381,0.25681445435548084,0.08156288768462709,0.03497934703306574,0.11654223471774787,5.5039306445792135e-14,0.82576171875,0.82576171875,0.0,0.82576171875,0.10000000149011612,0,0.10000000149011612,1.0,0.46607907147590444,0,72,625,ref,9013,0.9013,3.6006743907928467,1.3988502025604248,,,8c2354c481f8eabd8730ebf153a1c7f4e6accd799c26d547706649cdd0a03cad,,70.85201143997256,1095004,1093048,2,LR,11
-3.072630019748891,2.4854633151628778,5.5933117101282335,0.16037109375,-3.090388047398118,2.059243704570364,4.682964453860182,0.14129638671875,1.408458224108885,2.8714971231474093,-0.03947071244361667,-0.029733643606526403,0.01966985296288986,6.614678231112595,-0.028739428073167803,0.14911566838144458,-3.0745888174981193,2.062238187310735,1.2044625636577972,2.267031530323059,0.24433398562614456,0.2703806161880493,0.9075999855995178,0.24433398562614456,0.07145259566488335,0.037615690865888556,0.10906828653073282,3.9093728254613325e-14,0.83962890625,0.83962890625,0.0,0.83962890625,0.10000000149011612,0,0.10000000149011612,1.0,0.5176433323306476,0,73,625,ref,9076,0.9076,3.638031005859375,1.4015069007873535,,,cb3182366ed572667f18972627e64646c3597107f1dae33301f2879f18dabc94,,71.87541960703675,1033884,1093048,11,LR,11
-3.2765663083725296,2.497284464382894,5.873038982020023,0.15759765625,-3.1653570334199657,2.0864353583799344,5.012343792849125,0.14339111328125,1.497907861307488,2.8971543799731494,-0.04184973658263136,-0.030458019624444155,0.020591771884888765,6.653981494898486,-0.03082572172221262,0.14881002967415985,-3.1508786053803624,2.157989106417324,1.1251044332183264,2.275457622194101,0.24183789188027732,0.2927888035774231,0.8999000191688538,0.24183789188027732,0.06879051910509493,0.03874559488436381,0.10753611398935065,1.080940892350668e-13,0.84240234375,0.84240234375,0.0,0.84240234375,0.10000000149011612,0,0.10000000149011612,1.0,0.43923649022147726,0,74,625,ref,8999,0.8999,3.876492738723755,1.4164880514144897,,,98776695aed1109f110c40fd440d4680938243f28041dc79a71eda41269ab8be,,72.72011265100446,1018756,1093048,11,LR,11
-3.1654128082778445,2.5144784913937617,6.233227677319021,0.1674609375,-3.1420073704738445,2.084677073292474,4.783107905072961,0.1421240234375,1.451430131201352,2.9248426138205468,-0.030394245110624486,-0.03010352184377263,0.02008851658384097,6.694496381498522,-0.0316767577920109,0.1507411387311289,-3.1154156644919557,2.1129526767789564,1.1369943582735451,2.278664906392631,0.2507148449905799,0.2560027539730072,0.9079999923706055,0.2507148449905799,0.07118893409043903,0.04173946078402644,0.11292839487446159,3.8719027983802334e-15,0.8325390625,0.8325390625,0.0,0.8325390625,0.10000000149011612,0,0.10000000149011612,1.0,0.5330637849266516,0,75,625,ref,9080,0.908,3.8464744091033936,1.4461112022399902,,,0ac42953c69618acb5f9dc595d777e10b79fa1ced4d9ca5668d05d080e0fec7c,,73.56165816704743,1064388,1093048,11,LR,11
-3.3018044733935676,2.5366145567084724,6.358658956623696,0.158125,-3.325148908215687,2.1153063058922448,4.6940097875630675,0.1309765625,1.5379684357429528,2.966406822140623,-0.02985449013608093,-0.03162315482450746,0.019693622557646548,6.733662082776483,-0.034823252838104966,0.15110805535399666,-3.2742300369019017,2.076463387868233,1.193158848535009,2.2928632081209135,0.2423125012544915,0.2701166868209839,0.8978000283241272,0.2423125012544915,0.0678205052991029,0.040007896687587426,0.10782840198677736,8.702760734280446e-14,0.841875,0.841875,0.0,0.841875,0.10000000149011612,0,0.10000000149011612,1.0,0.43050415917497475,0,76,625,ref,8978,0.8978,5.597452163696289,1.7501345872879028,,,74a9c834d4e63c146460541864996c477459270bf474fd0256c5619050484c2d,,74.36139838793315,1095016,1093048,11,LR,11
-3.4418708512730514,2.5644773210941145,5.742673929040078,0.1443359375,-3.464049780471023,2.145291874590466,4.629259541121449,0.12348388671874999,1.6314029895191533,3.007088073144978,-0.03621383548025556,-0.03301584173867655,0.019548202590970794,6.774376129458082,-0.038696147757582365,0.15090908671024872,-3.4207667319030794,2.059683596591086,1.1740322464542423,2.304903607246071,0.2299023450250388,0.28154146671295166,0.9021999835968018,0.2299023450250388,0.06676969048324662,0.03326779964874917,0.10003749013200756,1.1782241848834474e-14,0.8556640625,0.8556640625,0.0,0.8556640625,0.10000000149011612,0,0.10000000149011612,1.0,0.49419977166257684,0,77,625,ref,9022,0.9022,3.9475646018981934,1.4981235265731812,,,ab876ec24aa53e90369b6cf80dffee082f31ced834b59568ca3068c3afcdbc9d,,75.19055000296794,1033896,1093048,11,LR,11
-3.4546073637903727,2.598697681286953,6.679217878078586,0.15630859375,-3.4953431544340776,2.1651716500791403,4.811306724105217,0.1258251953125,1.6557561779189212,3.052418775079568,-0.020206678692062382,-0.03321582888930111,0.019770256909034147,6.822545096067524,-0.04254139909055084,0.14988644979439533,-3.445098229344445,2.0760937111532116,1.1664570404847088,2.321293979529393,0.24067773563219816,0.24633188545703888,0.9064000248908997,0.24067773563219816,0.0714047639389675,0.03541497169592983,0.10681973563497352,7.618905506490137e-14,0.84369140625,0.84369140625,0.0,0.84369140625,0.10000000149011612,0,0.10000000149011612,1.0,0.42001335384879646,0,78,625,ref,9064,0.9064,3.874624013900757,1.6839194297790527,,,145506edcc9800483f6bf6f28e06aecc6ea280594509561716e710b971352d7b,,76.04070304799825,1018772,1093048,11,LR,11
-3.4990343311974628,2.5931136699008674,6.278041538530788,0.1475,-3.5852181668099763,2.1774798648555507,4.682489939453837,0.120458984375,1.697548538875899,3.0707187185696267,-0.026848695594179094,-0.03392952000874297,0.019510393252115094,6.86164593220725,-0.04575345604287577,0.1507800649336615,-3.5214192429102433,2.0511885696273784,1.2056560629742616,2.3270249804720113,0.232750001270324,0.24343448877334595,0.9039999842643738,0.232750001270324,0.06696936012980222,0.03488307703292676,0.10185243716280473,7.575884364285912e-14,0.8525,0.8525,0.0,0.8525,0.10000000149011612,0,0.10000000149011612,1.0,0.42893695296246026,0,79,625,ref,9040,0.904,3.988948345184326,1.8133922815322876,,,f027f5283f2e8f73202513e7628c7cf95a2ebcfbe64491f34b7e9c94fe6685d0,,76.88226215494797,1064404,1093048,11,LR,11
-3.3894182820547214,2.616368954893741,6.553860502788365,0.1633984375,-3.5584283457805275,2.173758913525319,4.5731393230107695,0.12357177734375,1.6846558532199314,3.0996948856405684,-0.05912292472972609,-0.033807960895116285,0.01942305829861683,6.901413603659248,-0.049466615559067575,0.1534376042314127,-3.5126801528159093,2.0515246931550593,1.2891403929937884,2.3328078451644787,0.24705859499663346,0.2590101361274719,0.9120000004768372,0.24705859499663346,0.06931688438350334,0.04140961962911282,0.11072650401268704,7.087386233450843e-14,0.8366015625,0.8366015625,0.0,0.8366015625,0.10000000149011612,0,0.10000000149011612,1.0,0.5328074370760735,0,80,625,ref,9120,0.912,3.539231061935425,1.4978156089782715,,,a1e065341238f88771059f3c274910c0d190e494b127cc26ac773dc02bfc90b2,,77.6361063219374,1095032,1093048,11,LR,11
-3.747952003334873,2.612482728927731,6.171048186806651,0.135859375,-3.5656931378452814,2.1772586299577483,4.287338125824701,0.11884277343749998,1.661351237251854,3.1298305818232293,-0.0507266773495917,-0.033826155027214366,0.018841299439665993,6.9410457018388705,-0.04974872538412455,0.15612542206406912,-3.5148260297216303,1.9934024468731815,1.3312640206933504,2.3520514981425977,0.22227343878766986,0.22930991649627686,0.9125000238418579,0.22227343878766986,0.06463024041708892,0.030465059499949033,0.09509529991697593,6.201983371312281e-14,0.864140625,0.864140625,0.0,0.864140625,0.10000000149011612,0,0.10000000149011612,1.0,0.42647208780198603,0,81,625,ref,9125,0.9125,3.8320350646972656,1.5926600694656372,,,e492b756c4be6cc864a01b836aaffb56cbbe9a1900e515aacde65b9a923d7ba3,,78.48579665494617,1033908,1093048,11,LR,11
-3.375436039288901,2.6217013462161853,8.015172135296439,0.1648046875,-3.4208822750488985,2.166211838908264,4.415581917343842,0.12978027343749998,1.5749000848574861,3.1691506217737135,-0.051576975604876375,-0.032391814498911424,0.019286268781299774,6.983555076903844,-0.048858929176349195,0.15920926103818392,-3.367005528344575,2.0446400066112087,1.2678549952767273,2.355357696589222,0.248324219994538,0.2430245280265808,0.9086999893188477,0.248324219994538,0.0673180249846047,0.04417369765340718,0.11149172263791111,1.0076661727254077e-13,0.8351953125,0.8351953125,0.0,0.8351953125,0.10000000149011612,0,0.10000000149011612,1.0,0.5615771046263894,0,82,625,ref,9087,0.9087,3.9011197090148926,1.3837406635284424,,,f371fbcde697c831c7d21050c75c7090a38d0365602cc7567ed7527a939e4df5,,79.33415114495438,1018784,1093048,11,LR,11
-3.3483360647266545,2.591984537757347,5.662964919557746,0.15123046875,-3.3802561675077696,2.1548376270398744,3.938128091022912,0.12564453125,1.5241643628920907,3.1951511260653036,-0.07599029005055938,-0.032195645710617796,0.018407778048047788,7.022799835212561,-0.052084211560431866,0.16029297912767504,-3.3501357093022985,1.9586238953847415,1.32548073158994,2.357771606388128,0.23610742313976515,0.25160202383995056,0.9025999903678894,0.23610742313976515,0.06613975159678277,0.03783169745697013,0.10397144905374552,7.396860901565105e-15,0.84876953125,0.84876953125,0.0,0.84876953125,0.10000000149011612,0,0.10000000149011612,1.0,0.44713510694569014,0,83,625,ref,9026,0.9026,4.969058513641357,1.5350091457366943,,,6aa744bda0b00f6dc40c70120e5e714cd0872d1656a458d0290204541a4283a5,,80.1891117489431,1064416,1093048,11,LR,11
-3.2330630827604936,2.5674781396068926,6.912825923366974,0.17927734375,-3.3272219380053447,2.1629297093861917,4.24126497416227,0.1378564453125,1.5208829718219203,3.2329476685985856,-0.07556571267507005,-0.031825914672149756,0.018961959904620334,7.057732860889184,-0.05618858275047387,0.1619593389745045,-3.31636564193809,2.018794753092932,1.4620237956900681,2.367971683794009,0.26134961059797207,0.20042607188224792,0.9107999801635742,0.26134961059797207,0.07619856580297628,0.042982385794406525,0.11918095159738978,6.980527267330672e-15,0.82072265625,0.82072265625,0.0,0.82072265625,0.10000000149011612,0,0.10000000149011612,1.0,0.3890293581544706,0,84,625,ref,9108,0.9108,3.7002146244049072,1.54273521900177,,,176b9d5b8d6a898508ab03c7d498dffe82edafbd75abcf0a4f66bdef60a4064f,,81.05865211295895,1095044,1093048,11,LR,11
-3.6880659818464885,2.6156697808559772,5.781398115522608,0.1337109375,-3.4630148764250404,2.2015298635425173,4.601164694365214,0.13339599609375,1.6548182246383316,3.2709825855862715,-0.07906707015506854,-0.033190219055010434,0.019791849259439276,7.092692006925425,-0.06395294199348428,0.16311417643442827,-3.4638863568607623,2.104165679332808,1.293265554848079,2.370849149969983,0.22033984504087128,0.2414536029100418,0.9078999757766724,0.22033984504087128,0.0587519437751772,0.03507223729536191,0.09382418107048929,4.98212582300539e-14,0.8662890625,0.8662890625,0.0,0.8662890625,0.10000000149011612,0,0.10000000149011612,1.0,0.4287515351738155,0,85,625,ref,9079,0.9079,3.7936413288116455,1.5182385444641113,,,89a4a529152a11f5d40259cb2990496c160c6c893c6600af5010abdb41ec7d45,,81.90606592595577,1033924,1093048,11,LR,11
-3.5724831741500003,2.6985078229967256,7.315619488996833,0.162578125,-3.49680531270693,2.2099293650222425,4.629626638318991,0.13182861328125,1.6805282519553364,3.302222806634545,-0.09896326020227018,-0.033391224484139885,0.020038333106706798,7.132290816833106,-0.06626562339632074,0.16748391165273147,-3.4867895945938923,2.1372803461293257,1.3938507352360667,2.3761526704387923,0.24632031374785585,0.27986302971839905,0.9057000279426575,0.24632031374785585,0.07582997106237555,0.03444867597235347,0.11027864703477244,4.343747583845925e-14,0.837421875,0.837421875,0.0,0.837421875,0.10000000149011612,0,0.10000000149011612,1.0,0.44435888082690833,0,86,625,ref,9057,0.9057,3.8583385944366455,1.7508999109268188,,,15966a9e96f13f81c9b1ed22c673b77bd100dde2bf867fcd3d6dd15ea8802380,,82.83957678894512,1018800,1093048,11,LR,11
-3.602057655596643,2.678066888716326,7.25824333162813,0.15501953125,-3.520736870833106,2.217965782373754,4.45805644326968,0.12858642578125,1.665706439481321,3.3408800378564614,-0.08721426555696364,-0.03348167682558561,0.019547654075766287,7.1750795101468405,-0.06748514705337584,0.16567897958222358,-3.497274858185491,2.0771950133620325,1.3272291204461553,2.384826229462027,0.23951757938411902,0.2663639187812805,0.9053000211715698,0.23951757938411902,0.06955792785499515,0.0365427375003009,0.10610066535528827,7.78543896018391e-15,0.84498046875,0.84498046875,0.0,0.84498046875,0.10000000149011612,0,0.10000000149011612,1.0,0.49325434932898865,0,87,625,ref,9053,0.9053,3.9438846111297607,1.6103888750076294,,,3f3c62a47b5f3d6dd781d69cd28d94255ec9a2d2342c86937bc8a02d3e2e4eb8,,83.70804112195037,1064428,1093048,11,LR,11
-3.490170632554196,2.7152370720953987,6.306850990841388,0.1553515625,-3.5152202721678925,2.2190499798224486,4.252978461832512,0.12595703125000002,1.6418446355616378,3.386297019630417,-0.10395884224204587,-0.03339057309477302,0.019148634412573057,7.224769628366059,-0.06785517326323315,0.1626546173333338,-3.488312417559399,2.0281115613221354,1.3245279242182146,2.391784841732832,0.23981640750862426,0.24907417595386505,0.9023000001907349,0.23981640750862426,0.07289165701570888,0.033394480800673455,0.10628613781630282,7.950584635096902e-14,0.8446484375,0.8446484375,0.0,0.8446484375,0.10000000149011612,0,0.10000000149011612,1.0,0.44108037221234475,0,88,625,ref,9023,0.9023,4.419705390930176,1.6064190864562988,,,05ec00a86da72d07411469daa9408d1f57d2024807b6b44f66d5abc6351f3786,,84.7704415320186,1095056,1093048,24,LR,11
-3.474077696172637,2.643472747955608,6.3927472545846795,0.15333984375,-3.581297479173129,2.2341185755023774,4.245464929914999,0.12390625000000001,1.677241176464064,3.427858651044113,-0.11381401810340527,-0.03388288078469883,0.019117865966355094,7.264385261502548,-0.0707689129828941,0.16412007624719815,-3.5416570797927274,2.024099217707177,1.2874694134289983,2.398937957885321,0.23800586063662194,0.269677072763443,0.9031999707221985,0.23800586063662194,0.07374085554500137,0.0314188003224439,0.1051596558673481,9.717227023031683e-14,0.84666015625,0.84666015625,0.0,0.84666015625,0.10000000149011612,0,0.10000000149011612,1.0,0.45351577099434537,0,89,625,ref,9032,0.9032,3.5422635078430176,1.5742385387420654,,,9db7c8e5cf2351442fa094a5c50a5e8d73c9864d5caf70160e2aaba0b2a17d7a,,88.19768326997291,1033936,1093048,24,LR,11
-3.7183308893882936,2.73378358020587,5.65789602096713,0.13865234375,-3.6654107808167438,2.2571203914214024,4.302736550119083,0.12138916015624998,1.7161504999108086,3.4724968332641954,-0.09405487180469979,-0.034520344676695236,0.018894443246691962,7.3052779918030435,-0.0753189199755434,0.1682025653703338,-3.61150749301583,2.0103920894672616,1.3109790839943045,2.4093966417406234,0.22478711065850804,0.21306756138801575,0.9052000045776367,0.22478711065850804,0.06405913331753964,0.03267744213346162,0.09673657545099149,9.769962616701378e-15,0.86134765625,0.86134765625,0.0,0.86134765625,0.10000000149011612,0,0.10000000149011612,1.0,0.4231296869113672,0,90,625,ref,9052,0.9052,3.958631992340088,1.8122875690460205,,,d5b395c62ae3e38a6ec76338275775f3d54807d8b6f85a17e9f6886d0732f323,,91.61516039900016,1018812,1093048,24,LR,11
-3.8443776066331083,2.779365500808729,6.460502595408968,0.13546875,-3.650659589362405,2.261610245535421,4.232545555922993,0.12348388671875,1.7035573748345998,3.5140022530157973,-0.10267872513960892,-0.03434055697807542,0.018921318473597428,7.340606061527643,-0.07784722914919256,0.16845854964321763,-3.5956187437450478,2.0123569524794958,1.2655659468246014,2.415372095013,0.22192187628825194,0.23165935277938843,0.9096999764442444,0.22192187628825194,0.06832737327838151,0.02653737030397068,0.09486474358227706,7.513434319150747e-14,0.86453125,0.86453125,0.0,0.86453125,0.10000000149011612,0,0.10000000149011612,1.0,0.4911732252099819,0,91,625,ref,9097,0.9097,3.759685754776001,1.7502975463867188,,,88240f5747afc265b5c3ef60a70e0fa87bb7e9e2b25387874f477f7ff749a7b2,,95.02800257096533,1064444,1093048,24,LR,11
-3.9032383972412408,2.6921189769695024,5.989817993218346,0.127890625,-3.764382710325245,2.2917567486256174,4.423170535393141,0.11935058593749999,1.7981577281469807,3.5475628102212977,-0.09357154349721739,-0.035399629863723,0.019222999482133823,7.373804901248764,-0.08314786514412845,0.16988767304875343,-3.709408488736977,2.037718963585622,1.2926528214676187,2.426201102990958,0.21510156379954423,0.2641662061214447,0.8989999890327454,0.21510156379954423,0.06150517252582586,0.02883786373507358,0.09034303626093505,3.5610403514851896e-14,0.872109375,0.872109375,0.0,0.872109375,0.10000000149011612,0,0.10000000149011612,1.0,0.391963466538868,0,92,625,ref,8990,0.899,3.833062171936035,1.6745829582214355,,,b7c10d6f1f18f94eff4d47562115a6212295a0f8be4bbc5ba5bd56c9f967eacb,,97.99586571403779,1095072,1093048,2,LR,11
-3.7415720826578407,2.750245965910511,5.992407932302665,0.1387890625,-3.72572798064591,2.2828537767394046,4.184725880499468,0.1187744140625,1.7496075577568257,3.570934769267116,-0.10912096105057872,-0.03497191256135968,0.018862957414927585,7.410737535845378,-0.08576799689326435,0.1721545496842279,-3.668214195940988,2.000881497097333,1.3530050380910317,2.4345883708499643,0.2249101575333043,0.28728964924812317,0.8986999988555908,0.2249101575333043,0.06695341622116362,0.029863176948841507,0.09681659317001781,1.2684298056342413e-14,0.8612109375,0.8612109375,0.0,0.8612109375,0.10000000149011612,0,0.10000000149011612,1.0,0.45736278040332384,0,93,625,ref,8987,0.8987,3.6933188438415527,1.7032397985458374,,,4a3cc3d4053c35736194e0099a424ba7499f7a3e1509c16f10204130169de0b4,,99.38808819302358,1033952,1093048,2,LR,11
-4.034181646645563,2.8109975107994605,6.871120833884341,0.13201171875,-3.876447946183463,2.3161946314484454,4.140583186045506,0.10959228515625001,1.8505238482463682,3.620093407570668,-0.1058596850664372,-0.03646888923809173,0.018437266804322103,7.452416658300238,-0.09400724691455252,0.17191190477320376,-3.8298004611194396,1.9585668459282404,1.337114513795747,2.443228460719205,0.21881054816840334,0.268417626619339,0.8995000123977661,0.21881054816840334,0.06409065034624387,0.02872289548517962,0.09281354583131092,1.1256273690918306e-13,0.86798828125,0.86798828125,0.0,0.86798828125,0.10000000149011612,0,0.10000000149011612,1.0,0.45729684692087413,0,94,625,ref,8995,0.8995,4.407068729400635,1.7921319007873535,,,811690d660947be4f7d91df490688e6fba770a9a655948638b55b7c6bdf2592a,,101.49839652201626,1018824,1093048,20,LR,11
-3.869172560184003,2.792182204476318,6.165230141735228,0.13400390625,-4.01310654300164,2.344288181606374,3.9885827834177388,0.0996630859375,1.933913679514828,3.667305313959679,-0.10553191505518972,-0.03772994846931057,0.01793361815999684,7.491169514603298,-0.0994739656947786,0.1757463325730253,-3.9644473281608605,1.91721062301825,1.3487011638291833,2.4546012578238514,0.22060351691543473,0.26975491642951965,0.8973000049591064,0.22060351691543473,0.06429211213756894,0.02970584363255949,0.09399795577012082,7.605027718682322e-15,0.86599609375,0.86599609375,0.0,0.86599609375,0.10000000149011612,0,0.10000000149011612,1.0,0.43035436832168195,0,95,625,ref,8973,0.8973,4.2766313552856445,1.7466999292373657,,,1c46aa1e761593cc5df4ce73b8025f03fd8b3032d8ad63a74541134882b7be92,,104.29233913798817,1064456,1093048,20,LR,11
-3.8464693070962324,2.805485288718689,7.191174075762295,0.148046875,-3.9535706946076186,2.349211319626336,4.1617151241412955,0.10636474609374999,1.9183393905165547,3.712288720184239,-0.11183428644028309,-0.03733236653137625,0.018368555818103437,7.537343353040362,-0.09939768016687595,0.17697925798452413,-3.923643618879286,1.9642023724792523,1.3089129054624986,2.4651178486510976,0.23324218876950908,0.25985077023506165,0.9050999879837036,0.23324218876950908,0.07009615836773926,0.03206832951417123,0.1021644878818661,4.438116540939063e-14,0.851953125,0.851953125,0.0,0.851953125,0.10000000149011612,0,0.10000000149011612,1.0,0.5036707127372803,0,96,625,ref,9051,0.9051,3.7255475521087646,1.7724674940109253,,,bf1bea8eef3850c065cc40595ca13da09eed305a4aae4b38c2a900521f8bcd7e,,107.22566127299797,1095084,1093048,20,LR,11
-4.100544948788884,2.851746726367468,6.258755132049829,0.11638671875,-4.014560119758006,2.362686647540264,3.869974621513537,0.09968017578124999,1.93798096234866,3.7478820859456605,-0.10357485382926827,-0.0378857116228692,0.01770612443746244,7.577814434700363,-0.10184062802814879,0.1773489394293207,-3.9827700271118665,1.893362863528539,1.3618444806601597,2.475235321657412,0.2047480481916864,0.29007357358932495,0.9010999798774719,0.2047480481916864,0.05634456806598582,0.02695652052154632,0.08330108858748972,4.2424397328488794e-14,0.88361328125,0.88361328125,0.0,0.88361328125,0.10000000149011612,0,0.10000000149011612,1.0,0.41501482255627353,0,97,625,ref,9011,0.9011,4.053006649017334,1.6093287467956543,,,a375de7a68a78c2068896b557f164fc6c56b180a581dd1f5cbb34183aa780b86,,110.5919146060478,1033964,1093048,20,LR,11
-3.8095031072330725,2.7989166021507743,7.227047275985577,0.14736328125,-3.981365954104333,2.3685756221009853,3.863861462523936,0.1019580078125,1.9278692936961306,3.792598445562923,-0.11031726164798593,-0.03769694858574049,0.01785075027746734,7.614603312909289,-0.10289765103720129,0.176639488963298,-3.96449057763901,1.9060587596028684,1.448640468983168,2.4829105698002607,0.23262695439552772,0.2466520369052887,0.9089000225067139,0.23262695439552772,0.06803009353998604,0.03374425524028057,0.1017743487803005,3.3889557826682903e-14,0.85263671875,0.85263671875,0.0,0.85263671875,0.10000000149011612,0,0.10000000149011612,1.0,0.44548834115494196,0,98,625,ref,9089,0.9089,3.748326301574707,1.6102323532104492,,,1ed6cfd124390517b66ea9c91e65d8b8885297cf1a267321b8ccb3fc58923f3c,,113.25212887802627,1018840,1093048,13,LR,11
-3.934194810784623,2.864237053513286,6.284153967391306,0.14087890625,-4.076499167287012,2.395026260086953,3.9638682503145373,0.09792968749999999,2.0168627240085995,3.8044348578037,-0.08514679530620327,-0.03857053662647196,0.018229936711485647,7.650416557094692,-0.10849901927402243,0.18280328697375042,-4.0595803932280035,1.9525466890972256,1.5276067409741474,2.4911627518681825,0.22679101690519018,0.25081950426101685,0.9024999737739563,0.22679101690519018,0.06641914078653144,0.03161681130811636,0.09803595209469662,4.882205750789126e-14,0.85912109375,0.85912109375,0.0,0.85912109375,0.10000000149011612,0,0.10000000149011612,1.0,0.4619763827473223,0,99,625,ref,9025,0.9025,3.902728796005249,1.601304292678833,,,531d7d95082ad1ab5f0618f35afc320fbe408bd74d094f1febef825ceed404e6,,114.00770664494485,1064476,1093048,12,LR,11
-3.971502410530013,2.863361122840157,5.763561704169273,0.12482421875,-4.028966817481634,2.3878928300736826,3.5400255592968874,0.09578857421874999,1.9346584146048516,3.8430445888003697,-0.07567083548792283,-0.03810210273603061,0.01714833775708468,7.6918343493556725,-0.11274324551457539,0.1808125516743267,-4.015839276734658,1.833427217032238,1.4059656673020706,2.497031503479207,0.21234179817911353,0.21914148330688477,0.9072999954223633,0.21234179817911353,0.0642533647316914,0.02423357283769193,0.08848693756938365,3.191891195797325e-16,0.87517578125,0.87517578125,0.0,0.87517578125,0.10000000149011612,0,0.10000000149011612,1.0,0.3676673634736366,0,100,625,ref,9073,0.9073,3.7249338626861572,1.550915241241455,,,354faef32365b14444fdd85e0b27dfd386ad0936ca769fbc70e18131fab392f7,,115.07683596899733,1095100,1093048,7,LR,11
-4.00845745287394,2.8106223628548133,7.516016212472136,0.14009765625,-3.974123810891653,2.390536358038128,3.916488796638431,0.10275146484374999,1.9286318876506865,3.86108299250248,-0.07505080105096805,-0.03748996385660875,0.0183002730292849,7.726257693613611,-0.11163539566565304,0.18545565229964392,-3.952025259528531,1.9510602495142106,1.520996909565886,2.503635862714509,0.22608789190635434,0.27235424518585205,0.8960999846458435,0.22608789190635434,0.06881239563090141,0.028768549446210087,0.09758094507708191,2.958744360626042e-14,0.85990234375,0.85990234375,0.0,0.85990234375,0.10000000149011612,0,0.10000000149011612,1.0,0.3545634668754825,0,101,625,ref,8961,0.8961,3.630350112915039,1.8866485357284546,9235,0.9235,3ce640670e6e292e642b2b81fa3b4e17c2e6838d9d632c1e33ef1f80b20cc76e,,116.45378315600101,1033980,1093048,7,LR,11
-4.0471190604917595,2.8548588355454925,7.397539946443892,0.128515625,-4.114465181625826,2.4317596857886215,4.473549198884201,0.10373779296875,2.0776350219590527,3.9018875960757837,-0.06606744860806261,-0.03868143925897182,0.01945775078624617,7.760412603331134,-0.11623884614440612,0.18215689153405737,-4.078680843100243,2.0614457758386093,1.519615869235424,2.513600600578899,0.21566406379861291,0.24754378199577332,0.9003000259399414,0.21566406379861291,0.05901903514392165,0.03170044545166875,0.09071948059557786,1.2545520178264269e-14,0.871484375,0.871484375,0.0,0.871484375,0.10000000149011612,0,0.10000000149011612,1.0,0.4271312700806499,0,102,625,ref,9003,0.9003,3.938450574874878,1.8053982257843018,9154,0.9154,dc5270d47a6940a64bb30d380ea545153cc7ca04079e90ecad69954bee3c370a,,118.00418100203387,1018856,1093048,6,LR,11
-4.179309391803471,2.949274530223467,7.202099723606917,0.129765625,-4.091351476585848,2.433384569383735,4.173359189237349,0.10137451171874999,2.055893584037756,3.9549009839974163,-0.08943410552030658,-0.038545228250158076,0.01922247941173554,7.806108577084007,-0.11845579721382819,0.18447579820531915,-4.0669446364767,2.0459745951045503,1.50706650684402,2.5311275190596576,0.21678906379675028,0.2667014002799988,0.9009000062942505,0.21678906379675028,0.06642300316750009,0.02504746765997851,0.09147047082748873,1.0130785099704553e-14,0.870234375,0.870234375,0.0,0.870234375,0.10000000149011612,0,0.10000000149011612,1.0,0.36661812534716653,0,103,625,ref,9009,0.9009,4.532952308654785,1.7770365476608276,9139,0.9139,d8592400e886d0fb83a46981cfd336d13a18ff34a699d550a2c9d20238330638,,119.42123233003076,1064488,1093048,17,LR,11
-4.073030662707588,2.8368627561426085,8.006807780384811,0.13876953125,-4.064754569615076,2.4466510337586063,4.709684943922419,0.11033935546875001,2.063158587391439,3.989312385503526,-0.0663696919029078,-0.03814713826095729,0.02016407986977658,7.839953418532645,-0.11809148704633117,0.1877227800684387,-4.0258008588954866,2.1469423268017693,1.4673338225021153,2.538841606904766,0.2248925794083334,0.2580678164958954,0.8981000185012817,0.2248925794083334,0.06403175676123382,0.0327734071599993,0.09680516392131189,7.877032359715486e-14,0.86123046875,0.86123046875,0.0,0.86123046875,0.10000000149011612,0,0.10000000149011612,1.0,0.3903261776720985,0,104,625,ref,8981,0.8981,4.203643798828125,1.4786455631256104,9065,0.9065,bb1840d609ecc38abb608dee9b7110c1fbd2f066b782c03f4afe8e50ed8713e5,,121.35896160104312,1095116,1093048,18,LR,11
-3.8922077876551766,2.8241835330242306,8.347814048410347,0.1528515625,-4.118586728433911,2.46458897157428,4.837836718131758,0.10892333984375,2.096247194489453,4.028334062362842,-0.050382458046729015,-0.03856767148781149,0.02010443107852689,7.873979160871574,-0.11981253093574196,0.19420523151349012,-4.070600406354694,2.1577081849770736,1.4351104199881668,2.550017368175616,0.23756640751234953,0.2843368947505951,0.8981000185012817,0.23756640751234953,0.06713646218003014,0.03774878696911605,0.10488524914908716,5.902223154663488e-14,0.8471484375,0.8471484375,0.0,0.8471484375,0.10000000149011612,0,0.10000000149011612,1.0,0.5117775641214494,0,105,625,ref,8981,0.8981,4.012777328491211,1.627508282661438,9175,0.9175,92d545461967ab4781dd3ee6f4d84d53596563d7ca95c174222a7f4244aa19f5,,126.48072672297712,1033996,1093048,18,LR,11
-4.169886330906021,2.9091892822190886,7.696410715118764,0.12984375,-4.126604803192709,2.469102823393665,4.707074624715485,0.10764404296875002,2.0926366757602732,4.063522533212605,-0.059690456482309466,-0.038606704700045597,0.019947873399089235,7.908328374111324,-0.12450755628635307,0.19436205193514394,-4.079293908556101,2.1336015987675427,1.491654024384057,2.554826064353838,0.21685937629663385,0.2422778457403183,0.9039999842643738,0.21685937629663385,0.06585928094036288,0.025658042731198868,0.09151732367152944,3.2307490016592055e-14,0.87015625,0.87015625,0.0,0.87015625,0.10000000149011612,0,0.10000000149011612,1.0,0.43357711005900434,0,106,625,ref,9040,0.904,4.053383827209473,1.6115260124206543,9165,0.9165,7960fdb0642f7c63da6e6977a47d0f9e132f46fd362b1903e9e9642f0ea9a43d,,131.73761731304694,1018872,1093048,18,LR,11
-3.867149611137478,2.922978207274814,8.695001854458662,0.16396484375,-4.083037906592862,2.4758483392865642,5.017531053567662,0.11351806640625,2.0660089647989066,4.094951463710892,-0.031135429361761204,-0.03798935964405014,0.020522548790411054,7.9381736599657735,-0.1291831045987783,0.19767969715583114,-4.020729980175008,2.194155050790321,1.7111094776410805,2.558401038183186,0.24756836062078946,0.28681135177612305,0.8967000246047974,0.24756836062078946,0.07516536344433702,0.03586973893685561,0.1110351023810921,1.0053069487980792e-13,0.83603515625,0.83603515625,0.0,0.83603515625,0.10000000149011612,0,0.10000000149011612,1.0,0.43148036388391336,0,107,625,ref,8967,0.8967,4.242888450622559,1.6505223512649536,9037,0.9037,63f05a1261c2e55c93d965a367dc850a942f431ce8da6f4fbf2ead2158d7456b,,136.86244612396695,1064500,1093048,18,LR,11
-4.341126126218864,2.9992261860867573,9.430253936038422,0.1428125,-4.177049476936499,2.505680314420744,5.449104197010758,0.11268310546875,2.186130411295762,4.139215861738918,-0.04691243495904085,-0.03887174378493009,0.021488405744333517,7.981564303822345,-0.13353394113713876,0.20133148897414124,-4.115470317317579,2.2996782687747106,1.6536022320022545,2.569455176212694,0.22853125127730892,0.26363179087638855,0.901199996471405,0.22853125127730892,0.06558446480968108,0.033573377635408186,0.09915784244501474,7.452372052796363e-14,0.8571875,0.8571875,0.0,0.8571875,0.10000000149011612,0,0.10000000149011612,1.0,0.5089238503456955,0,108,625,ref,9012,0.9012,3.6410412788391113,1.6827949285507202,9168,0.9168,b2ae2a34305236874fd7571ff9c9a563ee40d93745459bda4c68f3f0f97ee7fa,,141.6067375219427,1095128,1093048,18,LR,11
-4.170408792602468,2.959362088617121,8.530329299686095,0.14578125,-4.187735693957564,2.523035157512232,5.709057637670212,0.11514892578125001,2.2019341212417913,4.198654521313873,-0.034882236512891615,-0.038866913846205504,0.021826321769253323,8.026743910089188,-0.138618452019291,0.20596514466411403,-4.120060059845407,2.3411071073145955,1.598609621002654,2.5835457675846487,0.23120312627288514,0.24476590752601624,0.9017000198364258,0.23120312627288514,0.06901296134984175,0.031855590806379605,0.10086855215621948,1.8735013540549517e-15,0.85421875,0.85421875,0.0,0.85421875,0.10000000149011612,0,0.10000000149011612,1.0,0.4062630938730743,0,109,625,ref,9017,0.9017,4.305690288543701,1.7612159252166748,9189,0.9189,faab976b8ff223b96820398756ba2bd27789a960a0977555ae15315dafcb20c2,,144.79682412499096,1034008,1093048,19,LR,11
-4.002683197817063,2.8458748442021777,8.294982362336281,0.14802734375,-4.058063281534476,2.522589842016752,5.936292659973234,0.12468017578125001,2.1279276799100355,4.2505650455292745,-0.015033214393209204,-0.03777278753532653,0.022213924108624866,8.06010544533698,-0.13756792195839807,0.20600342458462548,-4.006929624608917,2.371835082804365,1.4387518936229649,2.5934152599760636,0.2332246106445382,0.2756492793560028,0.9003000259399414,0.2332246106445382,0.06874670425538651,0.03340664730072469,0.10215335155614966,3.845535001545386e-14,0.85197265625,0.85197265625,0.0,0.85197265625,0.10000000149011612,0,0.10000000149011612,1.0,0.46680454767602675,0,110,625,ref,9003,0.9003,4.141410827636719,1.6881027221679688,9143,0.9143,2f6c8b81a806fde914da86b9d6717f1385fa6fa4a6c616e583a33b1c56fbf608,,148.22080767899752,1022792,1093048,15,LR,11
-3.9434020191473276,2.8962577978618143,6.599406545977298,0.13556640625,-4.046592754103853,2.520132053062794,5.482649632843759,0.12218505859375,2.0598058350037283,4.299049336635756,-0.007789606764992962,-0.03743164961655266,0.021392530420237373,8.090988567344457,-0.13930929589667357,0.2063911663038717,-3.973725576608422,2.2871519544397207,1.4734239931162831,2.5970717291010477,0.22200976691310642,0.2619336247444153,0.9041000008583069,0.22200976691310642,0.06972768722332952,0.02519471861697991,0.09492240584034559,3.6165515027164474e-14,0.86443359375,0.86443359375,0.0,0.86443359375,0.10000000149011612,0,0.10000000149011612,1.0,0.37589332544724874,0,111,625,ref,9041,0.9041,4.728521823883057,1.7569055557250977,9180,0.918,b68b4885af6027572da84beec9c89cf526dab2903c79d76eb6a264c8c65ce9d3,,149.60825146303978,1064516,1093048,15,LR,11
-4.207999542089119,3.020408834634128,8.680941002637093,0.13927734375,-4.071269469119564,2.541404122652063,5.990716600163998,0.12687744140624999,2.1227785732333344,4.350421742980504,-0.014465401580935552,-0.037559248095930975,0.0224699406136884,8.125677867249507,-0.13968509308993815,0.2126344248321405,-3.9871722828247806,2.414449507811783,1.5635974912734154,2.60500734961908,0.2253496106575767,0.2800735831260681,0.9067999720573425,0.2253496106575767,0.0631649148756765,0.03393720866981743,0.09710212354545657,3.737288256644433e-14,0.86072265625,0.86072265625,0.0,0.86072265625,0.10000000149011612,0,0.10000000149011612,1.0,0.49602458301979474,0,112,625,ref,9068,0.9068,3.6584060192108154,1.57582426071167,9025,0.9025,a05f6b89ff840919b10e4140089c38dafd3b2696e2599eb616e47fd500410ece,,151.06641780096106,1095144,1093048,15,LR,11
-4.160134591098942,3.0501267220989026,8.51825792193244,0.139140625,-4.1165448314791595,2.562752556675425,6.450535979129849,0.12906982421875,2.179142818712139,4.390961029920876,-0.0024031818865887654,-0.037884387890607635,0.023048461923491272,8.168970466089458,-0.14150549699596013,0.2162019053678518,-4.022299295843326,2.4766989446502214,1.5595322579794537,2.618624254766938,0.22522656378278044,0.2779139280319214,0.9017000198364258,0.22522656378278044,0.06171250513622329,0.03530970883693396,0.0970222139731968,3.95516952522712e-14,0.860859375,0.860859375,0.0,0.860859375,0.10000000149011612,0,0.10000000149011612,1.0,0.4284308641979804,0,113,625,ref,9017,0.9017,3.542642116546631,1.525550365447998,9163,0.9163,2d9c97fd4b59f563907ebe68d7f582b947bd8d51ad2377a2c5b23d548ee310cf,,152.64998254703823,1034024,1093048,15,LR,11
-4.141057756821364,2.997971356675165,8.512461807488535,0.1395703125,-4.176028488431019,2.5751035551053607,6.2516639190810634,0.12371093749999999,2.2339379501105436,4.417378159612126,-0.02015779020640374,-0.03865621346730466,0.022838623621080478,8.205102285932256,-0.1448704860615544,0.2190147995665142,-4.104728408116787,2.4591452722302543,1.5249089027584337,2.625132619296878,0.22561328253214014,0.24892383813858032,0.9110000133514404,0.22561328253214014,0.06657916695482476,0.030694089421675952,0.09727325637655354,5.283273818434964e-14,0.8604296875,0.8604296875,0.0,0.8604296875,0.10000000149011612,0,0.10000000149011612,1.0,0.48604755461024296,0,114,625,ref,9110,0.911,3.8531334400177,1.417859673500061,9089,0.9089,b9d39ab1c7c29b64d38e6b2efa13664fe584c40e8419d7fb013a19e9d39e4a1e,,154.1320956349373,1018896,1093048,15,LR,11
-4.2989071067594855,3.0148776638143713,9.092317970873845,0.1348046875,-4.266036851990102,2.5994922869551607,6.269589880350079,0.11794677734375,2.3107211238678143,4.473987600815699,-0.027348574744143796,-0.039537773899607775,0.02284642506615351,8.243563226186332,-0.15010275075677781,0.22114489576188823,-4.2002657945120045,2.460522836759213,1.4693915668409705,2.636868380567987,0.2213242200392415,0.2891303300857544,0.8996999859809875,0.2213242200392415,0.05972446040403691,0.034747770102832795,0.09447223050685802,1.1685097334179773e-14,0.8651953125,0.8651953125,0.0,0.8651953125,0.10000000149011612,0,0.10000000149011612,1.0,0.5446579512761701,0,115,625,ref,8997,0.8997,4.178561210632324,1.6080856323242188,9149,0.9149,6750c726fedb78c530245e334b2e3874e300e75ad141b82f4b66ff1ea3665cc2,,155.62957029999234,1064528,1093048,15,LR,11
-4.277139497956285,3.063052822800735,8.979532391308682,0.1439453125,-4.219505008134238,2.6033399432246798,6.256374127622532,0.12077636718749998,2.3008992468007903,4.5193210936963695,-0.042841480508080246,-0.03934469486956394,0.022985352448048526,8.282891931803904,-0.1494334134599194,0.22194260897820617,-4.179817863863045,2.4724641800507174,1.4832905991782184,2.6452598247704513,0.2295507825256209,0.27163445949554443,0.8950999975204468,0.2295507825256209,0.06236910990089473,0.03744318797110455,0.0998122978720657,6.64329702360078e-14,0.8560546875,0.8560546875,0.0,0.8560546875,0.10000000149011612,0,0.10000000149011612,1.0,0.4737960623830477,0,116,625,ref,8951,0.8951,4.230020999908447,1.6195464134216309,9181,0.9181,9df54956405094be26d57c63bd8b32fefa599f56a6773cf965ff92abe26951f6,,157.07138233003207,1095156,1093048,15,LR,11
-4.198625650721912,2.9715440215062396,8.876721971207212,0.14650390625,-4.2386774525504505,2.617420239020077,6.683006998274311,0.1240673828125,2.345639217789582,4.564861015266866,-0.05961152542453055,-0.0393583862868643,0.023824823598516672,8.311070461554515,-0.15524496281519531,0.2294437667846692,-4.187031932047716,2.57227196543176,1.4057484484641156,2.6488327830042073,0.23185351689680828,0.29451313614845276,0.897599995136261,0.23185351689680828,0.06459863069124147,0.0366841834532016,0.10128281414453202,8.895661984809067e-14,0.85349609375,0.85349609375,0.0,0.85349609375,0.10000000149011612,0,0.10000000149011612,1.0,0.49406219523483463,0,117,625,ref,8976,0.8976,4.697587013244629,1.6316789388656616,9080,0.908,131f8c7a78cce27086fb8932081b1d72b54a5d085d7ad4b776448ef56e4505c7,,158.52234246302396,1034036,1093048,15,LR,11
-4.124205195328761,3.018606948919389,9.705982396668558,0.1580078125,-4.204598926200574,2.6250048295047894,6.792661531237037,0.12412109375000001,2.3292033149399085,4.605053047630969,-0.04360600764740962,-0.038921364378668374,0.024228091692388994,8.350353835221412,-0.15594423427479343,0.2289732517935762,-4.142963635500555,2.605992534590121,1.4917760284525556,2.65616953827202,0.24220703250466613,0.24197132885456085,0.8989999890327454,0.24220703250466613,0.07167454352486616,0.03608894450635067,0.1077634880313211,1.0427769758791783e-13,0.8419921875,0.8419921875,0.0,0.8419921875,0.10000000149011612,0,0.10000000149011612,1.0,0.5015117862860753,0,118,625,ref,8990,0.899,3.700469970703125,1.6536625623703003,9152,0.9152,2ee818f67dabc40503fd7792f9d0c19edcc1b47ad2738af18c9064b781d89124,,160.143089605961,1018912,1093048,0,LR,11
-4.192234308045478,3.0791542870784476,9.148954971953223,0.1487109375,-4.2311604771016675,2.625530119944273,6.244615295018161,0.12007812500000001,2.28970406864125,4.660536745357123,-0.056832403263784304,-0.039149403155395876,0.023098769351068558,8.394367609679922,-0.156361576882191,0.22950778779478978,-4.166740771413211,2.487789100645638,1.5205878749695563,2.662257405986979,0.23383984501851957,0.30038344860076904,0.9002000093460083,0.23383984501851957,0.06325634515796655,0.03928641010245213,0.10254275526042778,9.103828801926284e-15,0.8512890625,0.8512890625,0.0,0.8512890625,0.10000000149011612,0,0.10000000149011612,1.0,0.5043558169377195,0,119,625,ref,9002,0.9002,4.747330188751221,1.6534849405288696,9015,0.9015,662c144f46e9d7bde94b10e861ca9c5191368c01d6315628dcb65a1863cfa68b,,161.78714459494222,1064544,1093048,1,LR,11
-4.485253529127098,3.1586432570759064,7.165170137664047,0.12166015625,-4.31958558258432,2.643127697053534,6.0762480281328966,0.11532226562500002,2.3524986327956943,4.71784719986319,-0.0842218097273696,-0.040003953154203575,0.022859975035609235,8.431437556402635,-0.16448015596717597,0.2296798435762289,-4.262397582493759,2.4638861403011614,1.5050540031651058,2.673178753995422,0.20949414193382837,0.29742342233657837,0.8985000252723694,0.20949414193382837,0.06255521486548844,0.024000544579186232,0.08655575944473416,5.949407633210058e-14,0.87833984375,0.87833984375,0.0,0.87833984375,0.10000000149011612,0,0.10000000149011612,1.0,0.4116185528834329,0,120,625,ref,8985,0.8985,4.88299036026001,1.8376257419586182,9047,0.9047,98e22efa6ca6fdecd5a740099dba3b5df6254629b5852cf87b45123973497200,,163.54547127895057,1095168,1093048,1,LR,11
