task,step,phase,zbar_cur,sigma_cur,between_cur,zbar_inv,sigma_inv,between_inv,rowmean,cnorm,bias,star,var_off,var_wid,pos_frac,arm,iv,seed,intervention,acc
20,0,pre,-0.13923309799965006,0.324269665016407,0.2215857141361728,-0.16792148291878317,0.3232480310824523,0.23827966873178746,-0.0018328485588823757,1.0320847257760888,0.03603816182745504,-0.15171483399963337,0.025524864429040773,0.08000642351300588,0.3134375,LR,l2,1,k0.7,
20,0,post,-0.14409883350187225,0.25159755573439896,0.2174898702254507,-0.16418070295066584,0.2529794719078565,0.2355165771901963,-0.001832848558466291,0.7224593080718134,0.03603816182745504,-0.15171483395701055,0.025524864483654767,0.03920314755164872,0.29521484375,LR,l2,1,k0.7,
21,20,train,-0.24202142901450516,0.44495139235811837,0.3185482835288465,-0.1853777267193281,0.2576948781897314,0.216856297712739,-0.0020243457042827765,0.7497568315924138,0.0359939762801514,-0.17137556809756288,0.02509477538467568,0.04251755789299769,0.2603515625,LR,l2,1,k0.7,
21,100,train,-0.24467922484554921,0.7043295437329995,0.7151029895634425,-0.18718139302942863,0.290035974959139,0.3331813325555009,-0.0020695403744424258,0.8230328853936331,0.03745430510709411,-0.17454488238912497,0.03472927131786668,0.0503771989664639,0.31189453125,LR,l2,1,k0.7,
21,300,train,-0.20854267404647872,0.7922454111191969,0.5094484236232469,-0.1807978223215487,0.2848372260279604,0.2742802618525592,-0.0020258808928870263,0.8306435969618627,0.03826969403075054,-0.16925711170836244,0.029550376357574203,0.052324605736575006,0.315546875,LR,l2,1,k0.7,
21,625,train,-0.18898998764729869,0.8532997243970396,0.45035102003612726,-0.15033879310909706,0.27633415740856665,0.24044501735800086,-0.0017296128653567658,0.8104058516993257,0.03764106119633652,-0.13953669608101615,0.025871389131205486,0.05121030586816358,0.3145703125,LR,l2,1,k0.7,0.9275000095367432
22,20,train,-0.19759379853468936,0.4582661445594638,0.30912442131202256,-0.15325546507237434,0.2819560862290389,0.24142313865359236,-0.0017698764752257946,0.8367674223957036,0.03779851968574803,-0.1435037536838305,0.025561708198211113,0.05431321046892165,0.285390625,LR,l2,1,k0.7,
22,100,train,-0.15275106898097573,0.7034958700666336,0.5599567841752934,-0.13745640123865807,0.30322241290353324,0.31028737149974406,-0.0016112395424280445,0.9024064317867456,0.03946600281167775,-0.12558585028326558,0.030355191478397305,0.060574605458286496,0.34283203125,LR,l2,1,k0.7,
22,300,train,-0.215208427133778,0.8039549762679795,0.5396736208500611,-0.1714364565695102,0.30564557588811075,0.29171648360813507,-0.0019364501359247367,0.9125693737618557,0.040067178626777604,-0.15829853605689495,0.030113893361422082,0.062131386840729774,0.3242578125,LR,l2,1,k0.7,
22,625,train,-0.1773611895340048,0.8810054424342111,0.4357290238153852,-0.1395796754494927,0.2970778981748363,0.2684835209079064,-0.0016330254335394012,0.8891901045115391,0.04010057717910968,-0.1271829749305161,0.026179481840066483,0.0604070513068909,0.3328515625,LR,l2,1,k0.7,0.9235000014305115
23,20,train,-0.35731901746369504,0.4469422963354584,0.29635165806048974,-0.21917715125582227,0.29859203437462134,0.21437454067725453,-0.002396208836960758,0.9086529371730253,0.03833361636148766,-0.2071287736360036,0.025112677373543155,0.06312321463651338,0.22193359375,LR,l2,1,k0.7,
23,100,train,-0.16818171321316328,0.722554541314498,0.5597349439663947,-0.14000286011429514,0.31587057139409996,0.27902701894915455,-0.0017118196423136023,0.9747192213441045,0.04105131649877876,-0.1343037419442466,0.027594860531634038,0.07106478154780713,0.3428515625,LR,l2,1,k0.7,
23,300,train,-0.24389589626839134,0.8225100653072146,0.5162388276329655,-0.1540722839166761,0.3160279623826797,0.2688213011153183,-0.0017929124464728138,0.9754393787374727,0.041119421743787826,-0.1425426061142095,0.027638087949935778,0.07081441016772012,0.3071875,LR,l2,1,k0.7,
23,625,train,-0.1631223077634352,0.8774221134288666,0.4016329484616351,-0.10206284737774952,0.29877382141564773,0.22216123513937375,-0.0013009931404449047,0.9348565818617561,0.04121215872466564,-0.09205873181632354,0.021513785444976116,0.06634278560777183,0.33232421875,LR,l2,1,k0.7,0.9361000061035156
24,20,train,-0.36959141971786175,0.48038484963692374,0.3071906536194048,-0.17437056428128261,0.30493250721985216,0.20627709674205721,-0.001947460584343036,0.9626839609447273,0.03985597781604156,-0.15963762311110546,0.02224313627743075,0.06953491969081642,0.2423046875,LR,l2,1,k0.7,
24,100,train,-0.24266914987508728,0.7501174929822312,0.6153963980850815,-0.12895605863975804,0.32703340689561394,0.2712119553653342,-0.0014850951268600115,1.0313883613229962,0.0416172044648556,-0.11051269072201193,0.02617908483232294,0.07843764701624903,0.322890625,LR,l2,1,k0.7,
24,300,train,-0.2168398378624201,0.8491479812854041,0.5235387686795349,-0.1168221918441301,0.32200960934278494,0.2481716367607971,-0.001374429834569853,1.024489097829879,0.04184300526045263,-0.09895057953630426,0.024132939518440803,0.07784995462552936,0.33560546875,LR,l2,1,k0.7,
24,625,train,-0.1948964556391502,0.9021693456460858,0.47438398208468013,-0.09000770929428185,0.3111929481607242,0.2439326956848039,-0.0010996315978813057,0.9726252901914237,0.04211212292080745,-0.07053173180892366,0.02327336919546972,0.07131973384508644,0.331796875,LR,l2,1,k0.7,0.9344000220298767
25,20,train,-0.4213608619204715,0.47741676166835456,0.4054002877712945,-0.22633641118610645,0.32007881881306505,0.23460636763286238,-0.0023715263062371542,0.9949003610332078,0.03987752895685844,-0.20305643660234943,0.026128255397834765,0.07402375259478206,0.22513671875,LR,l2,1,k0.7,
25,100,train,-0.18596069892497907,0.7331356087960144,0.6498401421725946,-0.13035447921162183,0.33409013087872635,0.3050001456796275,-0.0014259064067108657,1.045920381735294,0.0431560485297814,-0.10291068367871681,0.02898962480644447,0.08085785776563686,0.34568359375,LR,l2,1,k0.7,
25,300,train,-0.25876528422547973,0.8450630357504701,0.5915134108028439,-0.17039009459463744,0.33712794831622406,0.3187028268808987,-0.0017934915986260842,1.0352971632917713,0.04350796275772154,-0.1402133921795858,0.032115401103375,0.0797044529192217,0.31349609375,LR,l2,1,k0.7,
25,625,train,-0.11035652850173928,0.8839960011820696,0.45896299445776884,-0.08234726297447562,0.31122657728657543,0.2632606250195306,-0.000984402492463339,0.9737412295597294,0.044154091882519425,-0.0566859454265892,0.02497458917224866,0.0710548188847698,0.3588671875,LR,l2,1,k0.7,0.9402999877929688
26,20,train,-0.2002432315823976,0.4908114063998124,0.396609509529899,-0.12029542829721608,0.31665756508831316,0.25396378156224614,-0.001335526328873321,0.9978157841180629,0.042958367134269794,-0.09385002766558193,0.02534123875401729,0.07434041395308251,0.31224609375,LR,l2,1,k0.7,
26,100,train,-0.14811134449914504,0.7335623388050789,0.6516827582024838,-0.09133892084961603,0.33672880252202037,0.32714206059284956,-0.0011032354209799227,1.0572454031806615,0.043918612177367325,-0.069094410304886,0.0309675453630261,0.08168878991370587,0.37091796875,LR,l2,1,k0.7,
26,300,train,-0.15257381415198162,0.8393552912945126,0.52105700212498,-0.07942055065757253,0.33130390110917507,0.29259438563023965,-0.0010346652812871769,1.0531388706882117,0.045156026654876766,-0.06083282075889988,0.027804069933215027,0.08104498654867115,0.35890625,LR,l2,1,k0.7,
26,625,train,-0.12314066263442447,0.8917164718035869,0.43993020590408916,-0.05730794534395808,0.31544871596734536,0.2550049807989606,-0.000839757222436285,1.0014550738463983,0.04395863392506726,-0.04206425842780037,0.024108897120129553,0.07455069889659771,0.36265625,LR,l2,1,k0.7,0.9172999858856201
27,20,train,-0.3767526331699846,0.5137889688410653,0.5017609728330805,-0.17414668161389535,0.3270554507692338,0.2673986911212982,-0.0019370217665035565,1.0244478014197598,0.04208969609462656,-0.15633457517472776,0.027547520872351204,0.07803121325719387,0.25939453125,LR,l2,1,k0.7,
27,100,train,-0.292406707751951,0.7506221660723835,0.7649294996470585,-0.14042814361858932,0.3437092428648364,0.3387988201310171,-0.001637083430683112,1.0655711278591433,0.04362675053300336,-0.12407249392452378,0.032696498799103885,0.08353329649748954,0.30798828125,LR,l2,1,k0.7,
27,300,train,-0.18001727804763665,0.8327497052601306,0.6256491738659496,-0.09171357858581977,0.33260232479696306,0.29903212757384684,-0.0011940620314407442,1.0453488715311505,0.04507801309591741,-0.07723908861983117,0.028369863493378143,0.08055375739897878,0.343203125,LR,l2,1,k0.7,
27,625,train,-0.08213043617068261,0.8896386338528292,0.49250863109896076,-0.040784046187111136,0.3146847708913316,0.252323794593946,-0.0007217681960209908,0.9905049100280207,0.04556221193852252,-0.028374142725873335,0.02353440262874465,0.0738485012895442,0.365390625,LR,l2,1,k0.7,0.9315999746322632
28,20,train,-0.38735715863512,0.4993722256499309,0.5281487154676553,-0.16593018590924882,0.3269465702040239,0.2760738645408481,-0.0019395735117722999,1.0197628157120588,0.04301225909031928,-0.15567340738076754,0.028209299265737578,0.07692980048656999,0.26703125,LR,l2,1,k0.7,
28,100,train,-0.355523601792179,0.757974718605976,0.7467917777305126,-0.162901127477474,0.34559788657094004,0.35184840877513807,-0.001925945943680748,1.0754381747145416,0.043927733541931954,-0.15336195467299896,0.03491533256255949,0.08221504159475188,0.29859375,LR,l2,1,k0.7,
28,300,train,-0.18907999953576765,0.831972286922427,0.6394945777395086,-0.10080899847588908,0.33494740424640623,0.3127575846973075,-0.0013053071618686527,1.0569162903250933,0.044535090875579046,-0.08917771858033938,0.029799642268154253,0.08004992569890941,0.3512109375,LR,l2,1,k0.7,
28,625,train,-0.11183202289070145,0.8947162918322727,0.5398830101502314,-0.05219620050409819,0.31738733047409007,0.2750988455511618,-0.0008867123234064184,1.0006691124969151,0.044798007052741014,-0.04603486309877338,0.026838620621601673,0.07229494716776999,0.35177734375,LR,l2,1,k0.7,0.9261999726295471
29,20,train,-0.45188008380826944,0.5031257363902822,0.48532625330167967,-0.20286265021538236,0.329386744264354,0.28825073812251967,-0.0022528044273057617,1.0264628683553303,0.042100834328739435,-0.18867152173383772,0.03109555596360024,0.07518861376545952,0.2250390625,LR,l2,1,k0.7,
29,100,train,-0.2456932952831371,0.7549352837681373,0.7952820582069579,-0.11921085334522004,0.3428811385063711,0.3579306848116232,-0.0014901998502469753,1.0720190001871108,0.04527599272900261,-0.10737681915173271,0.03442098176239241,0.08120940922228277,0.3376171875,LR,l2,1,k0.7,
29,300,train,-0.2630595453638154,0.8405291186146542,0.683283869586798,-0.11278982190809339,0.3373029737148808,0.33929202837742395,-0.0014271666771531516,1.0525016917138545,0.04591877698032477,-0.10027705457462234,0.0328030795879824,0.07921653386701702,0.315078125,LR,l2,1,k0.7,
29,625,train,-0.22205763474838655,0.89560374861304,0.578502383497785,-0.08689404555446086,0.3223518895600229,0.3044898301112877,-0.0011957832622730624,0.9924662771437673,0.04635855782078579,-0.07613486301511681,0.029324861339364686,0.07278316601986068,0.31015625,LR,l2,1,k0.7,0.9365000128746033
30,20,train,-0.3009290424106674,0.4865936633205291,0.39514163579853834,-0.14396402048581206,0.3258833585132223,0.29799668305496474,-0.0017583723104434487,1.0126932907826764,0.044936222186443046,-0.13518758971565287,0.02965153082589611,0.07531304707492058,0.25853515625,LR,l2,1,k0.7,
30,100,train,-0.1800855401931673,0.7375825562232632,0.6235240963188408,-0.08273928107595928,0.33733850120510284,0.3445174736065414,-0.0012445194996187207,1.0519466199376408,0.04697302397828025,-0.08051283036918701,0.03166343975573215,0.08115276184813375,0.33748046875,LR,l2,1,k0.7,
30,300,train,-0.16253661506309366,0.8397910583132242,0.6021412814456842,-0.06758134589566588,0.33662874994630515,0.34167642173968704,-0.0010870006900611014,1.0365592812559334,0.046309787812060674,-0.06504018435887071,0.03207552548431326,0.08034547396158435,0.32953125,LR,l2,1,k0.7,
30,625,train,-0.1409818994324022,0.8976282497103314,0.5311913459858189,-0.06251462231344862,0.3215903376085456,0.30544530477185977,-0.0010244181007413864,0.9828563184958121,0.04550252952234587,-0.05943661913867276,0.028539821443098315,0.07416825978475589,0.34541015625,LR,l2,1,k0.7,0.9326000213623047
31,20,train,-0.3000880303603923,0.478781295857559,0.44281205835301063,-0.1257207259983821,0.3265770807986442,0.3044141215338742,-0.0016557254445177451,1.0040211082694044,0.04367605755571276,-0.12593283400753968,0.03000830177208444,0.07625182848938616,0.27701171875,LR,l2,1,k0.7,
31,100,train,-0.33306090190252347,0.7664742553516747,0.7561174989374752,-0.12357644531082805,0.34319873923090033,0.370545558351574,-0.0016817612566516244,1.0550588150569487,0.04473395597469789,-0.12754198721332588,0.03571937013685507,0.08222020889850208,0.30341796875,LR,l2,1,k0.7,
31,300,train,-0.19402147795273678,0.8345784330753775,0.6604102710968516,-0.0594473396438365,0.33550637134509603,0.35276227784384934,-0.001109850534775428,1.0295736332814844,0.04624810132896528,-0.06744255893564827,0.033551839952761,0.07937672479090113,0.3374609375,LR,l2,1,k0.7,
31,625,train,-0.1217001647607959,0.8825306995679373,0.5915481566895925,-0.031383708932437165,0.31816229717937594,0.31549194952289555,-0.0008396864551390329,0.9688555027460535,0.045758215686655605,-0.04025742741913087,0.03022759446295226,0.0717322043866546,0.35875,LR,l2,1,k0.7,0.9340999722480774
32,20,train,-0.2816274134935137,0.47338613657267825,0.4548043780096723,-0.1271322755740763,0.32228145189859103,0.2897116667762176,-0.0017431696980809875,0.9938383683717033,0.04418513589160284,-0.13438135366565593,0.0299501046800601,0.07553628475614423,0.2996875,LR,l2,1,k0.7,
32,100,train,-0.30876217232127795,0.766480070702686,0.6775041973282899,-0.13641184251315974,0.34592229012471004,0.35879294480235807,-0.0018690640748420858,1.0720659039838427,0.045605855732865165,-0.14585697830420905,0.036346743374154576,0.08437790236704384,0.32330078125,LR,l2,1,k0.7,
32,300,train,-0.2181825779873583,0.8645591133746386,0.6937320850754238,-0.08321172669128146,0.34170276011098866,0.3555947817948785,-0.001352950235241194,1.0690167006395366,0.04741674379212782,-0.09117651784995427,0.03427196038278322,0.08354128812516307,0.35185546875,LR,l2,1,k0.7,
32,625,train,-0.2211053304041815,0.9183087180019905,0.5792367889305163,-0.07536573480235352,0.32363169451724977,0.3132754910214332,-0.001282176212863365,1.0155022304111454,0.04663823037364637,-0.08470509528012174,0.030308605439409476,0.07535743399413032,0.33712890625,LR,l2,1,k0.7,0.9345999956130981
33,20,train,-0.1733029019729063,0.5267575480063117,0.46497561571786244,-0.09412451511383857,0.3317984894687175,0.32733774865285725,-0.0014581111263319141,1.0396353174974116,0.04625257288149442,-0.10311314033627507,0.031601880571996824,0.07848926279666063,0.324453125,LR,l2,1,k0.7,
33,100,train,-0.2671449595442535,0.7680507636544073,0.6680384066726268,-0.12642467074695105,0.35085337711076997,0.4020714881700176,-0.0017435247908681147,1.0881312772635607,0.04700869734340813,-0.13159416714196828,0.038297642133822994,0.08447568923008142,0.31892578125,LR,l2,1,k0.7,
33,300,train,-0.14983356959082525,0.8450457558210984,0.5631018529887568,-0.07713314300302455,0.341098055134271,0.3593549180871701,-0.0012593973082316032,1.0691581351479753,0.048017800379311665,-0.08099210412760467,0.03369012156279533,0.0823527810556274,0.34509765625,LR,l2,1,k0.7,
33,625,train,-0.1498911461897516,0.8987121468167503,0.49319745147660343,-0.06587822466054057,0.3238807203989157,0.31624181067170537,-0.001102784903668127,1.0086486279014941,0.04642421059368644,-0.0665426618809453,0.029055320867735056,0.07483103268531606,0.347265625,LR,l2,1,k0.7,0.9275000095367432
34,20,train,-0.2783315817153412,0.5056261844528201,0.45689286124318085,-0.13426739385848555,0.3307197743617645,0.3060431147238861,-0.0017607641819318337,1.0310810716104966,0.04594384869851638,-0.1344249812850797,0.030303374279138852,0.07791214862387051,0.26583984375,LR,l2,1,k0.7,
34,100,train,-0.2568956133892036,0.7678530147866486,0.5638535704291749,-0.13074941681527805,0.34590309705842825,0.34508434258779885,-0.0017482638369880293,1.0814452465903954,0.04796917123836465,-0.1311191507617991,0.0342415330807261,0.08429983200833911,0.3194140625,LR,l2,1,k0.7,
34,300,train,-0.21437693422967208,0.8595777872924605,0.6017353318982568,-0.09745696277748361,0.3396500861707954,0.3513892284873046,-0.0014388989257351373,1.0625920562457403,0.04928800472524017,-0.09810965270254343,0.03402101485987094,0.08032218041070553,0.3341796875,LR,l2,1,k0.7,
34,625,train,-0.20310613103580402,0.9083831513064934,0.5047236010532644,-0.08001709524353824,0.3200865910920862,0.29618528403197164,-0.0013278365202848874,1.001533194684781,0.04772070736034948,-0.08829996027414623,0.028643474994653056,0.0727096808519541,0.32462890625,LR,l2,1,k0.7,0.927299976348877
35,20,train,-0.16047224838193183,0.4822062877725303,0.4292097326551745,-0.09397897453764933,0.3226341526383297,0.28702313397619084,-0.00149520228603661,1.0210264283338961,0.047892528214724735,-0.10527272224222842,0.028064256419204733,0.07505733828177809,0.3480859375,LR,l2,1,k0.7,
35,100,train,-0.11920125349426143,0.7326275345308214,0.5798925672812467,-0.05604243559745548,0.33813079839224114,0.34561156814128613,-0.0011971389309972898,1.074586694259815,0.049931146853487006,-0.07270114572012097,0.03235576692277868,0.08127640313012612,0.36453125,LR,l2,1,k0.7,
35,300,train,-0.04893533177695039,0.8274940592078288,0.4988976310015606,-0.026791004473690226,0.3327441417015307,0.3331094528073432,-0.0009060780119781016,1.057907852128617,0.0501633209099964,-0.042653328003798875,0.030756767757478515,0.07968479025973989,0.38939453125,LR,l2,1,k0.7,
35,625,train,-0.07310648751043723,0.8890208967754423,0.5565498018593812,-0.014235866540840086,0.32170519966733746,0.3341372426334848,-0.0007838037645779772,1.0014335457486814,0.04860193998378236,-0.03168920258055502,0.030922398877131954,0.07271970467025174,0.37103515625,LR,l2,1,k0.7,0.91839998960495
36,20,train,-0.22207996632815608,0.48097164456376734,0.34421707129847234,-0.08571184115833658,0.319606756900522,0.2636503287877593,-0.0014478338104223088,1.0258921317638023,0.047307756440714,-0.10100517102356893,0.0254327848329961,0.07581401235585009,0.3065234375,LR,l2,1,k0.7,
36,100,train,-0.18698895871521054,0.7630794349452286,0.5837900009801702,-0.06486289757528768,0.3405090824249471,0.3418382103440806,-0.0012838084583350962,1.082932702822533,0.049237012017983944,-0.0822735172903128,0.03206244867290756,0.08315630359336895,0.3469921875,LR,l2,1,k0.7,
36,300,train,-0.10702744525430298,0.8446237920514821,0.5319669343757778,-0.03526811383795638,0.3335558274124678,0.318991088907472,-0.0010068431650816542,1.0701056215763063,0.05066872217546916,-0.05247008853313557,0.030294215116391587,0.08101013355346125,0.37892578125,LR,l2,1,k0.7,
36,625,train,-0.15972703910221656,0.9095544535338971,0.5617591235279873,-0.041485519696890634,0.32410821453772165,0.3174945822881347,-0.0010793786825646953,1.0131899354192866,0.04984425081900554,-0.06072493958207824,0.03115145079286505,0.07421557391352827,0.3523046875,LR,l2,1,k0.7,0.9309999942779541
37,20,train,-0.212408052924678,0.4863039625926823,0.6131049294470747,-0.0724646583494364,0.33074871753262175,0.33952583231918865,-0.0013361405585000285,1.0323586106219624,0.04880413737380877,-0.08806717776497724,0.03311335549960119,0.07647232850061142,0.304609375,LR,l2,1,k0.7,
37,100,train,-0.17410822396436912,0.7561964161267917,0.709763909380705,-0.06241718249133496,0.34458156510123733,0.36530380769774173,-0.001232604867417997,1.0853712707703553,0.050744763966067696,-0.07552058152974199,0.03535761997338551,0.08377564009317648,0.34244140625,LR,l2,1,k0.7,
37,300,train,-0.16623124913823492,0.8523143492656629,0.5945296849106476,-0.07621868760796952,0.33836976701805177,0.3170028834447709,-0.0012872305041749174,1.0694498669166876,0.05161508943361696,-0.08024598676256663,0.03170362555141677,0.08299134158506682,0.35533203125,LR,l2,1,k0.7,
37,625,train,-0.17341569925490233,0.9158171798515248,0.508062745004088,-0.05806687921153401,0.3230458118329192,0.29075436963719864,-0.0011195448036594644,1.0101232210277435,0.051804034749220594,-0.0628796852073738,0.02877812760490103,0.07641259251900122,0.3375,LR,l2,1,k0.7,0.9272000193595886
38,20,train,-0.4298872708052219,0.46509793380374415,0.5342357081734085,-0.19443976891073705,0.3326376141991133,0.3099752569323437,-0.0024552270106909684,1.0283933741234488,0.049292898701678495,-0.20221518387220727,0.03353559706982694,0.07957655941752821,0.23833984375,LR,l2,1,k0.7,
38,100,train,-0.26607507386683915,0.791233449361068,0.8865172749607187,-0.11491658563654966,0.3512535419074082,0.38904297397988197,-0.0017022366689203449,1.0935360177913662,0.051906707813905086,-0.12246669180368382,0.038681639169058396,0.08742937363829982,0.3241796875,LR,l2,1,k0.7,
38,300,train,-0.24923651596843446,0.8650787420509732,0.6497934530989913,-0.10026613949184743,0.3403899220996183,0.32655911931086906,-0.0015407057866615227,1.079178633557622,0.05172081832628464,-0.10610571116626798,0.0327766261997737,0.08543142274352816,0.32224609375,LR,l2,1,k0.7,
38,625,train,-0.1644426606418011,0.9068971977541048,0.591528092238366,-0.05334526010198119,0.321843540095293,0.2832583148077321,-0.001066795964887708,1.024101677694066,0.05191782399124349,-0.05736242034386452,0.0281615728032041,0.0771515334865584,0.35462890625,LR,l2,1,k0.7,0.9355000257492065
39,20,train,-0.1253886351047342,0.4832090740749509,0.39020162795061014,-0.07569609416358136,0.326441947703447,0.2918612781500841,-0.0013008643785755516,1.0414074726910538,0.05269403103739023,-0.08056366941945249,0.029111838009563632,0.07976660250944914,0.3388671875,LR,l2,1,k0.7,
39,100,train,-0.16712019831864444,0.7421146465720789,0.6379580735437752,-0.08184359471565184,0.3436641990980539,0.3308213732270731,-0.0013832319401641247,1.0895060901614666,0.05398141007288359,-0.08771384316063635,0.033041875471183646,0.08714060749493832,0.3536328125,LR,l2,1,k0.7,
39,300,train,-0.08785604237755351,0.8314984850302777,0.5544606832034226,-0.04854982479551269,0.33373456964694914,0.29934757226318776,-0.0010732162148413406,1.0642260908873709,0.05470791392028332,-0.055230006771614513,0.029845548888407528,0.0836710499897702,0.37515625,LR,l2,1,k0.7,
39,625,train,-0.14172354776169824,0.8922614379338841,0.48602993891552515,-0.05681023574009661,0.32018763666785577,0.28044152935753686,-0.001099407702826223,1.00150968201254,0.051694430387578906,-0.06092648902262515,0.028222446293082824,0.07616268998695992,0.3426171875,LR,l2,1,k0.7,0.9340999722480774
40,20,train,-0.24862713574819448,0.47057400708428804,0.3986019629973594,-0.12925776732977048,0.3294717537408636,0.2753342369179678,-0.001762307855604663,1.0194644613273716,0.050916764903813604,-0.12961019563303983,0.030027452770526018,0.08030875580563994,0.28404296875,LR,l2,1,k0.7,
40,100,train,-0.1140379548659265,0.7684322869492347,0.5968656947323346,-0.09003727123702994,0.34699597197474547,0.3306209717327819,-0.0014114219634112466,1.0739389459818534,0.053117887573316695,-0.09146508995768138,0.033431933042907855,0.08883076200119955,0.3915234375,LR,l2,1,k0.7,
40,300,train,-0.05713961095953371,0.8458086953066456,0.5272128296116924,-0.04753904890077643,0.33930060068600193,0.28890023801399595,-0.0010178970028285426,1.0646614254919964,0.05401369543746114,-0.050257446222496345,0.029173064636115638,0.08694693088761347,0.387578125,LR,l2,1,k0.7,
40,625,train,-0.08121406953998916,0.9256632751607534,0.4735510609052984,-0.0670385527071152,0.32736236368960564,0.2777626183282173,-0.0011166350183367969,1.016808836913389,0.05250734314671718,-0.061878304768465495,0.027737547433095262,0.080138894379686,0.37544921875,LR,l2,1,k0.7,0.9243000149726868
20,0,pre,-0.13923309799965006,0.324269665016407,0.2215857141361728,-0.16792148291878317,0.3232480310824523,0.23827966873178746,-0.0018328485588823757,1.0320847257760888,0.03603816182745504,-0.15171483399963337,0.025524864429040773,0.08000642351300588,0.3134375,LR,l2,1,k1.0,
20,0,post,-0.13923309799965006,0.324269665016407,0.2215857141361728,-0.16792148291878317,0.3232480310824523,0.23827966873178746,-0.0018328485588823757,1.0320847257760888,0.03603816182745504,-0.15171483399963337,0.025524864429040773,0.08000642351300588,0.3134375,LR,l2,1,k1.0,
21,20,train,-0.3686430617063886,0.49370354377348796,0.4430885580885833,-0.24156922264180727,0.33028081727045366,0.22026368073274416,-0.0025138937209576813,1.0499028539299717,0.03497007231111638,-0.2225476996910175,0.027926928357779178,0.08298585970047449,0.25892578125,LR,l2,1,k1.0,
21,100,train,-0.3336490985732999,0.7571401907317766,0.7616026564928373,-0.22406681632472603,0.34892426453208936,0.31367935531059826,-0.0023811931171298676,1.1004757926764734,0.03645867368904874,-0.20746553882559093,0.03447907989227092,0.08908816072542897,0.29609375,LR,l2,1,k1.0,
21,300,train,-0.24888227721036274,0.8464742413066821,0.6085914109825625,-0.18819081943683155,0.3397394336681662,0.2795082987723061,-0.0020656497170033913,1.0775333554944688,0.037442252488108355,-0.1741583845733923,0.030321786517780044,0.08655854257408778,0.325390625,LR,l2,1,k1.0,
21,625,train,-0.20847597626089204,0.9002486010202005,0.4704250561724466,-0.15347315220988336,0.32120291888856767,0.23529205305394982,-0.0017318868660752154,1.0170422444934852,0.03638273264747113,-0.1410279682876283,0.02557306485202198,0.0787062376759019,0.31728515625,LR,l2,1,k1.0,0.9247000217437744
22,20,train,-0.24887628075878396,0.5083116433674643,0.40805792269306757,-0.16655729986389659,0.3289270777975678,0.25403482323969945,-0.0018791196795061838,1.0410829571991418,0.036109678020584395,-0.1563832301551238,0.027190418388233707,0.08184154159361434,0.2993359375,LR,l2,1,k1.0,
22,100,train,-0.16320235506578318,0.7476722108380792,0.6748400664762739,-0.12898681128930026,0.3436304572892461,0.3185947244393392,-0.0015277354169161838,1.0879282720215437,0.038155503829475496,-0.11834236936745969,0.031047216403900978,0.08660543663784455,0.35849609375,LR,l2,1,k1.0,
22,300,train,-0.21114765902297383,0.8319459225179788,0.5863789809938943,-0.16236913939726108,0.3402542011361822,0.2977429503033099,-0.001842850374046211,1.0744839988489554,0.03792957399055012,-0.15084798589646475,0.030399016348251193,0.08502346379935112,0.33880859375,LR,l2,1,k1.0,
22,625,train,-0.18303231912919493,0.906324748391834,0.48237687053529144,-0.13901460657875261,0.3255103066235568,0.26401912930065974,-0.0016291210918148876,1.0260975856521757,0.03725636801565997,-0.12962723187098613,0.025808563534258484,0.07907804598675189,0.343359375,LR,l2,1,k1.0,0.9225000143051147
23,20,train,-0.3444720759738767,0.4745307602397485,0.3504982065319551,-0.2130703972494869,0.3271790419048272,0.22014389576762342,-0.002341042191649707,1.0438601367550027,0.03550993538578041,-0.20430130417885892,0.02572501790178467,0.08143733868539282,0.2558203125,LR,l2,1,k1.0,
23,100,train,-0.25149634807341825,0.7547531488205051,0.5898465296980487,-0.1649786192675597,0.3452172710562709,0.28699131389482235,-0.0019243832178695794,1.0989446306243713,0.03765111892105779,-0.15947848708125317,0.029195355893311313,0.0892735153958009,0.31775390625,LR,l2,1,k1.0,
23,300,train,-0.2657859152360517,0.8478494540666079,0.5410798393066828,-0.16350603833343225,0.3387705007656529,0.26791770045726687,-0.0018797064004365555,1.0780183379758292,0.03823763382868492,-0.15431537675529802,0.028075307056906338,0.08611851669608978,0.29953125,LR,l2,1,k1.0,
23,625,train,-0.175750644304945,0.8976801869914617,0.4692556320538492,-0.10211014760511608,0.31889707791596883,0.23897344181197336,-0.0012805973808625124,1.0148491961548842,0.038702233506483025,-0.09247936005183659,0.022988225033836348,0.07767838337221383,0.339921875,LR,l2,1,k1.0,0.932699978351593
24,20,train,-0.3572668928017118,0.5102105938581493,0.42442055637958065,-0.16773819141750118,0.3225365159600737,0.21426132858123279,-0.0018689476539995292,1.0425918487924735,0.0374384606606327,-0.15401244748007611,0.022750143900013536,0.08097266943147327,0.26849609375,LR,l2,1,k1.0,
24,100,train,-0.24048470932346377,0.7671873162239737,0.6994166392069602,-0.12172586556530518,0.3422533115727464,0.2756791952228464,-0.001398015796646713,1.0981647613760313,0.039616659976309164,-0.10359301916601375,0.026768275088793467,0.08927462589625262,0.3316796875,LR,l2,1,k1.0,
24,300,train,-0.2965574290660878,0.8718901675786754,0.5664687813782993,-0.14863128797990735,0.3379829348300835,0.25037696832746603,-0.0016577787537538614,1.0857590942642283,0.03942089614341967,-0.13039833192503494,0.025861790082568534,0.08758073755286322,0.29982421875,LR,l2,1,k1.0,
24,625,train,-0.26206657519884535,0.9322383065385411,0.5394442406938147,-0.11435746749193612,0.32671867655398823,0.2548927770378392,-0.0013067398037736966,1.030693302140994,0.03924120192299597,-0.09461836423484189,0.025592221513823593,0.07954910027254179,0.31564453125,LR,l2,1,k1.0,0.9348999857902527
25,20,train,-0.34342726943261637,0.4952892055740526,0.418988191932249,-0.21698727114507282,0.3351338678193836,0.257360660716721,-0.0022682076711156747,1.0529878692543668,0.03799481694863061,-0.19435541370524917,0.02847040806670179,0.08225136585619079,0.2679296875,LR,l2,1,k1.0,
25,100,train,-0.17926299317864294,0.7513809079118483,0.7711019828326164,-0.1583400247401844,0.3520050005081003,0.3364667110431827,-0.001682006991904372,1.1060189559005444,0.04073327497870196,-0.13156784079090808,0.03317068401776858,0.08906451516091175,0.36443359375,LR,l2,1,k1.0,
25,300,train,-0.23753723778579638,0.8578568735302807,0.6269578404366744,-0.19519169128604466,0.35168903136061375,0.33521408231063515,-0.002034312937328666,1.0918237919996236,0.041386822356435,-0.16700374356471417,0.03476892658211942,0.08721417233658038,0.33568359375,LR,l2,1,k1.0,
25,625,train,-0.17452462639539426,0.9016911439202909,0.4822586832785955,-0.14234022703967564,0.32545175146276223,0.275303388091845,-0.0015457194096777011,1.0266263061670187,0.040476171614136545,-0.11786394244964167,0.027812254302057443,0.07736087397413245,0.3403515625,LR,l2,1,k1.0,0.9366999864578247
26,20,train,-0.21903060814093145,0.4814316448004887,0.2798625499527845,-0.17013052376740948,0.32800127702298976,0.2506590951670251,-0.0017962333885190049,1.0424012277034265,0.03997840173658915,-0.1440238161579056,0.02657366825171981,0.08048474776187639,0.29330078125,LR,l2,1,k1.0,
26,100,train,-0.10502339414479148,0.7232472824377156,0.5730311631390324,-0.12019434027073311,0.3466861235599832,0.33958573488116445,-0.0013536564742843648,1.086019789263787,0.04138807882947731,-0.09727752839483127,0.032724963011588795,0.08699842662778806,0.374453125,LR,l2,1,k1.0,
26,300,train,-0.0902097784082767,0.8259303105345802,0.4595837266878945,-0.09802724657174716,0.33719329683716603,0.28999465910358924,-0.0011696147830273706,1.0722624728557535,0.042302454982418566,-0.07751032410007391,0.027649825949187194,0.08517267763374935,0.37822265625,LR,l2,1,k1.0,
26,625,train,-0.1354862110426168,0.8893989720085617,0.43845646369470015,-0.09333620931875297,0.3223948034541749,0.26564391788713604,-0.0011188709932937928,1.017954500252465,0.04108505125128431,-0.07352964504584783,0.025497624685967092,0.0777852603431784,0.34935546875,LR,l2,1,k1.0,0.9194999933242798
27,20,train,-0.2871498333293119,0.5061165951653273,0.3660989568797419,-0.1679227413822637,0.3260402056709979,0.2317654803232326,-0.0018172601084339075,1.0382760836858185,0.03995282823743764,-0.1462033208355541,0.024087577835851554,0.08103413378456743,0.28765625,LR,l2,1,k1.0,
27,100,train,-0.22226198664840666,0.7557494700506597,0.6658388605418635,-0.15252295316050268,0.34434693834594743,0.3081122068027766,-0.0016817845396620878,1.0855940532804684,0.041699562355643136,-0.13057876589302583,0.030193420838330702,0.08688827467862253,0.34369140625,LR,l2,1,k1.0,
27,300,train,-0.17997906411300235,0.8529449820114939,0.541914071532375,-0.13505622160098285,0.3364640749282144,0.2797230052302267,-0.0015395784980225397,1.0727710384665912,0.04275507561484119,-0.11495597689620896,0.027551241673069774,0.08426922941748352,0.34685546875,LR,l2,1,k1.0,
27,625,train,-0.07386050054183152,0.9052465624318918,0.4600873228397532,-0.07438659463438542,0.31861448536347947,0.2440624542069784,-0.0009798483759780802,1.0161045158002577,0.04315513674140675,-0.05721838684003513,0.023340160368202186,0.0767724302738178,0.3783203125,LR,l2,1,k1.0,0.9305999875068665
28,20,train,-0.30451351534997145,0.4860193169961684,0.3852774863876832,-0.16226120727256485,0.3274721155986238,0.25390381675063556,-0.0018122020647326784,1.039060973932846,0.0416203939873958,-0.1440176201565928,0.02596476044968602,0.07921212193638888,0.26423828125,LR,l2,1,k1.0,
28,100,train,-0.22246342364113159,0.7277033886122968,0.61964754737015,-0.1406640916400102,0.34285706300190766,0.3224930881226672,-0.0016017708696309731,1.0840315560938025,0.04286144757992588,-0.12122045539254761,0.03132801848449783,0.08377248367156406,0.32888671875,LR,l2,1,k1.0,
28,300,train,-0.13910839900774694,0.8232508400240807,0.5820485075224628,-0.10920886540309965,0.33706316192873836,0.30335794914911324,-0.001303891248358116,1.0734899877728104,0.04284288386174012,-0.09072488251238792,0.028852988625992247,0.08218667703889083,0.36466796875,LR,l2,1,k1.0,
28,625,train,-0.08736841387858585,0.8998429933103966,0.4902037323769172,-0.0732169259357646,0.32065544431740955,0.27321515452893536,-0.0010094675485151099,1.0218844091781962,0.042900959181715735,-0.06050668762327152,0.02658762411607099,0.07430896520746684,0.37560546875,LR,l2,1,k1.0,0.9233999848365784
29,20,train,-0.44311949798289235,0.48968259925788155,0.4583115963057179,-0.21815559109017404,0.3331081699740477,0.29200551701045346,-0.0023357689937116522,1.0422963453175762,0.040135250077582896,-0.1991358146288222,0.03197318620837435,0.07678524937657699,0.2275390625,LR,l2,1,k1.0,
29,100,train,-0.29291837861157893,0.742237358222638,0.7758799060684914,-0.1565848889279714,0.34689891022410585,0.36159590540690334,-0.0017950617415317188,1.0793940249426413,0.042973527943249795,-0.14090866899760499,0.03589808570034449,0.08241983924228322,0.31,LR,l2,1,k1.0,
29,300,train,-0.33385111242787774,0.8396413865040366,0.6467597524928741,-0.16141260777776723,0.3424665045490666,0.34313741144990956,-0.001839455169296191,1.05848580560836,0.04388445943652187,-0.14454530310511313,0.034671836467489,0.0806708563401925,0.2700390625,LR,l2,1,k1.0,
29,625,train,-0.26966911369564384,0.8918785295098065,0.6132472107757174,-0.11996393229666243,0.3263625365030686,0.31732002630317085,-0.0014628253692922813,0.9929831231305897,0.0441019414018956,-0.10574668854927027,0.03143811662398388,0.07323283294160034,0.29298828125,LR,l2,1,k1.0,0.9352999925613403
30,20,train,-0.40099466807642625,0.476364665973331,0.4587309739665911,-0.21425893818154876,0.3314311477504589,0.31490224435141223,-0.002347582178650984,1.008536019378656,0.04164943337440491,-0.1988317481481825,0.03329906724853805,0.07548392628541835,0.2266015625,LR,l2,1,k1.0,
30,100,train,-0.29184697964050277,0.7231867281570095,0.6498907561774345,-0.1563703714739083,0.34034192659411155,0.3516291515576935,-0.0018790171506679252,1.056427000712989,0.043461151556111875,-0.14902125378975342,0.03444584291175029,0.0810690830502486,0.308828125,LR,l2,1,k1.0,
30,300,train,-0.20220652068704154,0.8198262637679002,0.6683340116812392,-0.11060347292335475,0.33785763943256486,0.3491442718826889,-0.001470987281716759,1.0438528262586046,0.043337773889070376,-0.10734694451138259,0.03377256399746816,0.07991114009255258,0.32482421875,LR,l2,1,k1.0,
30,625,train,-0.1668570951568635,0.8789686206939602,0.5219852497377461,-0.09625748776078828,0.3210975022052855,0.3068597027954861,-0.001334182885340114,0.9878473777172918,0.042564375245710835,-0.09410640013825311,0.029350965107202587,0.07335128209204918,0.329453125,LR,l2,1,k1.0,0.9312000274658203
31,20,train,-0.332593467065135,0.46659542741280924,0.5111026670402812,-0.15753776722486598,0.32935606716204924,0.32910661439901984,-0.0019475232766702625,1.007048744458403,0.04080437787692062,-0.15869564511504733,0.0330309867816081,0.07545286396592145,0.2650390625,LR,l2,1,k1.0,
31,100,train,-0.2592285392549186,0.766417991113817,0.7460609256064871,-0.12261598090759934,0.34321984064126565,0.36076964118543225,-0.0016578787786874533,1.071883946008905,0.042814996060915295,-0.1270144783428671,0.035295999315043555,0.08293420473640899,0.3241796875,LR,l2,1,k1.0,
31,300,train,-0.21704851628633479,0.8507102067119311,0.6737676654072561,-0.09317333189082787,0.33704513812596415,0.3430600815572611,-0.001397846525817834,1.0574812396023725,0.043635695879347625,-0.09955664352965464,0.03375049093098395,0.08093981561505434,0.334609375,LR,l2,1,k1.0,
31,625,train,-0.1522220877097859,0.8933571062386109,0.6255770474409565,-0.05782678516561349,0.3210658093817696,0.31961363378046864,-0.0010807158716566023,0.9976017151970598,0.0441531084687449,-0.06655306065694552,0.03140265830959606,0.07303346407997727,0.3446875,LR,l2,1,k1.0,0.9329000115394592
32,20,train,-0.3732388083442123,0.48918230957530384,0.6475104067386908,-0.18007907061534267,0.3334105480028067,0.3354576724272074,-0.002233651276634936,1.0202186570845238,0.041931237319950014,-0.18687911189784565,0.03532498669055128,0.07703876729030426,0.273515625,LR,l2,1,k1.0,
32,100,train,-0.36400686523708925,0.7485788317359532,0.7806548531644091,-0.18081437445954443,0.3526486541151363,0.39324066650841105,-0.0022708415550696057,1.068472385701685,0.043312343498546395,-0.18930769646424495,0.040406453973412665,0.0846452219831675,0.2953515625,LR,l2,1,k1.0,
32,300,train,-0.2098697000985413,0.8457759158281467,0.7019345792935948,-0.10961143214888652,0.3437817503872758,0.37423853357637654,-0.0015784620349424178,1.0532742934865056,0.04506528630387038,-0.11662891064629914,0.03644642900163308,0.0827945977702486,0.34666015625,LR,l2,1,k1.0,
32,625,train,-0.24850106785060558,0.9027360444275241,0.5728453611264175,-0.10946782269295738,0.32563247382202737,0.32828964158733526,-0.0015803380538423923,0.994032556056275,0.0434952314698603,-0.11839114075141467,0.032794186271473694,0.07467958647092589,0.31083984375,LR,l2,1,k1.0,0.9318000078201294
33,20,train,-0.1921982058012989,0.49097188839638656,0.39220105533192623,-0.12294860322058308,0.3295213912700167,0.3228876273183284,-0.0017167589621183705,1.0126732315470535,0.04331142697716132,-0.13254960457869921,0.03235895288057606,0.07690547401879182,0.2937890625,LR,l2,1,k1.0,
33,100,train,-0.25273223677406015,0.7519621339996457,0.6369875967666865,-0.1440577716505453,0.3493960014830393,0.39498984949740856,-0.0019063941536418489,1.0652437184371393,0.043990319928270766,-0.1512965256972953,0.03851332558484945,0.08364516847369793,0.3131640625,LR,l2,1,k1.0,
33,300,train,-0.1486915990580212,0.8393361364603814,0.536909179677793,-0.08978001871342782,0.3427544431599654,0.3645040823171848,-0.0013851175503155019,1.052618208132665,0.04520350670441985,-0.09668490430701214,0.034657253605778954,0.08231735673923606,0.3500390625,LR,l2,1,k1.0,
33,625,train,-0.14157232388673704,0.9018186449834253,0.5020671602323618,-0.0685096546960569,0.3267769359388661,0.3296451530725611,-0.00113770811567542,1.0010716314155588,0.04358591033149423,-0.0729584195639907,0.03059642978669774,0.07519146307176541,0.34966796875,LR,l2,1,k1.0,0.9294000267982483
34,20,train,-0.2721177927439994,0.4995915014153247,0.3976763509443791,-0.13630292040728895,0.3314045977611761,0.303418947505359,-0.001793037691389002,1.0206867766230363,0.04285809842520393,-0.1408167592479532,0.03032480298992111,0.07810929916184485,0.27859375,LR,l2,1,k1.0,
34,100,train,-0.1973355276238464,0.7612376923172162,0.6193695202348305,-0.09435662362881317,0.34481969933728535,0.34149767216591315,-0.0014308169884823972,1.0724200525476375,0.04566006452369038,-0.10090969693640137,0.03349958729152657,0.08428153921359705,0.34615234375,LR,l2,1,k1.0,
34,300,train,-0.20743784300780085,0.8523745549341248,0.5952861457592121,-0.09408007061829361,0.34094857470322854,0.34321332675724364,-0.0014450615954667246,1.057245788696388,0.04590623454307206,-0.10212271328717878,0.0342894991094698,0.08120460534176834,0.34107421875,LR,l2,1,k1.0,
34,625,train,-0.16827628747828427,0.9087000298691769,0.5017765633569273,-0.06546473398845677,0.3221504170075303,0.29139530278480896,-0.0012037114102824314,1.0073732657383971,0.04471568736131303,-0.07858987560870417,0.02868452149117183,0.07419512216476093,0.34931640625,LR,l2,1,k1.0,0.9243000149726868
35,20,train,-0.1383896877529018,0.49041487813510304,0.4167341178364512,-0.07309756680020514,0.32460727566646,0.2785484400543472,-0.0013049442390731436,1.0287056673443933,0.04475041337078437,-0.0889252190680911,0.02778704429628848,0.07686335933287919,0.3464453125,LR,l2,1,k1.0,
35,100,train,-0.07058656915915573,0.7330781454222318,0.5595790082441333,-0.035792307191922015,0.341901285680128,0.3307047458468537,-0.0009705478902815976,1.0851078400028975,0.047335424369084646,-0.05208537780845331,0.03166463513061246,0.08410062085476351,0.3789453125,LR,l2,1,k1.0,
35,300,train,-0.04171865859256327,0.8342723047774232,0.4797172438705776,-0.03031778576169231,0.33780853063938243,0.32586392519863133,-0.0008882657431858368,1.0790610368031122,0.04732194565469399,-0.04367005341991088,0.03074480391386975,0.0828828922990873,0.40732421875,LR,l2,1,k1.0,
35,625,train,-0.07337854104225718,0.8967788781390261,0.5294122138858799,-0.022406642942328112,0.3269171566926795,0.3253989036051146,-0.0008186923798773227,1.0234912137200167,0.045911119119846265,-0.03795393685428489,0.031126794150982358,0.07548051370290791,0.3785546875,LR,l2,1,k1.0,0.9251999855041504
36,20,train,-0.262473197920072,0.4682388663806008,0.3557777356951483,-0.10830279613896679,0.3220658005990423,0.2411077784712515,-0.001608912282669303,1.0455357767036724,0.04394855401827954,-0.1208648996793683,0.02502971004874329,0.07825239057009005,0.3016796875,LR,l2,1,k1.0,
36,100,train,-0.25829652438235806,0.768865941032724,0.5985228113471586,-0.0921624712917319,0.3465461865850988,0.33756908238936106,-0.001517158438867289,1.1033343105183533,0.045809485756326464,-0.10960490495327858,0.03317623102599485,0.08623760199513403,0.32548828125,LR,l2,1,k1.0,
36,300,train,-0.20941946215601778,0.8484085606554266,0.48230021202347695,-0.07462422742820804,0.33559920471819693,0.28943708847514144,-0.0013585677842879226,1.0833927240929595,0.04691582741681486,-0.09225288365758257,0.029292008799866726,0.08323377486708365,0.33587890625,LR,l2,1,k1.0,
36,625,train,-0.16978875701791832,0.9049214073748225,0.43856007319988066,-0.040421895237417134,0.3210606017206834,0.2704387865696951,-0.0010408841606811764,1.0196179119334297,0.047321594186942095,-0.05930430162412425,0.027410521711959755,0.07563897058155254,0.3394921875,LR,l2,1,k1.0,0.9286999702453613
37,20,train,-0.1998860837220156,0.48383733524177946,0.49732731938459196,-0.06774371759646348,0.32509028568238063,0.2749078122555575,-0.0012601832873512942,1.0354965926386008,0.0465149050852051,-0.08257551340289339,0.028309216552857376,0.0775870210415714,0.3101953125,LR,l2,1,k1.0,
37,100,train,-0.11864820106841227,0.7380988314844117,0.7079419727751275,-0.037341037750715796,0.3398153079297989,0.30721648327103873,-0.0009490129626793776,1.085810387744307,0.04807869938274962,-0.04913611193283644,0.03072279036424238,0.08509321784290329,0.36974609375,LR,l2,1,k1.0,
37,300,train,-0.12598056453516315,0.829508423462146,0.599241419486766,-0.05163852796916534,0.3370485755260413,0.2950453148678415,-0.0010220554083667176,1.0662580213511583,0.048567331074737013,-0.05612978854934232,0.030085838492261097,0.08332102301950403,0.351015625,LR,l2,1,k1.0,
37,625,train,-0.11885993370327118,0.8998299407436468,0.47942746196232483,-0.03337310403237383,0.32127272435116055,0.2685037976198163,-0.0008639790625057094,1.0106815880044746,0.04892903897329234,-0.03957508567530416,0.026867773237580595,0.07675403639285777,0.33935546875,LR,l2,1,k1.0,0.9336000084877014
38,20,train,-0.31392415721895434,0.4916685356152631,0.5025018473399331,-0.1374827533099242,0.32827018008930386,0.27951216400444434,-0.0018857732918331047,1.0348124432329833,0.0473127078032121,-0.14586178186017404,0.02942694347349083,0.08045900699122123,0.2848828125,LR,l2,1,k1.0,
38,100,train,-0.24720929842944778,0.791834878897272,0.7140651988537033,-0.11129721475989478,0.34656880536656726,0.3358712885151597,-0.0016453125416821515,1.0940475793499227,0.049251481254104876,-0.11929073532764697,0.03489028100577005,0.08767797747314938,0.31677734375,LR,l2,1,k1.0,
38,300,train,-0.23327810235934457,0.8682096825988204,0.5841814668276553,-0.10022392067522182,0.33859714058980134,0.3030218810909616,-0.0015109372453978667,1.0755600755829247,0.048957034097984437,-0.10582007116550818,0.03170130276636174,0.0851609916843781,0.3328515625,LR,l2,1,k1.0,
38,625,train,-0.14197234370755257,0.9117004631899089,0.5509582021418629,-0.04873394472170452,0.3220486605811617,0.2793085072214425,-0.0009933765088911426,1.0148469063363041,0.04907815595623106,-0.05268115995926118,0.02842926970607972,0.07667140035089705,0.347265625,LR,l2,1,k1.0,0.9340000152587891
39,20,train,-0.1166676933243455,0.4713628868932575,0.4236648081963475,-0.06504790034934554,0.32574977295756397,0.2766436844616343,-0.0011715609139652861,1.0334917931830985,0.049677639710716905,-0.07033449676663213,0.02808737861129714,0.07957629179493299,0.35671875,LR,l2,1,k1.0,
39,100,train,-0.17216389542431454,0.7380263404327212,0.6756185929644937,-0.07853236092804018,0.34417791268184217,0.3217789622481591,-0.0013225027592326482,1.0916464436031612,0.050707741636870196,-0.08476654718649539,0.03280665391995333,0.08740703945035945,0.34619140625,LR,l2,1,k1.0,
39,300,train,-0.05598345605930379,0.8395527700022142,0.5213317186606807,-0.03385478700822358,0.3339152375679015,0.2836758396773901,-0.0008848790828895852,1.072019101507671,0.05162520367302932,-0.039019873331343186,0.028594662238316523,0.08427025569336591,0.3727734375,LR,l2,1,k1.0,
39,625,train,-0.12343754071515939,0.9084016188831512,0.4596571838128223,-0.0604282150971243,0.32206006514984425,0.2725590724336937,-0.0010924204931571234,1.0153215645230302,0.04931006558879744,-0.06259509935195641,0.02797500089222982,0.0769344587791861,0.3513671875,LR,l2,1,k1.0,0.9333999752998352
40,20,train,-0.20925231563448413,0.4924333227930951,0.46039359274252384,-0.11688887852615366,0.3338299929582735,0.2857401545560984,-0.0016079504735222927,1.0397148543098702,0.048828217221889646,-0.11588671085131969,0.030690816768297147,0.08191599207103098,0.32775390625,LR,l2,1,k1.0,
40,100,train,-0.1538376342208872,0.7757694103996265,0.7086672845244546,-0.10823833855929094,0.35368980034892467,0.3598014269609044,-0.0015506596155985054,1.0918176190863185,0.05016471374081448,-0.10868146420758677,0.036622304756668375,0.08980208773432327,0.36607421875,LR,l2,1,k1.0,
40,300,train,-0.05325295551257475,0.8503320249633013,0.6200213302812915,-0.044669544513007385,0.34161065017146586,0.2977601278457268,-0.0009640455880232826,1.0777409369249287,0.05140646984742489,-0.04734825071477424,0.02979654069979811,0.0876417041137736,0.395390625,LR,l2,1,k1.0,
40,625,train,-0.04637450031929841,0.9207045714891519,0.5072888130348692,-0.04305762558763492,0.3274185868191342,0.27677102815247223,-0.0008762776704248428,1.0221797305108957,0.05079440275789238,-0.03896956437475966,0.027407004482392538,0.08019615124509982,0.38404296875,LR,l2,1,k1.0,0.9265000224113464
20,0,pre,-0.13923309799965006,0.324269665016407,0.2215857141361728,-0.16792148291878317,0.3232480310824523,0.23827966873178746,-0.0018328485588823757,1.0320847257760888,0.03603816182745504,-0.15171483399963337,0.025524864429040773,0.08000642351300588,0.3134375,LR,l2,1,k1.4,
20,0,post,-0.13274545256072737,0.42999891103878624,0.2369449118662531,-0.17290919115314032,0.4252983151870078,0.24340727763358316,-0.0018328485755321623,1.4449186162353431,0.03603816182745504,-0.15171483570520106,0.0255248645765391,0.1568125899963154,0.33802734375,LR,l2,1,k1.4,
21,20,train,-0.5789729185055171,0.5751340739779283,0.6029117732452055,-0.33657895524886255,0.43827092780916055,0.25887074571201796,-0.003363493836748293,1.4542671279394273,0.03351123843865935,-0.3110377103738471,0.03589606207646014,0.15873675312049723,0.22927734375,LR,l2,1,k1.4,
21,100,train,-0.4746306289806913,0.8443607996796713,1.0247129688530898,-0.2830890246884115,0.4456820768107298,0.3466500835510058,-0.0028833717552922285,1.4804516851470464,0.03533519287244417,-0.2600311004941147,0.04022016099993115,0.16136521188763533,0.2826953125,LR,l2,1,k1.4,
21,300,train,-0.42428426986182943,0.9236357130196622,0.7926548771014297,-0.2541161858023079,0.42649433261489644,0.3018996285956431,-0.0026292220006377378,1.4206630499496462,0.03548111262964085,-0.233850635987516,0.03488981826305091,0.14953384021182292,0.27955078125,LR,l2,1,k1.4,
21,625,train,-0.33969570834119195,0.9537107182344177,0.6203687352318048,-0.1869501266594682,0.3908713439917836,0.24597536921627608,-0.0019912287191477048,1.3042855688036874,0.03456877451506443,-0.16940833837029437,0.02741208449764471,0.12759955443148296,0.28767578125,LR,l2,1,k1.4,0.9222000241279602
22,20,train,-0.32913459562084396,0.5587542457847829,0.4378093048035362,-0.2170469862584458,0.39838042332551277,0.2711761014604808,-0.002296363261657991,1.318715530022985,0.03389259071671404,-0.20134183702370745,0.03053088991995802,0.13004483416724175,0.278828125,LR,l2,1,k1.4,
22,100,train,-0.27851574840557897,0.791666794822178,0.7386780118425992,-0.18543021103080404,0.40718370037095014,0.3364647467364808,-0.0020097979968165063,1.3398940909091173,0.034895113702223174,-0.1709841953551906,0.034558226462627954,0.13192920391770704,0.31697265625,LR,l2,1,k1.4,
22,300,train,-0.26876909829698387,0.8754489043444026,0.6108542835557171,-0.18438562008150894,0.3942976253447611,0.30383490944725183,-0.002004888833998294,1.2928318955100215,0.03517861705367977,-0.17019780810661356,0.032301616880467815,0.1237082798972333,0.31267578125,LR,l2,1,k1.4,
22,625,train,-0.21578096457003898,0.9423157804212364,0.4773970287783486,-0.1401397906742004,0.3674218792005525,0.2584112069231626,-0.0015933473513128188,1.2015852163201286,0.035060393853927965,-0.1281586223339428,0.026023175152921015,0.10884582225507188,0.328515625,LR,l2,1,k1.4,0.923799991607666
23,20,train,-0.39246170687539617,0.5084978566203726,0.40040251106436026,-0.2319743190020315,0.37045554151701016,0.22421294256119673,-0.002469624723568049,1.2143453784473888,0.033261510937009006,-0.21972144183967113,0.027459247885046712,0.11086793151188633,0.2449609375,LR,l2,1,k1.4,
23,100,train,-0.2656628993591729,0.792744685107896,0.6942180612370779,-0.18485971435991772,0.3860072272012454,0.29781083966604305,-0.002066461991038579,1.2601020768250883,0.03574635447643232,-0.17593749015985666,0.03157641380111538,0.11778893928115358,0.330859375,LR,l2,1,k1.4,
23,300,train,-0.27554718047661825,0.8930219116674063,0.6004598417335856,-0.1806855066245368,0.375168763272203,0.2678433986819144,-0.001986663863707425,1.235028189118256,0.0362650615174789,-0.16724443756515928,0.02889423542595071,0.11172223335828563,0.31923828125,LR,l2,1,k1.4,
23,625,train,-0.2118798472885578,0.935897153465865,0.46508806243847034,-0.12802331941599676,0.34823788141791834,0.21816477037204865,-0.0014755530760724228,1.154226839021648,0.036771954370778986,-0.11438047401283208,0.022133821859609836,0.09866103265568625,0.33365234375,LR,l2,1,k1.4,0.9312999844551086
24,20,train,-0.35705358551497324,0.5300909602872618,0.37160783415150933,-0.1814532869161738,0.3526505489271506,0.20361762955183443,-0.001955769540178916,1.178690561977086,0.03601558709749952,-0.1643291650842458,0.02238504343468628,0.10166389606631902,0.26876953125,LR,l2,1,k1.4,
24,100,train,-0.24965840691459276,0.7860709737858333,0.7180372615990662,-0.14195595602147806,0.37133736136338596,0.2784822434347566,-0.0015332127622242886,1.2319645163125184,0.03809887386334594,-0.11896008660170658,0.027429723495507936,0.10900929688659486,0.341484375,LR,l2,1,k1.4,
24,300,train,-0.24017006300436783,0.8708304863418729,0.5545804515134987,-0.13952895445038777,0.35968060263421353,0.23576869488550092,-0.001539433996629416,1.201856959356714,0.03840200878388714,-0.11929424132064191,0.02375215885034711,0.10455700906338247,0.32732421875,LR,l2,1,k1.4,
24,625,train,-0.2662180806809271,0.9299703310800308,0.5088246573334729,-0.12368699779567763,0.34540064226677586,0.24441829643742857,-0.0013857130516942717,1.1255220466412843,0.0377686748112319,-0.10418073805839584,0.024597273831414464,0.09259648030010435,0.31953125,LR,l2,1,k1.4,0.9314000010490417
25,20,train,-0.4197296487989386,0.5039936218268629,0.4444175392627486,-0.24576326110140848,0.3529226774789191,0.23777711009934818,-0.002530647460866473,1.1435423239829212,0.03587061446087318,-0.22336337399784653,0.027769654908424996,0.0950687556445709,0.2375,LR,l2,1,k1.4,
25,100,train,-0.21143840242805226,0.7625098343472372,0.8250923383227995,-0.16125762660714418,0.367269227445544,0.3328241135827079,-0.0016943114580389447,1.1926691471450424,0.03917014953971375,-0.13439140881672276,0.032672007550343635,0.1009394038163812,0.35564453125,LR,l2,1,k1.4,
25,300,train,-0.26217069697437906,0.8753746566734004,0.716781387895801,-0.1927686224285617,0.36523884179820715,0.33651170534665353,-0.001975744971850784,1.1703519613572888,0.04008350455536856,-0.16230748713763213,0.03475711093079755,0.09715683692192409,0.3330078125,LR,l2,1,k1.4,
25,625,train,-0.23773603595585605,0.9261139861353478,0.548259315894661,-0.14740567860265896,0.3385244885446316,0.2836712455055777,-0.0015776098840356281,1.096910640917005,0.03920404301898088,-0.12240286145692986,0.028576805565633655,0.08520429983600732,0.327265625,LR,l2,1,k1.4,0.9397000074386597
26,20,train,-0.3428847060162974,0.5032812202979062,0.38489666120614496,-0.2248331801316208,0.3450034522157582,0.27105990424756643,-0.002291075068817165,1.1139309645253825,0.03769030839059269,-0.19700240844656583,0.02993619656105723,0.08818475558317068,0.25724609375,LR,l2,1,k1.4,
26,100,train,-0.27792207348711734,0.7423938829230752,0.6694910645976102,-0.18238490435628713,0.3619111310971946,0.35322971611474197,-0.0019312875182769932,1.1524976033114442,0.03890313142368541,-0.15893373600472643,0.035543701874322486,0.09455464304375014,0.30373046875,LR,l2,1,k1.4,
26,300,train,-0.2175087994146066,0.8521030765823074,0.5306013938723375,-0.15086163192159846,0.3518059795353497,0.317356701263177,-0.0016765935176626273,1.1340761552373833,0.04052078689797781,-0.13122578441579336,0.03141855240993361,0.09146793608606898,0.3298046875,LR,l2,1,k1.4,
26,625,train,-0.2503815645094549,0.9097721098889621,0.5076378061986098,-0.14751402318001144,0.33391339287118216,0.2848871632179776,-0.0016546529299799925,1.0629477417793,0.03958684501834796,-0.12991218050247816,0.02854345553617672,0.08196744575896493,0.30794921875,LR,l2,1,k1.4,0.9194999933242798
27,20,train,-0.36161167864252436,0.510955290241586,0.3218295571318158,-0.21964107506657363,0.3350444103281769,0.22627871990097276,-0.0023250420370760747,1.0821660965958921,0.03847464263672009,-0.19969757610411054,0.02568761408417578,0.08528855742386017,0.2384765625,LR,l2,1,k1.4,
27,100,train,-0.23644335432074495,0.7647241668811333,0.5926087116596718,-0.17487511387421645,0.3516058779768952,0.29946346880631447,-0.0019274364914107986,1.1259650717713705,0.041145390953461175,-0.15629698570939632,0.030667306631292118,0.09157581218422414,0.335546875,LR,l2,1,k1.4,
27,300,train,-0.19244242853559015,0.8561233385852483,0.4889366397765931,-0.15520555261791835,0.3437643006432985,0.2789157418134875,-0.0017570544660573306,1.1054925915030724,0.042275238799047654,-0.13771357600777356,0.0285410937135815,0.0881867031867822,0.34306640625,LR,l2,1,k1.4,
27,625,train,-0.08877015663935392,0.915611928583463,0.4527802408486047,-0.0969450282073098,0.32458027688154156,0.2456525796261051,-0.00121238198276609,1.0449650217075954,0.0426115778129315,-0.08158217962981155,0.023950195553927953,0.07979640173389597,0.38265625,LR,l2,1,k1.4,0.9318000078201294
28,20,train,-0.35621839470151473,0.4740356024450193,0.36506919986228925,-0.1898983447235395,0.3314069005325716,0.24121819614042667,-0.0021165309652093627,1.0650085182469737,0.04092306837672368,-0.17588973241526978,0.025910327738691473,0.08207489417338296,0.26541015625,LR,l2,1,k1.4,
28,100,train,-0.29114233799060013,0.73860145358534,0.6356130431126953,-0.16384508273167622,0.3485358307473077,0.31997055927944734,-0.0018925731402349383,1.1096630217706938,0.0429787051002495,-0.1508923461543424,0.03198183051874822,0.08728331631871214,0.31400390625,LR,l2,1,k1.4,
28,300,train,-0.1313359327211022,0.8259535622755101,0.6197246511738359,-0.10774617066150693,0.3418809359568078,0.3130882158342993,-0.00137465474750817,1.085942228443455,0.04399171680677682,-0.09682490757923837,0.03029850836514923,0.08411294092257306,0.35841796875,LR,l2,1,k1.4,
28,625,train,-0.12178456419327718,0.8950704666534777,0.5673991650188748,-0.08309855638239863,0.32655433136025874,0.30021224683329994,-0.0011825517686737585,1.0228004600939042,0.04359643293675617,-0.0775415826473066,0.03000006621739045,0.07520088416643227,0.3476953125,LR,l2,1,k1.4,0.9276000261306763
29,20,train,-0.34713840981890237,0.4921691919189531,0.44449257656219543,-0.17547505248937056,0.33327988216689863,0.29273129572319734,-0.0020268665861143966,1.0432361559562713,0.04196825575781986,-0.16565952223866176,0.03156638109508382,0.07777830548630522,0.26134765625,LR,l2,1,k1.4,
29,100,train,-0.19343321667485378,0.7381580030730195,0.7194941377704785,-0.11043712244682428,0.3452038288046675,0.3428709407190236,-0.001420532199456018,1.0822730061971004,0.044801660202792845,-0.10071454997408229,0.033884132634874414,0.08362971213807628,0.334921875,LR,l2,1,k1.4,
29,300,train,-0.24169536031290526,0.8440142272649392,0.6354456411018411,-0.11656479362255215,0.34448328022864294,0.3478942613194353,-0.0014729451688402415,1.0651622915022485,0.045168433857616035,-0.10571684621561868,0.03476485121913094,0.08212730191867326,0.313359375,LR,l2,1,k1.4,
29,625,train,-0.23195083403482436,0.9041819229938556,0.6038717246568543,-0.09271465798971062,0.3305035790627826,0.32537339986297276,-0.0012444091823717344,1.0101118802063076,0.04571420445805416,-0.08176034923202233,0.032140264192605184,0.07537079625737877,0.318125,LR,l2,1,k1.4,0.9329000115394592
30,20,train,-0.31820360057905434,0.4883374349193786,0.3671434027708477,-0.16043848647339787,0.3310660595612969,0.29463960752185075,-0.0018960981733581114,1.0290386749510356,0.04424308379238937,-0.14998906414204444,0.030860129733849488,0.0780776847870103,0.2574609375,LR,l2,1,k1.4,
30,100,train,-0.2611697103665179,0.7561147016924552,0.6582676741749357,-0.123801577369189,0.3484475586440538,0.3822915377511005,-0.0016092669950475403,1.0798577237472298,0.04567252432228997,-0.11917726533522108,0.036845938046749696,0.084327922899507,0.32435546875,LR,l2,1,k1.4,
30,300,train,-0.20094119993143622,0.8475728427546182,0.6247114274290541,-0.0902534546563099,0.3436920978742124,0.3648195164554171,-0.0013110774879583106,1.0644320000423093,0.04494226567563601,-0.08936164335857662,0.03496006567235322,0.08295015958778279,0.3331640625,LR,l2,1,k1.4,
30,625,train,-0.19023376998332261,0.9050212491176569,0.5514934307156917,-0.09112187792555596,0.3279042813593402,0.3291195835362005,-0.0012952778450068465,1.0082673548364898,0.04387440706137568,-0.08881102112085396,0.031432957910938385,0.07583261577568633,0.3324609375,LR,l2,1,k1.4,0.9330999851226807
31,20,train,-0.30219754836654944,0.4906438456443346,0.47281760739149353,-0.14851240787708805,0.33455754357414547,0.33744159791694445,-0.0018765836727883999,1.027784106297364,0.042405521810869685,-0.149827603385828,0.0339003691144716,0.0780438537455451,0.27369140625,LR,l2,1,k1.4,
31,100,train,-0.2956729407195664,0.7751456689026516,0.7084139563071135,-0.13459639334468587,0.35024219095435455,0.4032442092638464,-0.0017940648113401654,1.0712447459681473,0.04406918425229378,-0.13971088934116954,0.03927687014258591,0.08378673433991056,0.29470703125,LR,l2,1,k1.4,
31,300,train,-0.20259112530673978,0.8480053606420649,0.6453112607590338,-0.08743686636731252,0.3404017420498536,0.3761815267286315,-0.0013700075640180472,1.0447513823416772,0.04511162033304572,-0.09522895674496884,0.03581074450520108,0.0804452221024788,0.31220703125,LR,l2,1,k1.4,
31,625,train,-0.14309249773533314,0.8983394907314884,0.5517872524886962,-0.05489373644183468,0.3216573230383415,0.3289098550276205,-0.00104744800218697,0.9823857504326212,0.04489702930673957,-0.06240125206552042,0.03156912654604356,0.07256023685491249,0.3248828125,LR,l2,1,k1.4,0.9314000010490417
32,20,train,-0.31044123371887644,0.4695960743615951,0.44812396190530024,-0.15198110404848786,0.3283823004151303,0.3100018015517858,-0.0019604816245989173,1.0018124509847857,0.04319084302289412,-0.1576366047760957,0.03265174366661587,0.07622832683433332,0.2700390625,LR,l2,1,k1.4,
32,100,train,-0.27967071447023284,0.7401161897496846,0.683808187200204,-0.13296258425336888,0.34803745899013694,0.3829640004230687,-0.0018226218335628758,1.0589044673874195,0.04473542259191163,-0.1419699698710409,0.03827583769802365,0.0837935268879374,0.3243359375,LR,l2,1,k1.4,
32,300,train,-0.20980673532772354,0.8420099737929946,0.6271585614550856,-0.08393696327492103,0.3408008754287463,0.3612548764468515,-0.0013587777768264413,1.0516207160258508,0.04665681749698706,-0.09253340475356138,0.03490709865710689,0.08220210455375895,0.33521484375,LR,l2,1,k1.4,
32,625,train,-0.24149192250005122,0.9103918482742316,0.5432855474398839,-0.08696468231892554,0.3250034392967266,0.32408127175749896,-0.0013890771186410528,1.0019242094392022,0.045159211368882096,-0.09713480915769585,0.031781511324437905,0.07495042570933298,0.31638671875,LR,l2,1,k1.4,0.9319999814033508
33,20,train,-0.16911056737423302,0.5154668617922541,0.4706706493279094,-0.09392913719407142,0.3315433096747938,0.33079447895777464,-0.001456694261358329,1.0246077035596892,0.04520341009185359,-0.10401716257833282,0.03240421767466366,0.07783491636553201,0.32767578125,LR,l2,1,k1.4,
33,100,train,-0.29186726569966637,0.778476244043559,0.7628659608874929,-0.14013273783305114,0.351892461148755,0.41266527251860347,-0.001880035039655102,1.074469229612418,0.04573968133001472,-0.14684699433640475,0.03974621209084608,0.08411009341459419,0.305390625,LR,l2,1,k1.4,
33,300,train,-0.20551355196858623,0.8480795723027859,0.6377411729968524,-0.0809112607803359,0.34220597851605405,0.3711597140823393,-0.0013062973676736531,1.0514592393149815,0.04660277250397485,-0.08721147146789048,0.03493974439668377,0.0816269581368366,0.3322265625,LR,l2,1,k1.4,
33,625,train,-0.1418930661559389,0.8966361699946477,0.588461836214833,-0.037411796321431906,0.32290881190462284,0.3216893825483977,-0.000841257661283513,0.9911299296822109,0.04546818455011817,-0.04070840947507647,0.02931393741292571,0.07399070824845709,0.3573046875,LR,l2,1,k1.4,0.9287999868392944
34,20,train,-0.28987603665220557,0.5103649474833295,0.4139820691221663,-0.11875894242197155,0.3298815019511694,0.31103817085995067,-0.0016268050101794554,1.0166779214161668,0.044720368611451705,-0.12192597694039127,0.030853005842373726,0.07702305097582758,0.27138671875,LR,l2,1,k1.4,
34,100,train,-0.3000160838281254,0.7707092270535891,0.6331033485261848,-0.11895119729287026,0.34688538458759116,0.36082710561577785,-0.0016543630557011373,1.0680859573788586,0.04657138369511813,-0.12289794773887,0.035243621005119886,0.08375802219059122,0.30408203125,LR,l2,1,k1.4,
34,300,train,-0.26324175046370024,0.8627476230288073,0.6215269497493214,-0.09279293013703427,0.3407263338392758,0.3522310077485909,-0.0014354160870585617,1.0440413204772045,0.04738077405694639,-0.09966010899777698,0.03451935310379107,0.08043610230911577,0.308515625,LR,l2,1,k1.4,
34,625,train,-0.18258910897066574,0.8983091660573093,0.5074987917831958,-0.04042696287845457,0.3179821045563648,0.27954125373789374,-0.0009898551552440563,0.9835156126338208,0.04580172037443844,-0.05559687577869096,0.027290400850201603,0.07298456017223513,0.33435546875,LR,l2,1,k1.4,0.9279999732971191
35,20,train,-0.11474437804911386,0.5087394662501495,0.4257379475565501,-0.05690020066291151,0.32495854187442713,0.29333075670079134,-0.0011861539291697972,1.0073282787317532,0.04586411040014354,-0.07564290262307134,0.028408451298703598,0.07591033207479435,0.357890625,LR,l2,1,k1.4,
35,100,train,-0.11420029290195151,0.7610823659966793,0.6123164092674767,-0.05115840666784693,0.34207884553541046,0.3436882957732873,-0.0011488033739848068,1.0654642361990982,0.047758013687853235,-0.06992289019077248,0.03263182096410854,0.08306783138175883,0.37744140625,LR,l2,1,k1.4,
35,300,train,-0.10376108740315537,0.8539334859831625,0.5354488591327119,-0.04748592678020037,0.33844818699447393,0.34223534372001935,-0.0010895800081556731,1.0599047301567817,0.04734407802912756,-0.0642701138434807,0.032307421189704005,0.08186493166983569,0.37794921875,LR,l2,1,k1.4,
35,625,train,-0.09647957488810512,0.9065135953335288,0.5453209821309425,-0.03240848617418018,0.3234609591773621,0.31392598121177157,-0.0009238397572338856,1.0080110704347796,0.04591576565115247,-0.048720357581309076,0.029813935197932802,0.07469382235822214,0.37255859375,LR,l2,1,k1.4,0.9225000143051147
36,20,train,-0.2162041724181183,0.47454742622500506,0.32465191017372985,-0.09907857770243755,0.32060272445313903,0.2491841358734397,-0.0015311796746541916,1.0312314529958477,0.04479281202133279,-0.11205788340173654,0.02492361962750624,0.07762921922004318,0.31990234375,LR,l2,1,k1.4,
36,100,train,-0.17891688723523555,0.7743648878332269,0.46406949810097564,-0.06958606617251548,0.34040846443162254,0.3036678110341753,-0.0013048673001930593,1.094792619103554,0.04705343862937297,-0.08661431235898034,0.029757128849930203,0.08566632551855044,0.344765625,LR,l2,1,k1.4,
36,300,train,-0.16571504732008285,0.8633856308219167,0.4391202593960044,-0.0659089294972797,0.3332950504452909,0.27839829708515834,-0.0012772357523019623,1.0816307531323428,0.0473381667281501,-0.08349906895616922,0.028151924000720783,0.08328010601757814,0.35484375,LR,l2,1,k1.4,
36,625,train,-0.2027444791925567,0.9245817973772975,0.4376386273391221,-0.06887879754757567,0.32022224997472315,0.2614515627877168,-0.001308176480696528,1.018711940165475,0.047098444714793006,-0.08690829148335721,0.027282171189272866,0.0756884870429445,0.33458984375,LR,l2,1,k1.4,0.9340000152587891
37,20,train,-0.29400347287716694,0.4809255131075382,0.5140630075977182,-0.12564791081624738,0.3279402294020175,0.2739798289187926,-0.0018139228594434068,1.03555641064017,0.0458799312703195,-0.13993435731848175,0.02978968257903298,0.07780844603787003,0.26626953125,LR,l2,1,k1.4,
37,100,train,-0.15911571276657008,0.75621885732804,0.7141553813227801,-0.06944386372433639,0.3435255671128988,0.31258664362021354,-0.0012836834348017529,1.0968575116442072,0.04871666746708797,-0.08278105470402314,0.03205229155924243,0.08607929546322132,0.3530859375,LR,l2,1,k1.4,
37,300,train,-0.13830104599658397,0.8466865300206127,0.5727047922506691,-0.07246478735809557,0.3379718722982553,0.2851258956308331,-0.0012435926601920794,1.0829189085351882,0.05024885817139875,-0.07714205277326569,0.029199105939755353,0.08473010153886769,0.36607421875,LR,l2,1,k1.4,
37,625,train,-0.17018662427003034,0.9165339980326919,0.5511571834646534,-0.06609050967658067,0.3227957953603298,0.2703170885375317,-0.0011775028086044692,1.027086344371164,0.04998256227525417,-0.07063824888718502,0.027289378756349843,0.077410397014761,0.33919921875,LR,l2,1,k1.4,0.9302999973297119
38,20,train,-0.4008762982630932,0.4936343457392641,0.4860933985398801,-0.18688600775585962,0.3292724419419495,0.2634097237994969,-0.00237091276663058,1.049944868055488,0.04801243180176243,-0.19485868410266374,0.029636116123140318,0.08108572450649752,0.244765625,LR,l2,1,k1.4,
38,100,train,-0.29067950101271434,0.8027879204408788,0.9081145861294785,-0.1384483325103728,0.35105097289173176,0.36677318614489357,-0.0019077690412284698,1.1100472741987468,0.049864690476097165,-0.14556299562538422,0.03808166628938513,0.08794029066291778,0.32794921875,LR,l2,1,k1.4,
38,300,train,-0.29628717437215923,0.8871592696350681,0.653998607857516,-0.13827993599618182,0.3429088287652705,0.3218831882875503,-0.001872163222721038,1.1012926783253798,0.04876496039272751,-0.1430153435716708,0.03406058817096206,0.08576938842052993,0.31953125,LR,l2,1,k1.4,
38,625,train,-0.17573784940672116,0.9210928731531054,0.5936290925697605,-0.07354780768003985,0.3239662331284741,0.28735863865235944,-0.001222869323863792,1.040426191024816,0.04952904961130116,-0.07573900810563075,0.029357253169073453,0.0772531884188197,0.34568359375,LR,l2,1,k1.4,0.9354000091552734
39,20,train,-0.11499859958419265,0.4846492833829229,0.407192198241073,-0.08287965164387952,0.3295103398950741,0.29686441998981106,-0.0013380371177774426,1.0615679682265304,0.05055565478865901,-0.08650993973255197,0.03036792290345219,0.08013455592687008,0.3470703125,LR,l2,1,k1.4,
39,100,train,-0.14789649362430723,0.7577467363428396,0.6163671614464722,-0.0926931434212587,0.34745194073389035,0.34503295381274496,-0.00145012178406885,1.1148136188345668,0.05142834497266449,-0.09711895750554399,0.035262995719369666,0.08791564038174993,0.362265625,LR,l2,1,k1.4,
39,300,train,-0.09197627874293275,0.8633592730828732,0.5705404006007049,-0.07019770185944373,0.34113514495406044,0.32864271650437493,-0.0012360822877105129,1.0965665554751776,0.05202091799146728,-0.07460064682999573,0.033430153811207834,0.08526828666047795,0.38125,LR,l2,1,k1.4,
39,625,train,-0.13898124934504494,0.9229275107426562,0.5080546831034535,-0.0802960930358892,0.3280547121263857,0.31533997823681714,-0.0012907324887984168,1.0324339967036333,0.04996271286217961,-0.08225709897597283,0.03207779683400452,0.07732337156223518,0.3595703125,LR,l2,1,k1.4,0.9362999796867371
40,20,train,-0.25772857559786105,0.5074920680574418,0.45812567974324736,-0.1437045793023737,0.3401650864554492,0.32333086656940924,-0.0018751643409977157,1.0581010865261253,0.04943772062077187,-0.14265001133299687,0.0352039183535876,0.08229468575954459,0.3037109375,LR,l2,1,k1.4,
40,100,train,-0.14695411299281733,0.7701310405826328,0.6543643450080373,-0.10841611097717913,0.35465631298833195,0.37157223070625295,-0.0015642475991069227,1.104624086258347,0.05092051370942499,-0.10931758753705284,0.03788570804091794,0.08992618287252784,0.360625,LR,l2,1,k1.4,
40,300,train,-0.05947136374157603,0.8552312435430596,0.5860310835847412,-0.0663016017754829,0.3447665951756261,0.32484901883874306,-0.0011762223817901717,1.0915432135700975,0.0524151259555947,-0.06807452108575184,0.03261107433274381,0.08788780375490397,0.3966015625,LR,l2,1,k1.4,
40,625,train,-0.11599984039905968,0.9273093184427073,0.5182389195260929,-0.08464590451908656,0.3303593424880902,0.31104230377039843,-0.0012559924892933238,1.0327382630534516,0.051021596782375125,-0.07763952552275338,0.030998418063466687,0.07940979506407377,0.36322265625,LR,l2,1,k1.4,0.928600013256073
20,0,pre,-0.13923309799965006,0.324269665016407,0.2215857141361728,-0.16792148291878317,0.3232480310824523,0.23827966873178746,-0.0018328485588823757,1.0320847257760888,0.03603816182745504,-0.15171483399963337,0.025524864429040773,0.08000642351300588,0.3134375,LR,l2,1,bplus,
20,0,post,-0.04225868867853074,0.324269665016407,0.2215857146844971,-0.07094707359766388,0.3232480310824523,0.23827966885739602,-0.0018328485588823757,1.0320847257760888,0.13301257114857434,-0.05474042467851406,0.025524864429040773,0.08000642351300588,0.38470703125,LR,l2,1,bplus,
21,20,train,-0.33161485288135767,0.5205126871239498,0.5441054278905518,-0.17033002541340153,0.33694682414262034,0.25375709523727435,-0.002754592510775626,1.0584828136843492,0.13170184733055065,-0.1504725820158379,0.031947739504500215,0.08338214349308609,0.28466796875,LR,l2,1,bplus,
21,100,train,-0.3592536287782599,0.7811891680664359,0.7271253148974592,-0.1835538867525009,0.3540930253017002,0.3158942551326014,-0.0028959602641184736,1.1136426215573376,0.13108450248371808,-0.16557133018147455,0.037220788784092795,0.0900949869944697,0.2867578125,LR,l2,1,bplus,
21,300,train,-0.2713193293106335,0.859145877270747,0.5587950167363323,-0.1448922190367151,0.3418939865183456,0.26975052401210775,-0.002522752242118792,1.0929165899565303,0.12889760980615392,-0.12952760971996438,0.031011816986865382,0.08729449016745075,0.31126953125,LR,l2,1,bplus,
21,625,train,-0.23720421189882046,0.909449922173124,0.4920718720217001,-0.10655749341541322,0.32441959057275266,0.2412407527248252,-0.0021121368639634686,1.033808370535872,0.12250403658603318,-0.09385864208927697,0.02704918508711102,0.07918462129278668,0.31669921875,LR,l2,1,bplus,0.9207000136375427
22,20,train,-0.2735065590517487,0.5261274383234078,0.43932587276857665,-0.15272086604555168,0.3371864118266785,0.2723790273426112,-0.0025607690239786373,1.0596372773616052,0.12161256710474845,-0.14070700836872824,0.03147056374515031,0.08292114121592946,0.30150390625,LR,l2,1,bplus,
22,100,train,-0.1900468588991255,0.7539536963635567,0.7181705713614777,-0.1104472577918089,0.35006744459527506,0.3296055303112358,-0.002144156948726036,1.1025350334133137,0.12227801720699062,-0.09736472888669649,0.03409050413312211,0.08778915818905546,0.35060546875,LR,l2,1,bplus,
22,300,train,-0.2720756944662744,0.8396000557299912,0.5851524420831357,-0.14610266464951274,0.34306380758463206,0.28065809517519696,-0.0024453219770877678,1.0881294713679894,0.11967300249263645,-0.1308204301126219,0.031403246020621466,0.08544122677666706,0.31859375,LR,l2,1,bplus,
22,625,train,-0.16871618983897094,0.9129862819786354,0.5052426973230254,-0.09235186702523392,0.32620598244428933,0.25512122296498635,-0.001900498960186845,1.0374706451153335,0.1157126459875144,-0.07897030892007981,0.026320650738353338,0.07907132235992265,0.353515625,LR,l2,1,bplus,0.9251999855041504
23,20,train,-0.364448584084546,0.4856268259082818,0.3666742794220933,-0.19462973593655367,0.3315957169027141,0.2149177135205302,-0.002878297778508607,1.056295912376354,0.11340391844511032,-0.18144260784234897,0.02797279385693612,0.08185134234285125,0.25728515625,LR,l2,1,bplus,
23,100,train,-0.2227622486801946,0.7595166555919703,0.6575199974588162,-0.13518723926089252,0.34920551119081855,0.2935827295391312,-0.0023481271559121627,1.1100050803665324,0.11543091280007502,-0.12510609500065636,0.03168227602081685,0.08945751293384997,0.34919921875,LR,l2,1,bplus,
23,300,train,-0.2574732232492652,0.8597451776366416,0.5669691576065001,-0.14172996882639444,0.34329221829377027,0.2701491148661782,-0.00234603261804568,1.0975610390835182,0.11320737588685006,-0.12711507203799868,0.029923482543261225,0.08674587835860961,0.3323046875,LR,l2,1,bplus,
23,625,train,-0.1719084053401182,0.9072410927202637,0.45955857011436413,-0.09127988274575313,0.32173624051330796,0.2243272794545234,-0.001810264942822383,1.0389003675130475,0.10962813163059763,-0.07581144798361068,0.023252088213021792,0.07896511891455471,0.35275390625,LR,l2,1,bplus,0.9332000017166138
24,20,train,-0.36410531312420824,0.514241521899663,0.3478972093213888,-0.17068579591835442,0.3288836519088858,0.20841991101999405,-0.0025241102003917366,1.066609624529209,0.10833702376112342,-0.15022730203906093,0.025164684093177677,0.08203063521660102,0.2692578125,LR,l2,1,bplus,
24,100,train,-0.26327525834191834,0.787147683531185,0.7073831330638524,-0.1369462357961528,0.34988984689057184,0.2947904098762599,-0.002146567083132782,1.127595606521556,0.10929071623249911,-0.11059891875608317,0.030075683164934842,0.09019697471185488,0.339453125,LR,l2,1,bplus,
24,300,train,-0.2647860618265213,0.8834680058164536,0.537929671155787,-0.13588711132421608,0.3427769262846866,0.24888892692733947,-0.0021611257547945583,1.114487585951116,0.10745059716515243,-0.11393039629192664,0.027161969844178548,0.0887245662974628,0.3260546875,LR,l2,1,bplus,
24,625,train,-0.27947063651792287,0.9396402153350585,0.4637631191399065,-0.11478240587229654,0.3310323893854871,0.2549892106309737,-0.0019088481348209015,1.0567111786647825,0.1036819444783032,-0.09185628160956982,0.026609920288357212,0.08043116683594008,0.32142578125,LR,l2,1,bplus,0.9341999888420105
25,20,train,-0.41921581255630747,0.5058430487161943,0.4458188903358913,-0.24636181598023832,0.34121751910539905,0.2396296022954067,-0.003133228567747362,1.0780846611219457,0.10140572112984955,-0.21955535738080414,0.03051927385552605,0.08327261865039964,0.22814453125,LR,l2,1,bplus,
25,100,train,-0.271672931425074,0.7578779780488972,0.864089262110374,-0.18556918223861774,0.35747821597282137,0.337699581391742,-0.002511480157882826,1.121867170982739,0.10309980192221702,-0.1541707299597631,0.03547877647100605,0.08966190669536658,0.3448046875,LR,l2,1,bplus,
25,300,train,-0.2739739646778096,0.873058329844721,0.6835538745388291,-0.200140225688072,0.35504454636371,0.3335123346748761,-0.0026240312817132345,1.1017053039210594,0.10229262750595808,-0.1665073952226365,0.03652821141323107,0.08695207943800973,0.33126953125,LR,l2,1,bplus,
25,625,train,-0.20012534364594195,0.9133203280503057,0.5746403294681612,-0.12938471905679236,0.32791453042319824,0.28688480388831933,-0.0019569559338291397,1.0377709802554278,0.09902867102064192,-0.10143761273062686,0.029280335279195047,0.0770646651811752,0.34755859375,LR,l2,1,bplus,0.9380999803543091
26,20,train,-0.27846539651037916,0.4919075973014612,0.31289888382225284,-0.19384181888987811,0.3327740173521143,0.2580946793158989,-0.0025566479452349806,1.055111321079111,0.0978090825304389,-0.16408833865406985,0.02954087646762143,0.07994312669332247,0.26736328125,LR,l2,1,bplus,
26,100,train,-0.2217932741150511,0.7493928468480254,0.601544274394553,-0.16314267758974801,0.35321176966195467,0.36170690946076134,-0.0023078912383347893,1.0959414111737475,0.09827428808435798,-0.1381410403619099,0.03713265929634429,0.08659495426600326,0.33408203125,LR,l2,1,bplus,
26,300,train,-0.1937475135678131,0.8397174056795681,0.49515052099906337,-0.13153989344357542,0.34195904401952903,0.3155505216099476,-0.002018747953877951,1.0769060226484803,0.09737937929108739,-0.1094167437838657,0.03183213238647898,0.08399217133513791,0.3325390625,LR,l2,1,bplus,
26,625,train,-0.17876518573296757,0.8999905931013233,0.5146651970915535,-0.105568846315029,0.3258399468885055,0.28920918128035994,-0.001744518002691307,1.0164546715590392,0.09333104070276022,-0.08537356622848902,0.028669918691338996,0.07662048599474923,0.33353515625,LR,l2,1,bplus,0.9200999736785889
27,20,train,-0.32962437893492846,0.5014087774888165,0.32454873688806,-0.1887526262775509,0.3300297904466644,0.24352855659398948,-0.0025208686472835322,1.0368077321318667,0.09214871563948691,-0.16608355255329255,0.027937527809229735,0.07995261333089866,0.2541796875,LR,l2,1,bplus,
27,100,train,-0.2571918442274258,0.7526070208652916,0.6667430889458043,-0.1676590313270739,0.348547738139123,0.32906894036483364,-0.002315719947981695,1.081982300769111,0.09371088677085936,-0.14350639756125827,0.03428305145424301,0.08592125627340913,0.3240234375,LR,l2,1,bplus,
27,300,train,-0.22125288256974393,0.8416152190435081,0.5326479885941922,-0.1431355241380192,0.3392401635202386,0.3008412990108682,-0.0020973560670580985,1.065771113328416,0.093225514376536,-0.1216230518063666,0.030946994970135595,0.08278587006983024,0.3300390625,LR,l2,1,bplus,
27,625,train,-0.11652919951858225,0.8975640017590643,0.4714116957004388,-0.08125009871613885,0.3192791586251761,0.25449457421671107,-0.0014923251889267968,1.008604028234027,0.0905431752325967,-0.06232735169194288,0.024995649758922767,0.07557526445326036,0.36501953125,LR,l2,1,bplus,0.9320999979972839
28,20,train,-0.35256405229876775,0.4794713521543642,0.3732948684562532,-0.17967455340041474,0.3274240266743294,0.24063009533433516,-0.002443782563007885,1.0297669825087499,0.08852125726640224,-0.16181448112897948,0.0274049629459389,0.07803027871201298,0.2731640625,LR,l2,1,bplus,
28,100,train,-0.3086866004811549,0.7378463268649108,0.6375058918287899,-0.16912174658954288,0.3448378042578042,0.3232920822779458,-0.0023498733653686556,1.0820916367015079,0.08945497528184206,-0.15126091039464684,0.03411947502344082,0.08283521525601598,0.3123046875,LR,l2,1,bplus,
28,300,train,-0.17237598873119256,0.8232463581562485,0.6104771560671318,-0.11519711912477605,0.336029864723087,0.3056580188613952,-0.0018261823566884843,1.064703454449755,0.08840734124358278,-0.09866278341740373,0.030591367819283465,0.08053269265682488,0.35568359375,LR,l2,1,bplus,
28,625,train,-0.1415452928244115,0.8871918847225221,0.5708962745293228,-0.07473597286517249,0.31908177800174814,0.2855745117430177,-0.0014686706769593656,1.0073620502191127,0.08532179430127144,-0.06512561617690932,0.02858146266031488,0.07221265776322597,0.36140625,LR,l2,1,bplus,0.9279999732971191
29,20,train,-0.41222606136278445,0.503829544140473,0.4583267898824932,-0.20891614842966713,0.33241888884022797,0.28779687878610255,-0.0026970622233290723,1.030306665141971,0.08282527091330849,-0.19345588167186734,0.033214797405812756,0.07537587588438782,0.23884765625,LR,l2,1,bplus,
29,100,train,-0.22744558235678333,0.7617241085930191,0.818370080540342,-0.12547915923695566,0.34649171935836426,0.37189852465653445,-0.0019427202227198515,1.0733935988764107,0.0852813205793791,-0.11372668807570406,0.03708786630696641,0.08127686368401306,0.34720703125,LR,l2,1,bplus,
29,300,train,-0.27040452474076493,0.855459882233477,0.7011402767316955,-0.12694207135464375,0.3414318189560206,0.3458553361616253,-0.0019406456737240988,1.0572461348610864,0.08455468645552174,-0.11424080993985779,0.034852853040466335,0.07995584314559194,0.32078125,LR,l2,1,bplus,
29,625,train,-0.21232163463161452,0.9001850186233261,0.6213835646060273,-0.0886851197623156,0.32551321955760365,0.31861920218932216,-0.0015898158591828183,0.9979743708700265,0.0830067510670051,-0.07985050679449758,0.03129091719333666,0.07312198122959751,0.33123046875,LR,l2,1,bplus,0.9325000047683716
30,20,train,-0.3258764518132004,0.47464475253438354,0.3671518814759722,-0.16568900947562157,0.3274122428826577,0.29351680757389004,-0.0023237048953478547,1.0148722810606874,0.08135904155671597,-0.15667620331134052,0.03107709628702935,0.07538537659013743,0.25564453125,LR,l2,1,bplus,
30,100,train,-0.18898995118823644,0.7224411347087493,0.5903654287125972,-0.09585603959931763,0.33773290509025394,0.3478837108598713,-0.0017348213428132,1.05934718118619,0.08299315863056109,-0.09471814368050666,0.0329841104719904,0.0805744857423098,0.3446484375,LR,l2,1,bplus,
30,300,train,-0.22717217036001447,0.8405106626078083,0.6196997883729431,-0.1016867885850104,0.3392102387862706,0.35058040589313016,-0.0017852162978715359,1.0534324075874861,0.08061124772531912,-0.10226240351027924,0.0346509393324525,0.07999787709698825,0.33052734375,LR,l2,1,bplus,
30,625,train,-0.15787803218290045,0.8952693252609605,0.5124034795560771,-0.07132156113869073,0.3214982695651274,0.2974712103771387,-0.00145599893443052,1.0042860385012184,0.07833009915077127,-0.07081924575040893,0.028587093956653317,0.0743400195409685,0.3526171875,LR,l2,1,bplus,0.9337999820709229
31,20,train,-0.30718158771122683,0.4816169808102213,0.44062806597052356,-0.13543768994143532,0.32707493007496574,0.29539871728469375,-0.0020961985602958914,1.0266777990907485,0.07656917155487462,-0.1381608221681041,0.03019485693359017,0.07670438308467431,0.28033203125,LR,l2,1,bplus,
31,100,train,-0.24223024908221202,0.7777189231028181,0.6814152147791455,-0.10131312152733962,0.34467220607245475,0.36955901411269765,-0.0018140781647515653,1.0841866992167097,0.07848025784362107,-0.10734993988111687,0.03563105173113018,0.08356126073990812,0.32373046875,LR,l2,1,bplus,
31,300,train,-0.15238285972114737,0.8559076086079429,0.5739753762416323,-0.055971397629687066,0.3360183223239587,0.34248262036173344,-0.0014072518633170589,1.064902476934754,0.07926144987053703,-0.06489435173161069,0.03255618181689165,0.08113803207577192,0.35634765625,LR,l2,1,bplus,
31,625,train,-0.14298802214533846,0.9139709095528958,0.5412345065182806,-0.04473813188864888,0.3195413414384542,0.3029246167512435,-0.0013007105595961405,1.0064269581974654,0.07693464469892206,-0.05630729887824856,0.029275040010643027,0.07372181263665842,0.345859375,LR,l2,1,bplus,0.9320999979972839
32,20,train,-0.2804124064101298,0.49100413206815485,0.5284434308175535,-0.1345927317102987,0.33031642004175343,0.31302060402170834,-0.002156725245260609,1.0275432186142321,0.07552258931740653,-0.14540762557198314,0.0322108368647817,0.07778187772124034,0.30166015625,LR,l2,1,bplus,
32,100,train,-0.24771471204982892,0.7476884933428469,0.7469223247196914,-0.1189360756494466,0.3490739743196058,0.37646793260283673,-0.002038193809919133,1.0783945750042963,0.07708842139065382,-0.1316996926267373,0.03698135280447822,0.08523370444234189,0.3265234375,LR,l2,1,bplus,
32,300,train,-0.1670082984834215,0.8457050817348496,0.6524882002515646,-0.07847827673026393,0.34230554502544047,0.3608408231088716,-0.001637303702635199,1.0640352082874809,0.07814619060896803,-0.0895756180253432,0.03405463113628047,0.0835451357211866,0.354609375,LR,l2,1,bplus,
32,625,train,-0.20993163410342208,0.905450711156373,0.5605117836197815,-0.08193294316636482,0.32266287525649545,0.3127594762961008,-0.0016430100255031379,1.0040006696529828,0.0754529994004406,-0.09285335246218046,0.030258267932017243,0.0746402040963796,0.3207421875,LR,l2,1,bplus,0.9301000237464905
33,20,train,-0.18683755697467996,0.5078842398863986,0.38090262882220893,-0.11027310847174494,0.3295628056732224,0.31488036386476176,-0.001913143917344814,1.0250765951037792,0.07514866093639284,-0.12082961571341964,0.0309222126157995,0.07728810812857535,0.32439453125,LR,l2,1,bplus,
33,100,train,-0.2104870446652832,0.7642335136429587,0.5244666344977214,-0.11880218265986209,0.3473397368991868,0.3738531557756211,-0.001969419061995397,1.0766815694617062,0.07623013270553201,-0.125512846623913,0.035753850068253906,0.08403027267994,0.33859375,LR,l2,1,bplus,
33,300,train,-0.13916147126949027,0.8525419839415037,0.5565147298287515,-0.08173759812972872,0.3438732222969052,0.374715999328841,-0.001596984467884551,1.0609247222100238,0.07615591692971066,-0.08743567752121717,0.03477398061250713,0.08204842204203562,0.371796875,LR,l2,1,bplus,
33,625,train,-0.10110048404671045,0.9012073571598673,0.4890933221592136,-0.04456510379665629,0.32340552724136257,0.3201534676084395,-0.0011738791866674726,1.0030871575589981,0.07316875388845802,-0.04708086137177812,0.028863312874445785,0.07417330571153063,0.37654296875,LR,l2,1,bplus,0.9291999936103821
34,20,train,-0.2710632941977576,0.5055936170569546,0.4416059596530156,-0.12284677176319611,0.3293140341354856,0.30408210118049317,-0.0019416439615631503,1.0263064983153178,0.07270629932871088,-0.12619145948849902,0.03016005402056188,0.07716371833030913,0.2880859375,LR,l2,1,bplus,
34,100,train,-0.2319313474177066,0.7752317743110253,0.6016645292737127,-0.11139022786744195,0.34598335473374187,0.3430999910574642,-0.0018545523074114548,1.0880702271690788,0.07531669698189944,-0.11465958335348309,0.03367445672428395,0.084435949013953,0.34134765625,LR,l2,1,bplus,
34,300,train,-0.21208336154990487,0.8766572946961195,0.605258356088036,-0.09828914518735597,0.3439885980177653,0.3646323965947086,-0.0017276798702404745,1.0724999627632277,0.07508921126369388,-0.10189053422362628,0.03557627875364621,0.08152256148408092,0.343515625,LR,l2,1,bplus,
34,625,train,-0.17732646059049198,0.9124309456294737,0.4885019823855743,-0.07403744569124504,0.32273423794203365,0.30018970151534335,-0.0015094055215986218,1.0156191094143001,0.07250438799499534,-0.08211581083414171,0.02902206857423707,0.0738476532825323,0.34283203125,LR,l2,1,bplus,0.9283999800682068
35,20,train,-0.211069119585572,0.5017516801322363,0.49161383796517855,-0.11222167698804157,0.3282129074596203,0.2993957310532898,-0.0019086136448245347,1.0370692311939846,0.07212845305912197,-0.12338575238662212,0.02954827675203946,0.07661096466999012,0.31734375,LR,l2,1,bplus,
35,100,train,-0.18005485216676267,0.742380090480106,0.6884070747697502,-0.0929864174827075,0.34643738698541937,0.3736288044654719,-0.0017419914620192584,1.080304889401195,0.0741929275705479,-0.10425286606270286,0.03546058907710579,0.08287322262398339,0.35203125,LR,l2,1,bplus,
35,300,train,-0.1464492775918254,0.8345460832069344,0.5378695748457646,-0.08057121802155987,0.33895959719850854,0.3442632570511794,-0.0015761070771929079,1.0660932962197207,0.07277150605426869,-0.08868145417703827,0.03272149990613496,0.08111860623379231,0.355625,LR,l2,1,bplus,
35,625,train,-0.1559259303236957,0.8861784179053264,0.5551367146370663,-0.07152911355959002,0.32499038867474656,0.32564505752382317,-0.0014801008163195168,1.0081295289761207,0.06984042799565941,-0.08177786094773296,0.03119476085036612,0.07361825911383503,0.342109375,LR,l2,1,bplus,0.9204000234603882
36,20,train,-0.2574567168881244,0.4665127529960655,0.3646961270518465,-0.13231384506679464,0.3220405309528938,0.25316958351038615,-0.0020285786466185006,1.029888671937109,0.06866741890087724,-0.13913573882740218,0.026552631715958813,0.07591225368824504,0.30810546875,LR,l2,1,bplus,
36,100,train,-0.263657409404158,0.7758338802561209,0.6241127850117855,-0.1149372797946945,0.34430758956878454,0.33099183306705726,-0.0018983908846616872,1.0939061819226794,0.07051512729143723,-0.12395188097214213,0.03290589836343125,0.08395560669827709,0.31740234375,LR,l2,1,bplus,
36,300,train,-0.2086297049106457,0.8517127802788022,0.5001892534296867,-0.09650413563133635,0.3330323757452344,0.2876850842916848,-0.0017448882288592252,1.0729001979262873,0.07015429156075698,-0.10858824052902395,0.02915338142336337,0.08112804111100033,0.33630859375,LR,l2,1,bplus,
36,625,train,-0.20742103753026447,0.9093395181947731,0.48133490807624824,-0.07765360571981789,0.3200440953097476,0.2747222711161559,-0.0015810116559128984,1.0122847348539026,0.06941595182637685,-0.0925394227170594,0.02837563583641252,0.07386306292595834,0.33314453125,LR,l2,1,bplus,0.9336000084877014
37,20,train,-0.2833255506147574,0.4912709644825941,0.6154488463139147,-0.12041074009128497,0.3278599849128956,0.29755509536911484,-0.001949532574321156,1.0326454585361369,0.06856059784535319,-0.13114525320133072,0.031073204574077064,0.07592265478821142,0.29455078125,LR,l2,1,bplus,
37,100,train,-0.1695774214216583,0.7658018705439158,0.7604358084833115,-0.07614882654237509,0.34315203872504896,0.32359497437763246,-0.001506053422554117,1.1007032247471398,0.07061518028378487,-0.08366163685412359,0.0327440835833196,0.08472413522580416,0.3702734375,LR,l2,1,bplus,
37,300,train,-0.17849326024123072,0.8534171127836221,0.6541485608003929,-0.09508291916840009,0.3392782192040458,0.3001274340517246,-0.001631000888848995,1.0917979394328998,0.07120237149763853,-0.09587379068390646,0.03082381258309412,0.08355667715384399,0.36103515625,LR,l2,1,bplus,
37,625,train,-0.18176776539860534,0.9216823701725468,0.5293999619011448,-0.07201930121667421,0.32184953423145984,0.26859040024100944,-0.0013992470676215962,1.0377366982358467,0.07032992413034662,-0.0730058837164396,0.02717375811564269,0.07668758364866396,0.34146484375,LR,l2,1,bplus,0.9301999807357788
38,20,train,-0.522330905820753,0.5078044760572911,0.559840586450721,-0.238137130060592,0.33510038283509774,0.2868217864325505,-0.0030172731057296486,1.0595393257800827,0.06719703127280809,-0.24188582343652115,0.03449330610736952,0.08035663371521014,0.22369140625,LR,l2,1,bplus,
38,100,train,-0.3695556763636372,0.7918621517538432,0.8849700544255953,-0.16467708402266126,0.352098932763796,0.3721338741589713,-0.002318671697958937,1.1076607667184668,0.06928926569235046,-0.1682303894485686,0.039524377073343366,0.08710995777034354,0.295234375,LR,l2,1,bplus,
38,300,train,-0.3472977894806915,0.8625383378871235,0.6919108217933385,-0.15384622714587964,0.3413487383501637,0.3186567609263251,-0.0021767328418322105,1.0823533266050385,0.06881930412258953,-0.15416044518000255,0.03428972189204644,0.08431467490226689,0.29462890625,LR,l2,1,bplus,
38,625,train,-0.22516294876901127,0.8957349515585472,0.6117656667035767,-0.08700816256634653,0.31804396006716196,0.2611775225339581,-0.0015339199483072647,1.0183215744302,0.06852647529100069,-0.08860492776896374,0.02692331448387323,0.07573733285440395,0.3288671875,LR,l2,1,bplus,0.9323999881744385
39,20,train,-0.1344984869729446,0.4779884956715119,0.41036528857811516,-0.0911185972343906,0.32142061318669696,0.2583507704430066,-0.0016022106805351733,1.0355544619505865,0.06931115336090443,-0.09481580287822375,0.026922116616971647,0.07840073976286074,0.35037109375,LR,l2,1,bplus,
39,100,train,-0.16022190421880858,0.7308596081494562,0.6107548393962686,-0.09115761286285722,0.3379313068961173,0.3076096799988767,-0.0016285465166716512,1.080448408977196,0.07030617449745477,-0.09651856716877388,0.03170945528513516,0.08499438132789411,0.33859375,LR,l2,1,bplus,
39,300,train,-0.07941683295168482,0.8276433143737612,0.5261856199142217,-0.055774311515594296,0.32990700504269316,0.2796868100150711,-0.0012985341335337865,1.0598374310173206,0.07060158502077683,-0.06241741023290968,0.028439480985169786,0.08244346761544243,0.36775390625,LR,l2,1,bplus,
39,625,train,-0.1671019997582368,0.895452659353925,0.4612757971836921,-0.09644871076192946,0.3192748182194672,0.2714559791168699,-0.001614894397045415,1.0007653079826975,0.06695501853770111,-0.09847122986688099,0.028620772224750138,0.07496787825612947,0.33591796875,LR,l2,1,bplus,0.9350000023841858
40,20,train,-0.2842506861638313,0.4806960211518121,0.40075775676599773,-0.1711921249620124,0.3301006291652914,0.27259534134355584,-0.0023087261323450087,1.02054244084464,0.06609639351256191,-0.17040445964924075,0.032026031433302744,0.07883951604306572,0.2666015625,LR,l2,1,bplus,
40,100,train,-0.1605018933429387,0.7631306295304886,0.5941600322348009,-0.13630470985092466,0.3475481847690336,0.3328997231888595,-0.0020095499213803767,1.070859055073469,0.06773391488277411,-0.13811998186978847,0.035705393220628566,0.08696061505520021,0.35509765625,LR,l2,1,bplus,
40,300,train,-0.0876651650580289,0.8422490199158368,0.5101178947219095,-0.09081797313341199,0.33791565049788735,0.28749190076291287,-0.0015798046347400149,1.061589720168477,0.06798107903508935,-0.09385065090053826,0.030308256680471265,0.08520248235593433,0.38740234375,LR,l2,1,bplus,
40,625,train,-0.13161512170096076,0.9186365856062527,0.44640608557569855,-0.11512718163004426,0.3243419238792447,0.2682786292298272,-0.0017139239273104739,1.0107489452504503,0.06552472267183475,-0.11004589412178202,0.028537815145749712,0.07801817179414999,0.36205078125,LR,l2,1,bplus,0.9269999861717224
20,0,pre,-0.13923309799965006,0.324269665016407,0.2215857141361728,-0.16792148291878317,0.3232480310824523,0.23827966873178746,-0.0018328485588823757,1.0320847257760888,0.03603816182745504,-0.15171483399963337,0.025524864429040773,0.08000642351300588,0.3134375,LR,l2,1,bminus,
20,0,post,-0.2362075080923119,0.324269665016407,0.22158571430531146,-0.264895893011445,0.3232480310824523,0.23827966887551993,-0.0018328485588823757,1.0320847257760888,-0.06093624826520681,-0.2486892440922952,0.025524864429040773,0.08000642351300588,0.2589453125,LR,l2,1,bminus,
21,20,train,-0.3906469014031786,0.47327752702786535,0.3814379655417188,-0.31063547067822156,0.32614166155862145,0.20897947548604281,-0.0022569032419410503,1.04596508106419,-0.061275589623255654,-0.2924678192882567,0.02564232075631516,0.08257179209950444,0.2196875,LR,l2,1,bminus,
21,100,train,-0.3485438381327959,0.7466213349587028,0.7180865995237893,-0.2865987660578169,0.34605299037976883,0.3092242139680548,-0.00207196287499328,1.092282335220596,-0.05813185199178406,-0.2703791951436417,0.03271323862554875,0.08869455392123243,0.28267578125,LR,l2,1,bminus,
21,300,train,-0.2569046234604791,0.8345305838761564,0.6526090795984986,-0.24441028015739386,0.3375242582002242,0.28420626482609157,-0.0017321500551013202,1.0676987075079234,-0.05361433687154204,-0.23105199831457895,0.02927655191702815,0.08593021017483501,0.3028515625,LR,l2,1,bminus,
21,625,train,-0.20774960830927203,0.8892639043547719,0.5153018169086311,-0.1997511347821937,0.31889427725594205,0.24027314957222246,-0.0013616980462872303,1.005302226563768,-0.048447008307557556,-0.18793637657168596,0.02480547588252124,0.07811497301765993,0.30810546875,LR,l2,1,bminus,0.920799970626831
22,20,train,-0.27264252619468476,0.4897571701019023,0.33744097770886183,-0.2057711132590766,0.32396333948079853,0.24281542645988857,-0.001442100861546431,1.0239153288891503,-0.0482491206022678,-0.19597477732824928,0.025022048779424457,0.08083031129923135,0.26681640625,LR,l2,1,bminus,
22,100,train,-0.18729407646341228,0.7313756270463099,0.6431121933464664,-0.1652787610015135,0.33926510282454825,0.31312904912720324,-0.001073982100516597,1.065683142549658,-0.045065872312989086,-0.15508224865758857,0.029460605463272515,0.08535952812723638,0.319140625,LR,l2,1,bminus,
22,300,train,-0.21023724379827566,0.8169345599821067,0.5790229901852837,-0.1759776075199111,0.3338408984596354,0.2880691131642081,-0.0012141203179429252,1.0464408481194778,-0.0419246516097337,-0.1662964803042562,0.027943645868599862,0.08298586551625674,0.31255859375,LR,l2,1,bminus,
22,625,train,-0.14279928185582885,0.887425664509254,0.49377012270814624,-0.13306045112531784,0.31960885587996635,0.26432882333008556,-0.000863219968023348,0.9949490037820857,-0.036886230394011364,-0.1253125950648462,0.024149829106747855,0.07685495691220175,0.32986328125,LR,l2,1,bminus,0.9205999970436096
23,20,train,-0.3299205581727108,0.4633684769395548,0.34399785311009884,-0.20385164699381028,0.32052324784906144,0.22690683327966032,-0.0015455643218019333,1.0140534698266879,-0.03812654289300554,-0.19645077009414547,0.023377871469157645,0.07936259066651456,0.263125,LR,l2,1,bminus,
23,100,train,-0.17543051726305847,0.7485394858973876,0.6639484156722218,-0.13714195059499854,0.3412602352668919,0.30252207673001946,-0.0009649396051807315,1.0806136023236153,-0.03452626929036342,-0.13337257101392933,0.027943768366945933,0.08770542899431259,0.33802734375,LR,l2,1,bminus,
23,300,train,-0.19173815056367172,0.834956162106001,0.5731100175928774,-0.14349770882139562,0.33337195175328593,0.2685559470565272,-0.001002452553105343,1.0645679729743467,-0.03160049003781751,-0.1342895360628799,0.02523168512582443,0.08517104366356977,0.31041015625,LR,l2,1,bminus,
23,625,train,-0.1507018303348241,0.88392429699861,0.4684120076655461,-0.1055072122340511,0.3148349845976163,0.2234680079892791,-0.0006527243190351731,1.0029575490877314,-0.02777094330987893,-0.09463459429410341,0.020358548977883927,0.07768332441826675,0.31923828125,LR,l2,1,bminus,0.9362000226974487
24,20,train,-0.3593491878579772,0.49563914077463583,0.4301413182454022,-0.17795021550111328,0.3201081129085453,0.22431595034272425,-0.001298845293023188,1.0261921298580645,-0.02880418596265372,-0.16185505571357134,0.021119123437917574,0.08066817162588755,0.26677734375,LR,l2,1,bminus,
24,100,train,-0.258569311841115,0.7515667977868655,0.79699708584488,-0.1393276590936946,0.3422234597702614,0.3045380452589213,-0.0009057580905594864,1.0823096773209633,-0.025801910603768193,-0.11858578746747611,0.027631204494263494,0.08826261772226413,0.322109375,LR,l2,1,bminus,
24,300,train,-0.2461405850720735,0.8494066472358791,0.5959116837607108,-0.13728062007375602,0.33439022522023515,0.2576021037184278,-0.0009076764483270835,1.0693294694355406,-0.02342518629215192,-0.11640557552792079,0.024090675699011438,0.08649063945256924,0.3083203125,LR,l2,1,bminus,
24,625,train,-0.25897375953634555,0.9065850292625585,0.5457367517266836,-0.12171464510270631,0.32342300455644657,0.251085541852757,-0.0007839427576812914,1.0159458277236815,-0.020445709583582355,-0.10075109029728571,0.023999237799777067,0.07892630318362918,0.29693359375,LR,l2,1,bminus,0.9308000206947327
25,20,train,-0.4410274032112519,0.48137304158143107,0.44059416397671747,-0.2571536217438844,0.33115643289310037,0.2426462696209519,-0.0020594615195791226,1.0353351357421205,-0.022647596960596275,-0.23361432861864972,0.02624293357906926,0.08150184533618127,0.21376953125,LR,l2,1,bminus,
25,100,train,-0.21325918469094465,0.7442394874111643,0.8293303767734115,-0.1540476197919575,0.347120388611192,0.32323724104259627,-0.001059323096621522,1.0953816571800494,-0.018728498436539665,-0.127243238498205,0.030510907405147284,0.0881514217509451,0.3623828125,LR,l2,1,bminus,
25,300,train,-0.23303734338247956,0.8516079145870732,0.7221674260346487,-0.1634740679583725,0.34686290614653964,0.3350052213211804,-0.0011666817755203673,1.0808640319498632,-0.015587013763724827,-0.13509934197505588,0.03238810070648336,0.08614249414111809,0.327109375,LR,l2,1,bminus,
25,625,train,-0.18133053555477738,0.892774459810883,0.5820046667982475,-0.11997635832451939,0.3226763247707788,0.2852600972678678,-0.0008047003767677671,1.0160044063060625,-0.012929546953528189,-0.09536129274569706,0.027112759265836877,0.07605634507317346,0.33236328125,LR,l2,1,bminus,0.9369000196456909
26,20,train,-0.2502914101565181,0.4923946755176366,0.3656833688028406,-0.16922255564547736,0.3274705806948417,0.2778750892983679,-0.001270494398236786,1.0346549546405672,-0.013781205285340548,-0.143927871410307,0.027003869389442277,0.07926422647740905,0.28400390625,LR,l2,1,bminus,
26,100,train,-0.19101675999589326,0.7308653313604139,0.635778965409028,-0.13480280498486097,0.3465826494010784,0.3631463331365124,-0.0009880417811339135,1.0838431226587233,-0.011996842350927182,-0.1132096804281454,0.03353773508013858,0.08588802178975712,0.33291015625,LR,l2,1,bminus,
26,300,train,-0.13060422342901123,0.8339938667510339,0.4901747997633993,-0.10522501005354329,0.33671057412129196,0.30977768344079004,-0.0007622208248667848,1.068773108680399,-0.008860164892394096,-0.08694039833939407,0.0286424265384243,0.08403651964737899,0.35923828125,LR,l2,1,bminus,
26,625,train,-0.15275494725833555,0.8870710790492997,0.43523548517832944,-0.08946499229337633,0.3201815185017896,0.27009659032848066,-0.0006496743921302518,1.0097501801073074,-0.007443202423164621,-0.07399442556894194,0.02516677570105284,0.07679844213213956,0.33958984375,LR,l2,1,bminus,0.9164999723434448
27,20,train,-0.3567237600489272,0.4953413997421681,0.3890334735020618,-0.18816121868210228,0.3236690176387973,0.23202339626226062,-0.0015814166536182847,1.0300822116753434,-0.008957630033255554,-0.17095449165543644,0.023666729064428203,0.080132383611213,0.25455078125,LR,l2,1,bminus,
27,100,train,-0.298088746318214,0.7519895551334851,0.6362891041037837,-0.1760472291109154,0.3430520862529635,0.2935104992491212,-0.001486557635370787,1.0780642294410765,-0.006657946031191386,-0.15893765738971694,0.029335091426719244,0.0868229169959126,0.30767578125,LR,l2,1,bminus,
27,300,train,-0.2383109298462465,0.8525347582114399,0.5281225856938834,-0.14227399343761302,0.3344134412339537,0.26103028232891096,-0.0012139628566153972,1.0633932475675345,-0.004111267089610919,-0.1284669657902902,0.02627618014131894,0.08416796305004841,0.32443359375,LR,l2,1,bminus,
27,625,train,-0.09971063071432276,0.9063144364911859,0.4624433815075345,-0.07215745274081727,0.31783341501712,0.23574699081752315,-0.0005871634378974203,1.004029912694579,-0.001265459866845049,-0.06141319764426175,0.02296250288197503,0.0764636883838986,0.37091796875,LR,l2,1,bminus,0.9301999807357788
28,20,train,-0.38458391039131384,0.46571101607597537,0.38280613601138086,-0.18105436649021356,0.32629315186195806,0.24821490078646113,-0.0016350953470510258,1.0241420042302198,-0.0031455990466929505,-0.17064118856717145,0.02587307106570989,0.07857317969124007,0.23166015625,LR,l2,1,bminus,
28,100,train,-0.2554896548123482,0.7280865899444615,0.6865898449251066,-0.13217678549504433,0.34120282568621824,0.32146868417038094,-0.0011731717156274132,1.0718372122053095,-0.0007892483823525254,-0.12096639185729671,0.031090168904083396,0.08303670713042101,0.3146875,LR,l2,1,bminus,
28,300,train,-0.15960262342198508,0.8151449516028471,0.5995639239740417,-0.09502502930520242,0.3335898362052061,0.29704782035503097,-0.0008499895093738698,1.0516495944977853,0.0008342898183036595,-0.08623677561868685,0.028368208029748196,0.08058756239667755,0.34587890625,LR,l2,1,bminus,
28,625,train,-0.1020951518551397,0.8879181108615477,0.5545968579136271,-0.05744157796485954,0.31871863074014173,0.28107962066551934,-0.0005751640134015968,0.9971071575643506,0.002906825868994929,-0.05601171711959232,0.027357595513144428,0.07250961425995013,0.36203125,LR,l2,1,bminus,0.9236999750137329
29,20,train,-0.3886162477926866,0.4805901978467777,0.46294317803058677,-0.17703951130622728,0.32534889861618205,0.2801454284148261,-0.0016685589157570504,1.0164885413790825,0.0008824078238103539,-0.17004111645165565,0.029021922715213595,0.07486159297792823,0.230546875,LR,l2,1,bminus,
29,100,train,-0.18234301226206767,0.7451791641628852,0.7680190201338831,-0.09363514153838472,0.34118388581799425,0.3577362660894194,-0.0009199531334479627,1.059778867215207,0.004794923436420504,-0.0894430625599211,0.03420406317567621,0.08078832284634205,0.33751953125,LR,l2,1,bminus,
29,300,train,-0.23898789734930737,0.8498610763796023,0.6333855303607401,-0.10591787203453079,0.33784220291659245,0.34370622155768166,-0.0010361497718201836,1.0481017165841844,0.006266412485274486,-0.09987450289041767,0.03282436791279385,0.07972457314719787,0.30513671875,LR,l2,1,bminus,
29,625,train,-0.22518270542195534,0.9010914656304044,0.6139042276578928,-0.08981462474126571,0.3230060931734544,0.3130201908325761,-0.0009075642392964774,0.9891493901681987,0.008165072828851407,-0.08480382195935218,0.02992064842186731,0.07303759033320477,0.30474609375,LR,l2,1,bminus,0.9366999864578247
30,20,train,-0.37355420733858824,0.48696470486316057,0.45657793812262976,-0.18173942677173432,0.32580194741882174,0.2995389047478627,-0.001779233614007483,1.0087977004070368,0.006283167726942338,-0.1759776304646232,0.030302796623779483,0.07561209592467902,0.24359375,LR,l2,1,bminus,
30,100,train,-0.2599282363463741,0.749445211418913,0.626550475920779,-0.12496321905168592,0.33876758071326574,0.3503676274306828,-0.0013227817644714136,1.0661292998767355,0.008280500815599225,-0.1272223686939206,0.03244183599669833,0.08203835103105954,0.3109765625,LR,l2,1,bminus,
30,300,train,-0.2225741195940149,0.8444903188989215,0.626045034385072,-0.09897456494192296,0.33700182595889316,0.33587480428306826,-0.001085623827985556,1.0544246433487923,0.009199868420837446,-0.10200906101185372,0.03156788413120413,0.08165884804604567,0.31103515625,LR,l2,1,bminus,
30,625,train,-0.16672554287118405,0.8955356836296834,0.5743198259081883,-0.07741067887692528,0.3230776663967761,0.3109399007169116,-0.0008827584439055299,0.9950162381588697,0.010425211377150845,-0.08000263200996806,0.028592087499733642,0.07544589262165557,0.325859375,LR,l2,1,bminus,0.9314000010490417
31,20,train,-0.28568287388107527,0.47631822638313104,0.44934011517470407,-0.12080320325490078,0.3282762119068469,0.3243020139812606,-0.001331845183850488,1.014841772305103,0.008836424845503644,-0.12759488151310103,0.030547608259063025,0.07729228913852211,0.2771875,LR,l2,1,bminus,
31,100,train,-0.23088136147394547,0.7700089372327903,0.6055728631389189,-0.09392674826514844,0.3432414515766781,0.3811843392810831,-0.0011296818588659757,1.0688548420460784,0.010770296046684962,-0.1049518416638823,0.034872264488496195,0.08359293670682827,0.3119140625,LR,l2,1,bminus,
31,300,train,-0.17580111314281335,0.8387682660869111,0.48776413097886945,-0.06318342916450029,0.33328440080221133,0.33650355193540493,-0.0008551684001611942,1.0441840221033356,0.012334431047493126,-0.07526714862956879,0.031134785578928775,0.08065516956612068,0.3125,LR,l2,1,bminus,
31,625,train,-0.09843120010508287,0.8875535781673605,0.4810825736690839,-0.0286888833404009,0.31564925718322484,0.290137380991055,-0.0005395388673514176,0.9837224580586289,0.014103686457674484,-0.04116549452264225,0.027701837198190048,0.07312231103086951,0.3509765625,LR,l2,1,bminus,0.9345999956130981
32,20,train,-0.37086100990838927,0.4682626130938035,0.4730284185049246,-0.1538637812414999,0.32440478990087224,0.2819575199097757,-0.0017178675906194423,1.0035999065433328,0.011846856534248218,-0.1641277404994184,0.029987632458638912,0.07688406228911344,0.24201171875,LR,l2,1,bminus,
32,100,train,-0.35269885070157386,0.7379080636919237,0.7775853433868898,-0.15531023268204394,0.3487527182757357,0.3731247245375178,-0.001767111123489796,1.0727558286842167,0.013741756273666396,-0.16727724051507664,0.03791633035426163,0.08506839445552124,0.31185546875,LR,l2,1,bminus,
32,300,train,-0.21600137496978136,0.8382130068327881,0.6677759547505187,-0.0865910642868228,0.340891938175412,0.3491955793740303,-0.0011192775624981712,1.0641400839326653,0.01666038004506845,-0.09799596431172639,0.03386069363530134,0.08375355189240513,0.33984375,LR,l2,1,bminus,
32,625,train,-0.2440171037654499,0.9083983329658545,0.5608442710702103,-0.09064646263547954,0.3252136971197935,0.3164145499295016,-0.0011713540689344457,1.0116280776620488,0.016565214776201174,-0.10342573294879623,0.03133291153571625,0.07580999130104288,0.32177734375,LR,l2,1,bminus,0.9311000108718872
33,20,train,-0.08589180876593286,0.5269195798888031,0.5464590300551277,-0.0710758480488999,0.3336239316770552,0.349661037304266,-0.0009859228159036061,1.0353743365712036,0.017063919508073015,-0.08393185640756311,0.03349686570312821,0.0785286588603677,0.34818359375,LR,l2,1,bminus,
33,100,train,-0.16068989327645775,0.7497111176781828,0.6202516853431426,-0.09943807253948016,0.3464503297955145,0.37867489559596335,-0.001257486390758858,1.0771997760834007,0.01737119854282355,-0.11144295575955596,0.0364872280534982,0.08413944687499449,0.3482421875,LR,l2,1,bminus,
33,300,train,-0.14471308419374454,0.8388844676527543,0.5603862662386517,-0.07724470113433006,0.343329119065999,0.3663404179475056,-0.0010562881337095942,1.0597849587405532,0.018139462256804108,-0.09006438284511295,0.03509830809540666,0.08261741839128925,0.3503125,LR,l2,1,bminus,
33,625,train,-0.10039623598714568,0.8821144388230984,0.5015930965775928,-0.04542212091192946,0.3223082705936416,0.30499668428823656,-0.0007195559824203879,0.9922776981492953,0.01879293688572943,-0.054916803458072566,0.02923606867737381,0.07432391727451021,0.3552734375,LR,l2,1,bminus,0.9258999824523926
34,20,train,-0.30517148342226813,0.4928835180900888,0.41400919263210556,-0.1336404190215092,0.32685938281647486,0.28699330278116114,-0.0015521811228794591,1.0121553575698854,0.017840833918889985,-0.14116120390608836,0.029588788027386244,0.07677441623141748,0.26513671875,LR,l2,1,bminus,
34,100,train,-0.24617258227907934,0.7705974356681631,0.6285209561310787,-0.10619263687757256,0.3425901156347352,0.3338020616957159,-0.0013056042320576699,1.0686346034290388,0.02008985933382064,-0.11365338134222704,0.033401612422902925,0.0833758986135377,0.3144921875,LR,l2,1,bminus,
34,300,train,-0.18359235861557768,0.8552594646644239,0.6293114534445208,-0.07120272188750432,0.3372984426955881,0.3372404954894522,-0.0009596376164182499,1.0462511052800287,0.02155222288245568,-0.07675095471382035,0.03354025138652392,0.07977464478048503,0.3436328125,LR,l2,1,bminus,
34,625,train,-0.17135000381347573,0.9056453838654781,0.5248393811718784,-0.05845086593837001,0.3180093323157795,0.27701253278865606,-0.0008816035463714095,0.9920746539917915,0.02093471928375948,-0.06937481892705141,0.02752774954484624,0.07276657187875574,0.331875,LR,l2,1,bminus,0.9293000102043152
35,20,train,-0.16200650267949343,0.48550272363205,0.378129585264253,-0.07226878676996695,0.31588726139548023,0.23965104351569763,-0.0010517405893842831,1.015037614790527,0.02074059778766241,-0.08699740682427205,0.023590092398870253,0.07516956264917396,0.35458984375,LR,l2,1,bminus,
35,100,train,-0.18528282992561432,0.750634330718599,0.6799941789943201,-0.06654128946976043,0.33925695672385275,0.33063012157291466,-0.0010321909977557594,1.074117095493544,0.02270012654364109,-0.08303526067927695,0.03183637792598661,0.08191107726410589,0.3523046875,LR,l2,1,bminus,
35,300,train,-0.1369266757020865,0.8398811615380174,0.5610329459177962,-0.0508049770212752,0.33220287020702527,0.3065637381009202,-0.0008497712879602531,1.0669689137082699,0.023568845858899293,-0.0634798654539812,0.029302149947601684,0.08045288967388536,0.36154296875,LR,l2,1,bminus,
35,625,train,-0.1479003116471791,0.8972612947905615,0.566567562302077,-0.055385683439588364,0.3210868240782218,0.30842417088877255,-0.0008889452906707098,1.0124600513925877,0.02268004765996011,-0.06838156277204434,0.029694018839422565,0.07330284528113856,0.35517578125,LR,l2,1,bminus,0.9200000166893005
36,20,train,-0.3391627961703808,0.46143115622763287,0.28753369783476607,-0.15991279953659043,0.3198356371116999,0.24015022088147242,-0.0018671284896800608,1.0310310703818772,0.020611139154643753,-0.1706534177737804,0.025677590525363166,0.07612879560008928,0.24490234375,LR,l2,1,bminus,
36,100,train,-0.18979499784084936,0.7538182770250388,0.6100492367626151,-0.08998259528224638,0.34381274693088243,0.35346975889567855,-0.0012594619238310118,1.0809799163798388,0.023487959989579393,-0.10552856359795187,0.03381355424269831,0.08357080556886289,0.3385546875,LR,l2,1,bminus,
36,300,train,-0.13622958230396806,0.8401147532790952,0.4748920056467623,-0.06561727327426065,0.3323760295392732,0.300376222143327,-0.001024526378062776,1.0673599370814577,0.025102715358370914,-0.07984752499452397,0.02955874314017232,0.0811155320647004,0.35234375,LR,l2,1,bminus,
36,625,train,-0.1424172627120613,0.9049736099191553,0.47163931471931986,-0.04959786184732105,0.31899939716305137,0.2746204187020652,-0.0008644198217001416,1.008005763657427,0.025595934055745603,-0.06295334100028196,0.02764302443709747,0.07428325164722457,0.34400390625,LR,l2,1,bminus,0.932699978351593
37,20,train,-0.271161729787426,0.47226496441621724,0.5206814012964806,-0.10243484897328357,0.3230019173010312,0.2746233750973269,-0.001335094639386946,1.0249438165142106,0.024345185891143047,-0.11241898758232512,0.028460543491724652,0.07601322113600865,0.2790625,LR,l2,1,bminus,
37,100,train,-0.1189143606825199,0.7407466608932686,0.7557678954256929,-0.041629463762723036,0.3401672063243397,0.33056604848937915,-0.0007481542254003903,1.0804115506032936,0.026962065649277066,-0.049677216128193945,0.032621463513264,0.08327426811559142,0.3623828125,LR,l2,1,bminus,
37,300,train,-0.12688803396448997,0.8365077658561926,0.6136432831838735,-0.06001327736157278,0.33757893653765986,0.3143790117907117,-0.0008794433496762321,1.0683584031698512,0.02785763218460488,-0.06223062020358322,0.03119915852990851,0.08260300020776562,0.3603515625,LR,l2,1,bminus,
37,625,train,-0.1514923966670877,0.9041721277274236,0.5263910356245103,-0.053645006639623495,0.32183390063115963,0.28331260640823097,-0.0008475659200795056,1.0113012576679181,0.029010241447249428,-0.05781255680559969,0.02798126690004201,0.07609874799440428,0.33373046875,LR,l2,1,bminus,0.9329000115394592
38,20,train,-0.43085001222154545,0.491844335959864,0.41756010853651704,-0.1969050122768486,0.3315275162575619,0.2957339209810801,-0.0022558583076581155,1.03282970861137,0.026761244969384278,-0.2043239439141443,0.03242732766073827,0.07938343468954268,0.2334765625,LR,l2,1,bminus,
38,100,train,-0.2233231772880044,0.7946956739294865,0.8355001365221316,-0.11956544766439801,0.3519867414396069,0.38960953516067,-0.0015155529354375235,1.0958025790624304,0.029577918978029628,-0.12567200747331014,0.038901735331974975,0.0869934790955951,0.33384765625,LR,l2,1,bminus,
38,300,train,-0.2550053392233685,0.8820434895409237,0.5829745640815667,-0.13053318831229874,0.34446211906657137,0.33194289331285737,-0.0015824655844786197,1.0868059641222374,0.02904257032496389,-0.1330617414793333,0.034052615930229395,0.0859828392065896,0.3090625,LR,l2,1,bminus,
38,625,train,-0.13280664208505513,0.9128087948352799,0.5347809403226393,-0.05773658557705207,0.3239735357542135,0.2859284156500679,-0.0008803871004806347,1.024520637136901,0.030341325995141232,-0.059843602160382946,0.02838156411809722,0.07749312883384558,0.350625,LR,l2,1,bminus,0.9334999918937683
39,20,train,-0.09456367128014803,0.48697299011401307,0.44398179686098516,-0.07221032411536923,0.3301865733467103,0.2972673892891608,-0.0010391574749736249,1.0438650666786546,0.030981879615574144,-0.0754671382898554,0.029475276501262436,0.08072738525141165,0.37111328125,LR,l2,1,bminus,
39,100,train,-0.10451161491837004,0.7406318545554013,0.618778650997295,-0.07133694634549542,0.3478307931579459,0.35091532184754626,-0.0010554187286831449,1.0890137023497304,0.03213427929382306,-0.07598050585957183,0.03469130593603995,0.08772190384046905,0.363046875,LR,l2,1,bminus,
39,300,train,-0.03910757949047112,0.841072119505024,0.4774557068489556,-0.046326925846858956,0.33614714983529115,0.2965247465073248,-0.000812997350349868,1.0721263761465831,0.032914538181503306,-0.05036713142940567,0.02947872410838099,0.08497801706543959,0.394375,LR,l2,1,bminus,
39,625,train,-0.12967635073197573,0.9042474753826162,0.44877381338608047,-0.0752046418233781,0.32367896137644636,0.28936456107985614,-0.001061234527556945,1.0090454088099738,0.031286282924120314,-0.0774242599400751,0.029234908948251297,0.07703486280786691,0.3617578125,LR,l2,1,bminus,0.9362999796867371
40,20,train,-0.2552276866231448,0.4651010886270932,0.44239889592709586,-0.14367740571249427,0.3324167083212991,0.28760281896227896,-0.001700091929457686,1.0273137864291975,0.03062784418609226,-0.14352585301395027,0.03103398501714794,0.08089685356279512,0.30453125,LR,l2,1,bminus,
40,100,train,-0.13370718833126274,0.742922919906668,0.7455826074791472,-0.09843027816122199,0.35119444774260683,0.37006725210973657,-0.0012849725626730968,1.0747880532201455,0.03218650695023825,-0.09944327065921012,0.03652627951996918,0.08823787181077304,0.3669921875,LR,l2,1,bminus,
40,300,train,-0.016106869071517725,0.8322731921756179,0.6000426209843588,-0.03855002725951108,0.3423665785929675,0.31903829340943857,-0.0007320532966319653,1.0647976961596832,0.03381095924829424,-0.04117897861736239,0.031451023116654056,0.08657111009608447,0.4128515625,LR,l2,1,bminus,
40,625,train,-0.07633368325966458,0.9147985610259278,0.4743198056513333,-0.0513901822952357,0.32688895488859804,0.2852873459257601,-0.0008041474983845305,1.0138333770527295,0.03279242817632621,-0.04958268196404389,0.028095247709900083,0.07941780919073758,0.3722265625,LR,l2,1,bminus,0.9241999983787537
