step,run_id,loss
501000,A_w100_T10000_std_lr0.01_s0_vzero,1.89399
501000,A_w100_T10000_std_lr0.01_s1_vzero,0.804151
501000,A_w100_T10000_std_lr0.01_s2_vzero,1.30384
501000,A_w100_T10000_std_lr0.01_s3_vzero,0.316942
501000,A_w100_T10000_std_lr0.01_s4_vzero,0.736913
501000,A_w100_T10000_std_lr0.01_s5_vzero,1.10865
501000,A_w100_T10000_std_lr0.01_s6_vzero,0.491796
501000,A_w100_T10000_std_lr0.01_s7_vzero,0.314711
501000,A_w100_T10000_std_lr0.01_s8_vzero,0.285961
501000,A_w100_T10000_std_lr0.01_s9_vzero,1.31168
502000,A_w100_T10000_std_lr0.01_s0_vzero,0.907938
502000,A_w100_T10000_std_lr0.01_s1_vzero,0.419631
502000,A_w100_T10000_std_lr0.01_s2_vzero,0.667402
502000,A_w100_T10000_std_lr0.01_s3_vzero,0.181686
502000,A_w100_T10000_std_lr0.01_s4_vzero,0.341172
502000,A_w100_T10000_std_lr0.01_s5_vzero,0.696908
502000,A_w100_T10000_std_lr0.01_s6_vzero,0.107025
502000,A_w100_T10000_std_lr0.01_s7_vzero,0.12696
502000,A_w100_T10000_std_lr0.01_s8_vzero,0.0472878
502000,A_w100_T10000_std_lr0.01_s9_vzero,1.10638
503000,A_w100_T10000_std_lr0.01_s0_vzero,0.828691
503000,A_w100_T10000_std_lr0.01_s1_vzero,0.321208
503000,A_w100_T10000_std_lr0.01_s2_vzero,0.509607
503000,A_w100_T10000_std_lr0.01_s3_vzero,0.118438
503000,A_w100_T10000_std_lr0.01_s4_vzero,0.245047
503000,A_w100_T10000_std_lr0.01_s5_vzero,0.485954
503000,A_w100_T10000_std_lr0.01_s6_vzero,0.0613682
503000,A_w100_T10000_std_lr0.01_s7_vzero,0.0707284
503000,A_w100_T10000_std_lr0.01_s8_vzero,0.0220173
503000,A_w100_T10000_std_lr0.01_s9_vzero,1.05578
504000,A_w100_T10000_std_lr0.01_s0_vzero,0.613857
504000,A_w100_T10000_std_lr0.01_s1_vzero,0.266865
504000,A_w100_T10000_std_lr0.01_s2_vzero,0.377299
504000,A_w100_T10000_std_lr0.01_s3_vzero,0.110212
504000,A_w100_T10000_std_lr0.01_s4_vzero,0.226867
504000,A_w100_T10000_std_lr0.01_s5_vzero,0.402761
504000,A_w100_T10000_std_lr0.01_s6_vzero,0.0361024
504000,A_w100_T10000_std_lr0.01_s7_vzero,0.0441327
504000,A_w100_T10000_std_lr0.01_s8_vzero,0.00987279
504000,A_w100_T10000_std_lr0.01_s9_vzero,1.11929
505000,A_w100_T10000_std_lr0.01_s0_vzero,0.649282
505000,A_w100_T10000_std_lr0.01_s1_vzero,0.244313
505000,A_w100_T10000_std_lr0.01_s2_vzero,0.244064
505000,A_w100_T10000_std_lr0.01_s3_vzero,0.115062
505000,A_w100_T10000_std_lr0.01_s4_vzero,0.179606
505000,A_w100_T10000_std_lr0.01_s5_vzero,0.245846
505000,A_w100_T10000_std_lr0.01_s6_vzero,0.0199863
505000,A_w100_T10000_std_lr0.01_s7_vzero,0.025264
505000,A_w100_T10000_std_lr0.01_s8_vzero,0.00353285
505000,A_w100_T10000_std_lr0.01_s9_vzero,1.01437
506000,A_w100_T10000_std_lr0.01_s0_vzero,0.599295
506000,A_w100_T10000_std_lr0.01_s1_vzero,0.224045
506000,A_w100_T10000_std_lr0.01_s2_vzero,0.173325
506000,A_w100_T10000_std_lr0.01_s3_vzero,0.101323
506000,A_w100_T10000_std_lr0.01_s4_vzero,0.144826
506000,A_w100_T10000_std_lr0.01_s5_vzero,0.168959
506000,A_w100_T10000_std_lr0.01_s6_vzero,0.011801
506000,A_w100_T10000_std_lr0.01_s7_vzero,0.012504
506000,A_w100_T10000_std_lr0.01_s8_vzero,0.00140346
506000,A_w100_T10000_std_lr0.01_s9_vzero,0.946752
507000,A_w100_T10000_std_lr0.01_s0_vzero,0.461496
507000,A_w100_T10000_std_lr0.01_s1_vzero,0.211558
507000,A_w100_T10000_std_lr0.01_s2_vzero,0.100898
507000,A_w100_T10000_std_lr0.01_s3_vzero,0.113149
507000,A_w100_T10000_std_lr0.01_s4_vzero,0.124716
507000,A_w100_T10000_std_lr0.01_s5_vzero,0.154211
507000,A_w100_T10000_std_lr0.01_s6_vzero,0.00903114
507000,A_w100_T10000_std_lr0.01_s7_vzero,0.00709872
507000,A_w100_T10000_std_lr0.01_s8_vzero,0.000621494
507000,A_w100_T10000_std_lr0.01_s9_vzero,1.07204
508000,A_w100_T10000_std_lr0.01_s0_vzero,0.457068
508000,A_w100_T10000_std_lr0.01_s1_vzero,0.192429
508000,A_w100_T10000_std_lr0.01_s2_vzero,0.125008
508000,A_w100_T10000_std_lr0.01_s3_vzero,0.104594
508000,A_w100_T10000_std_lr0.01_s4_vzero,0.106383
508000,A_w100_T10000_std_lr0.01_s5_vzero,0.0983058
508000,A_w100_T10000_std_lr0.01_s6_vzero,0.00667467
508000,A_w100_T10000_std_lr0.01_s7_vzero,0.00403345
508000,A_w100_T10000_std_lr0.01_s8_vzero,0.000305355
508000,A_w100_T10000_std_lr0.01_s9_vzero,1.00053
509000,A_w100_T10000_std_lr0.01_s0_vzero,0.440853
509000,A_w100_T10000_std_lr0.01_s1_vzero,0.199161
509000,A_w100_T10000_std_lr0.01_s2_vzero,0.0751643
509000,A_w100_T10000_std_lr0.01_s3_vzero,0.107496
509000,A_w100_T10000_std_lr0.01_s4_vzero,0.0964057
509000,A_w100_T10000_std_lr0.01_s5_vzero,0.118949
509000,A_w100_T10000_std_lr0.01_s6_vzero,0.00604137
509000,A_w100_T10000_std_lr0.01_s7_vzero,0.00337672
509000,A_w100_T10000_std_lr0.01_s8_vzero,0.00014508
509000,A_w100_T10000_std_lr0.01_s9_vzero,1.00846
510000,A_w100_T10000_std_lr0.01_s0_vzero,0.413668
510000,A_w100_T10000_std_lr0.01_s1_vzero,0.206263
510000,A_w100_T10000_std_lr0.01_s2_vzero,0.0763434
510000,A_w100_T10000_std_lr0.01_s3_vzero,0.104312
510000,A_w100_T10000_std_lr0.01_s4_vzero,0.0940995
510000,A_w100_T10000_std_lr0.01_s5_vzero,0.0763855
510000,A_w100_T10000_std_lr0.01_s6_vzero,0.00400858
510000,A_w100_T10000_std_lr0.01_s7_vzero,0.00273046
510000,A_w100_T10000_std_lr0.01_s8_vzero,8.16677e-05
510000,A_w100_T10000_std_lr0.01_s9_vzero,1.01093
511000,A_w100_T10000_std_lr0.01_s0_vzero,1.24883
511000,A_w100_T10000_std_lr0.01_s1_vzero,0.871819
511000,A_w100_T10000_std_lr0.01_s2_vzero,0.968671
511000,A_w100_T10000_std_lr0.01_s3_vzero,0.797323
511000,A_w100_T10000_std_lr0.01_s4_vzero,0.899016
511000,A_w100_T10000_std_lr0.01_s5_vzero,0.393368
511000,A_w100_T10000_std_lr0.01_s6_vzero,0.5747
511000,A_w100_T10000_std_lr0.01_s7_vzero,0.201772
511000,A_w100_T10000_std_lr0.01_s8_vzero,0.573393
511000,A_w100_T10000_std_lr0.01_s9_vzero,0.96389
512000,A_w100_T10000_std_lr0.01_s0_vzero,0.922464
512000,A_w100_T10000_std_lr0.01_s1_vzero,0.53503
512000,A_w100_T10000_std_lr0.01_s2_vzero,0.534655
512000,A_w100_T10000_std_lr0.01_s3_vzero,0.71153
512000,A_w100_T10000_std_lr0.01_s4_vzero,0.70822
512000,A_w100_T10000_std_lr0.01_s5_vzero,0.156825
512000,A_w100_T10000_std_lr0.01_s6_vzero,0.182074
512000,A_w100_T10000_std_lr0.01_s7_vzero,0.0256107
512000,A_w100_T10000_std_lr0.01_s8_vzero,0.212022
512000,A_w100_T10000_std_lr0.01_s9_vzero,0.860609
513000,A_w100_T10000_std_lr0.01_s0_vzero,0.831723
513000,A_w100_T10000_std_lr0.01_s1_vzero,0.350941
513000,A_w100_T10000_std_lr0.01_s2_vzero,0.423826
513000,A_w100_T10000_std_lr0.01_s3_vzero,0.792655
513000,A_w100_T10000_std_lr0.01_s4_vzero,0.699508
513000,A_w100_T10000_std_lr0.01_s5_vzero,0.0996413
513000,A_w100_T10000_std_lr0.01_s6_vzero,0.102082
513000,A_w100_T10000_std_lr0.01_s7_vzero,0.00965477
513000,A_w100_T10000_std_lr0.01_s8_vzero,0.101175
513000,A_w100_T10000_std_lr0.01_s9_vzero,0.821988
514000,A_w100_T10000_std_lr0.01_s0_vzero,0.723647
514000,A_w100_T10000_std_lr0.01_s1_vzero,0.320989
514000,A_w100_T10000_std_lr0.01_s2_vzero,0.377991
514000,A_w100_T10000_std_lr0.01_s3_vzero,0.426595
514000,A_w100_T10000_std_lr0.01_s4_vzero,0.655876
514000,A_w100_T10000_std_lr0.01_s5_vzero,0.0812434
514000,A_w100_T10000_std_lr0.01_s6_vzero,0.0759484
514000,A_w100_T10000_std_lr0.01_s7_vzero,0.00522067
514000,A_w100_T10000_std_lr0.01_s8_vzero,0.0711509
514000,A_w100_T10000_std_lr0.01_s9_vzero,0.872726
515000,A_w100_T10000_std_lr0.01_s0_vzero,0.517641
515000,A_w100_T10000_std_lr0.01_s1_vzero,0.318356
515000,A_w100_T10000_std_lr0.01_s2_vzero,0.333015
515000,A_w100_T10000_std_lr0.01_s3_vzero,0.343579
515000,A_w100_T10000_std_lr0.01_s4_vzero,0.591586
515000,A_w100_T10000_std_lr0.01_s5_vzero,0.0762721
515000,A_w100_T10000_std_lr0.01_s6_vzero,0.0539644
515000,A_w100_T10000_std_lr0.01_s7_vzero,0.00370274
515000,A_w100_T10000_std_lr0.01_s8_vzero,0.0291741
515000,A_w100_T10000_std_lr0.01_s9_vzero,0.897318
516000,A_w100_T10000_std_lr0.01_s0_vzero,0.407773
516000,A_w100_T10000_std_lr0.01_s1_vzero,0.265075
516000,A_w100_T10000_std_lr0.01_s2_vzero,0.285106
516000,A_w100_T10000_std_lr0.01_s3_vzero,0.334673
516000,A_w100_T10000_std_lr0.01_s4_vzero,0.611712
516000,A_w100_T10000_std_lr0.01_s5_vzero,0.0663453
516000,A_w100_T10000_std_lr0.01_s6_vzero,0.0534957
516000,A_w100_T10000_std_lr0.01_s7_vzero,0.00250862
516000,A_w100_T10000_std_lr0.01_s8_vzero,0.00942621
516000,A_w100_T10000_std_lr0.01_s9_vzero,0.826832
517000,A_w100_T10000_std_lr0.01_s0_vzero,0.309883
517000,A_w100_T10000_std_lr0.01_s1_vzero,0.287641
517000,A_w100_T10000_std_lr0.01_s2_vzero,0.292828
517000,A_w100_T10000_std_lr0.01_s3_vzero,0.310381
517000,A_w100_T10000_std_lr0.01_s4_vzero,0.61202
517000,A_w100_T10000_std_lr0.01_s5_vzero,0.0712955
517000,A_w100_T10000_std_lr0.01_s6_vzero,0.0390583
517000,A_w100_T10000_std_lr0.01_s7_vzero,0.00185782
517000,A_w100_T10000_std_lr0.01_s8_vzero,0.00284784
517000,A_w100_T10000_std_lr0.01_s9_vzero,0.840205
518000,A_w100_T10000_std_lr0.01_s0_vzero,0.296587
518000,A_w100_T10000_std_lr0.01_s1_vzero,0.281445
518000,A_w100_T10000_std_lr0.01_s2_vzero,0.338985
518000,A_w100_T10000_std_lr0.01_s3_vzero,0.380629
518000,A_w100_T10000_std_lr0.01_s4_vzero,0.584566
518000,A_w100_T10000_std_lr0.01_s5_vzero,0.0605896
518000,A_w100_T10000_std_lr0.01_s6_vzero,0.04382
518000,A_w100_T10000_std_lr0.01_s7_vzero,0.00140377
518000,A_w100_T10000_std_lr0.01_s8_vzero,0.0011613
518000,A_w100_T10000_std_lr0.01_s9_vzero,0.820347
519000,A_w100_T10000_std_lr0.01_s0_vzero,0.285298
519000,A_w100_T10000_std_lr0.01_s1_vzero,0.258903
519000,A_w100_T10000_std_lr0.01_s2_vzero,0.295516
519000,A_w100_T10000_std_lr0.01_s3_vzero,0.327397
519000,A_w100_T10000_std_lr0.01_s4_vzero,0.610035
519000,A_w100_T10000_std_lr0.01_s5_vzero,0.0614356
519000,A_w100_T10000_std_lr0.01_s6_vzero,0.0287224
519000,A_w100_T10000_std_lr0.01_s7_vzero,0.000972418
519000,A_w100_T10000_std_lr0.01_s8_vzero,0.000288793
519000,A_w100_T10000_std_lr0.01_s9_vzero,0.841421
520000,A_w100_T10000_std_lr0.01_s0_vzero,0.238805
520000,A_w100_T10000_std_lr0.01_s1_vzero,0.254717
520000,A_w100_T10000_std_lr0.01_s2_vzero,0.254413
520000,A_w100_T10000_std_lr0.01_s3_vzero,0.262313
520000,A_w100_T10000_std_lr0.01_s4_vzero,0.552545
520000,A_w100_T10000_std_lr0.01_s5_vzero,0.0547856
520000,A_w100_T10000_std_lr0.01_s6_vzero,0.0282849
520000,A_w100_T10000_std_lr0.01_s7_vzero,0.000830096
520000,A_w100_T10000_std_lr0.01_s8_vzero,8.55891e-05
520000,A_w100_T10000_std_lr0.01_s9_vzero,0.787976
521000,A_w100_T10000_std_lr0.01_s0_vzero,1.34026
521000,A_w100_T10000_std_lr0.01_s1_vzero,0.741178
521000,A_w100_T10000_std_lr0.01_s2_vzero,0.797833
521000,A_w100_T10000_std_lr0.01_s3_vzero,0.615261
521000,A_w100_T10000_std_lr0.01_s4_vzero,1.67667
521000,A_w100_T10000_std_lr0.01_s5_vzero,0.821132
521000,A_w100_T10000_std_lr0.01_s6_vzero,0.233269
521000,A_w100_T10000_std_lr0.01_s7_vzero,0.584321
521000,A_w100_T10000_std_lr0.01_s8_vzero,0.450438
521000,A_w100_T10000_std_lr0.01_s9_vzero,0.619504
522000,A_w100_T10000_std_lr0.01_s0_vzero,1.03145
522000,A_w100_T10000_std_lr0.01_s1_vzero,0.56438
522000,A_w100_T10000_std_lr0.01_s2_vzero,0.416646
522000,A_w100_T10000_std_lr0.01_s3_vzero,0.5252
522000,A_w100_T10000_std_lr0.01_s4_vzero,1.48633
522000,A_w100_T10000_std_lr0.01_s5_vzero,0.395512
522000,A_w100_T10000_std_lr0.01_s6_vzero,0.0340503
522000,A_w100_T10000_std_lr0.01_s7_vzero,0.25894
522000,A_w100_T10000_std_lr0.01_s8_vzero,0.0245677
522000,A_w100_T10000_std_lr0.01_s9_vzero,0.464374
523000,A_w100_T10000_std_lr0.01_s0_vzero,0.997322
523000,A_w100_T10000_std_lr0.01_s1_vzero,0.49892
523000,A_w100_T10000_std_lr0.01_s2_vzero,0.204478
523000,A_w100_T10000_std_lr0.01_s3_vzero,0.441005
523000,A_w100_T10000_std_lr0.01_s4_vzero,1.204
523000,A_w100_T10000_std_lr0.01_s5_vzero,0.326492
523000,A_w100_T10000_std_lr0.01_s6_vzero,0.0108894
523000,A_w100_T10000_std_lr0.01_s7_vzero,0.141269
523000,A_w100_T10000_std_lr0.01_s8_vzero,0.0043987
523000,A_w100_T10000_std_lr0.01_s9_vzero,0.4794
524000,A_w100_T10000_std_lr0.01_s0_vzero,0.928878
524000,A_w100_T10000_std_lr0.01_s1_vzero,0.494252
524000,A_w100_T10000_std_lr0.01_s2_vzero,0.206926
524000,A_w100_T10000_std_lr0.01_s3_vzero,0.477284
524000,A_w100_T10000_std_lr0.01_s4_vzero,1.20056
524000,A_w100_T10000_std_lr0.01_s5_vzero,0.278039
524000,A_w100_T10000_std_lr0.01_s6_vzero,0.00379504
524000,A_w100_T10000_std_lr0.01_s7_vzero,0.0710572
524000,A_w100_T10000_std_lr0.01_s8_vzero,0.00122011
524000,A_w100_T10000_std_lr0.01_s9_vzero,0.390207
525000,A_w100_T10000_std_lr0.01_s0_vzero,0.853265
525000,A_w100_T10000_std_lr0.01_s1_vzero,0.47527
525000,A_w100_T10000_std_lr0.01_s2_vzero,0.14259
525000,A_w100_T10000_std_lr0.01_s3_vzero,0.478159
525000,A_w100_T10000_std_lr0.01_s4_vzero,1.40042
525000,A_w100_T10000_std_lr0.01_s5_vzero,0.234111
525000,A_w100_T10000_std_lr0.01_s6_vzero,0.00114079
525000,A_w100_T10000_std_lr0.01_s7_vzero,0.0316024
525000,A_w100_T10000_std_lr0.01_s8_vzero,0.000279308
525000,A_w100_T10000_std_lr0.01_s9_vzero,0.45945
526000,A_w100_T10000_std_lr0.01_s0_vzero,0.893084
526000,A_w100_T10000_std_lr0.01_s1_vzero,0.455781
526000,A_w100_T10000_std_lr0.01_s2_vzero,0.107654
526000,A_w100_T10000_std_lr0.01_s3_vzero,0.471573
526000,A_w100_T10000_std_lr0.01_s4_vzero,1.18903
526000,A_w100_T10000_std_lr0.01_s5_vzero,0.211024
526000,A_w100_T10000_std_lr0.01_s6_vzero,0.000281998
526000,A_w100_T10000_std_lr0.01_s7_vzero,0.0129992
526000,A_w100_T10000_std_lr0.01_s8_vzero,6.08291e-05
526000,A_w100_T10000_std_lr0.01_s9_vzero,0.449651
527000,A_w100_T10000_std_lr0.01_s0_vzero,0.852627
527000,A_w100_T10000_std_lr0.01_s1_vzero,0.435716
527000,A_w100_T10000_std_lr0.01_s2_vzero,0.0724642
527000,A_w100_T10000_std_lr0.01_s3_vzero,0.451229
527000,A_w100_T10000_std_lr0.01_s4_vzero,1.23396
527000,A_w100_T10000_std_lr0.01_s5_vzero,0.205229
527000,A_w100_T10000_std_lr0.01_s6_vzero,0.000117946
527000,A_w100_T10000_std_lr0.01_s7_vzero,0.00551447
527000,A_w100_T10000_std_lr0.01_s8_vzero,1.25562e-05
527000,A_w100_T10000_std_lr0.01_s9_vzero,0.426735
528000,A_w100_T10000_std_lr0.01_s0_vzero,0.880901
528000,A_w100_T10000_std_lr0.01_s1_vzero,0.47436
528000,A_w100_T10000_std_lr0.01_s2_vzero,0.0662066
528000,A_w100_T10000_std_lr0.01_s3_vzero,0.443222
528000,A_w100_T10000_std_lr0.01_s4_vzero,1.26263
528000,A_w100_T10000_std_lr0.01_s5_vzero,0.178649
528000,A_w100_T10000_std_lr0.01_s6_vzero,4.24007e-05
528000,A_w100_T10000_std_lr0.01_s7_vzero,0.00358532
528000,A_w100_T10000_std_lr0.01_s8_vzero,3.7546e-06
528000,A_w100_T10000_std_lr0.01_s9_vzero,0.467408
529000,A_w100_T10000_std_lr0.01_s0_vzero,0.940395
529000,A_w100_T10000_std_lr0.01_s1_vzero,0.44926
529000,A_w100_T10000_std_lr0.01_s2_vzero,0.0481807
529000,A_w100_T10000_std_lr0.01_s3_vzero,0.452466
529000,A_w100_T10000_std_lr0.01_s4_vzero,1.124
529000,A_w100_T10000_std_lr0.01_s5_vzero,0.191002
529000,A_w100_T10000_std_lr0.01_s6_vzero,1.58089e-05
529000,A_w100_T10000_std_lr0.01_s7_vzero,0.00145592
529000,A_w100_T10000_std_lr0.01_s8_vzero,1.01481e-06
529000,A_w100_T10000_std_lr0.01_s9_vzero,0.435814
530000,A_w100_T10000_std_lr0.01_s0_vzero,0.89893
530000,A_w100_T10000_std_lr0.01_s1_vzero,0.447079
530000,A_w100_T10000_std_lr0.01_s2_vzero,0.0409128
530000,A_w100_T10000_std_lr0.01_s3_vzero,0.455427
530000,A_w100_T10000_std_lr0.01_s4_vzero,1.18314
530000,A_w100_T10000_std_lr0.01_s5_vzero,0.159047
530000,A_w100_T10000_std_lr0.01_s6_vzero,5.214e-06
530000,A_w100_T10000_std_lr0.01_s7_vzero,0.000882165
530000,A_w100_T10000_std_lr0.01_s8_vzero,2.34996e-07
530000,A_w100_T10000_std_lr0.01_s9_vzero,0.425995
531000,A_w100_T10000_std_lr0.01_s0_vzero,0.481625
531000,A_w100_T10000_std_lr0.01_s1_vzero,1.31933
531000,A_w100_T10000_std_lr0.01_s2_vzero,0.882061
531000,A_w100_T10000_std_lr0.01_s3_vzero,0.658959
531000,A_w100_T10000_std_lr0.01_s4_vzero,1.34842
531000,A_w100_T10000_std_lr0.01_s5_vzero,0.501171
531000,A_w100_T10000_std_lr0.01_s6_vzero,0.307083
531000,A_w100_T10000_std_lr0.01_s7_vzero,0.877636
531000,A_w100_T10000_std_lr0.01_s8_vzero,0.383959
531000,A_w100_T10000_std_lr0.01_s9_vzero,0.929938
532000,A_w100_T10000_std_lr0.01_s0_vzero,0.2921
532000,A_w100_T10000_std_lr0.01_s1_vzero,1.0792
532000,A_w100_T10000_std_lr0.01_s2_vzero,0.0871013
532000,A_w100_T10000_std_lr0.01_s3_vzero,0.573118
532000,A_w100_T10000_std_lr0.01_s4_vzero,1.15274
532000,A_w100_T10000_std_lr0.01_s5_vzero,0.168907
532000,A_w100_T10000_std_lr0.01_s6_vzero,0.127131
532000,A_w100_T10000_std_lr0.01_s7_vzero,0.300296
532000,A_w100_T10000_std_lr0.01_s8_vzero,0.0491322
532000,A_w100_T10000_std_lr0.01_s9_vzero,0.817982
533000,A_w100_T10000_std_lr0.01_s0_vzero,0.2384
533000,A_w100_T10000_std_lr0.01_s1_vzero,1.01589
533000,A_w100_T10000_std_lr0.01_s2_vzero,0.0216458
533000,A_w100_T10000_std_lr0.01_s3_vzero,0.527538
533000,A_w100_T10000_std_lr0.01_s4_vzero,1.09322
533000,A_w100_T10000_std_lr0.01_s5_vzero,0.0906425
533000,A_w100_T10000_std_lr0.01_s6_vzero,0.0923809
533000,A_w100_T10000_std_lr0.01_s7_vzero,0.173326
533000,A_w100_T10000_std_lr0.01_s8_vzero,0.0260446
533000,A_w100_T10000_std_lr0.01_s9_vzero,0.81097
534000,A_w100_T10000_std_lr0.01_s0_vzero,0.208208
534000,A_w100_T10000_std_lr0.01_s1_vzero,0.943558
534000,A_w100_T10000_std_lr0.01_s2_vzero,0.00574833
534000,A_w100_T10000_std_lr0.01_s3_vzero,0.519272
534000,A_w100_T10000_std_lr0.01_s4_vzero,1.02989
534000,A_w100_T10000_std_lr0.01_s5_vzero,0.0434786
534000,A_w100_T10000_std_lr0.01_s6_vzero,0.0772875
534000,A_w100_T10000_std_lr0.01_s7_vzero,0.109033
534000,A_w100_T10000_std_lr0.01_s8_vzero,0.0215556
534000,A_w100_T10000_std_lr0.01_s9_vzero,0.81326
535000,A_w100_T10000_std_lr0.01_s0_vzero,0.226855
535000,A_w100_T10000_std_lr0.01_s1_vzero,0.720802
535000,A_w100_T10000_std_lr0.01_s2_vzero,0.0015953
535000,A_w100_T10000_std_lr0.01_s3_vzero,0.515487
535000,A_w100_T10000_std_lr0.01_s4_vzero,0.977899
535000,A_w100_T10000_std_lr0.01_s5_vzero,0.0246221
535000,A_w100_T10000_std_lr0.01_s6_vzero,0.058966
535000,A_w100_T10000_std_lr0.01_s7_vzero,0.0765622
535000,A_w100_T10000_std_lr0.01_s8_vzero,0.0174274
535000,A_w100_T10000_std_lr0.01_s9_vzero,0.848873
536000,A_w100_T10000_std_lr0.01_s0_vzero,0.198454
536000,A_w100_T10000_std_lr0.01_s1_vzero,0.644634
536000,A_w100_T10000_std_lr0.01_s2_vzero,0.000419074
536000,A_w100_T10000_std_lr0.01_s3_vzero,0.489573
536000,A_w100_T10000_std_lr0.01_s4_vzero,1.03131
536000,A_w100_T10000_std_lr0.01_s5_vzero,0.0124388
536000,A_w100_T10000_std_lr0.01_s6_vzero,0.0536577
536000,A_w100_T10000_std_lr0.01_s7_vzero,0.0494595
536000,A_w100_T10000_std_lr0.01_s8_vzero,0.0062939
536000,A_w100_T10000_std_lr0.01_s9_vzero,0.889443
537000,A_w100_T10000_std_lr0.01_s0_vzero,0.209547
537000,A_w100_T10000_std_lr0.01_s1_vzero,0.715519
537000,A_w100_T10000_std_lr0.01_s2_vzero,0.00013003
537000,A_w100_T10000_std_lr0.01_s3_vzero,0.517707
537000,A_w100_T10000_std_lr0.01_s4_vzero,1.03778
537000,A_w100_T10000_std_lr0.01_s5_vzero,0.00737977
537000,A_w100_T10000_std_lr0.01_s6_vzero,0.0517775
537000,A_w100_T10000_std_lr0.01_s7_vzero,0.033921
537000,A_w100_T10000_std_lr0.01_s8_vzero,0.00262617
537000,A_w100_T10000_std_lr0.01_s9_vzero,0.858479
538000,A_w100_T10000_std_lr0.01_s0_vzero,0.2157
538000,A_w100_T10000_std_lr0.01_s1_vzero,0.661383
538000,A_w100_T10000_std_lr0.01_s2_vzero,5.1669e-05
538000,A_w100_T10000_std_lr0.01_s3_vzero,0.504084
538000,A_w100_T10000_std_lr0.01_s4_vzero,1.10972
538000,A_w100_T10000_std_lr0.01_s5_vzero,0.00517677
538000,A_w100_T10000_std_lr0.01_s6_vzero,0.0448144
538000,A_w100_T10000_std_lr0.01_s7_vzero,0.0267043
538000,A_w100_T10000_std_lr0.01_s8_vzero,0.00127657
538000,A_w100_T10000_std_lr0.01_s9_vzero,0.835711
539000,A_w100_T10000_std_lr0.01_s0_vzero,0.185754
539000,A_w100_T10000_std_lr0.01_s1_vzero,0.682152
539000,A_w100_T10000_std_lr0.01_s2_vzero,1.44884e-05
539000,A_w100_T10000_std_lr0.01_s3_vzero,0.501687
539000,A_w100_T10000_std_lr0.01_s4_vzero,0.922727
539000,A_w100_T10000_std_lr0.01_s5_vzero,0.00373419
539000,A_w100_T10000_std_lr0.01_s6_vzero,0.0373479
539000,A_w100_T10000_std_lr0.01_s7_vzero,0.0239352
539000,A_w100_T10000_std_lr0.01_s8_vzero,0.000569681
539000,A_w100_T10000_std_lr0.01_s9_vzero,0.846831
540000,A_w100_T10000_std_lr0.01_s0_vzero,0.198303
540000,A_w100_T10000_std_lr0.01_s1_vzero,0.654803
540000,A_w100_T10000_std_lr0.01_s2_vzero,5.13253e-06
540000,A_w100_T10000_std_lr0.01_s3_vzero,0.510106
540000,A_w100_T10000_std_lr0.01_s4_vzero,0.972404
540000,A_w100_T10000_std_lr0.01_s5_vzero,0.00244097
540000,A_w100_T10000_std_lr0.01_s6_vzero,0.0328775
540000,A_w100_T10000_std_lr0.01_s7_vzero,0.0175923
540000,A_w100_T10000_std_lr0.01_s8_vzero,0.00019583
540000,A_w100_T10000_std_lr0.01_s9_vzero,0.788797
541000,A_w100_T10000_std_lr0.01_s0_vzero,0.412764
541000,A_w100_T10000_std_lr0.01_s1_vzero,1.18275
541000,A_w100_T10000_std_lr0.01_s2_vzero,1.43707
541000,A_w100_T10000_std_lr0.01_s3_vzero,0.437852
541000,A_w100_T10000_std_lr0.01_s4_vzero,1.40921
541000,A_w100_T10000_std_lr0.01_s5_vzero,0.396664
541000,A_w100_T10000_std_lr0.01_s6_vzero,0.405892
541000,A_w100_T10000_std_lr0.01_s7_vzero,0.933926
541000,A_w100_T10000_std_lr0.01_s8_vzero,0.184845
541000,A_w100_T10000_std_lr0.01_s9_vzero,1.72092
542000,A_w100_T10000_std_lr0.01_s0_vzero,0.371331
542000,A_w100_T10000_std_lr0.01_s1_vzero,1.07882
542000,A_w100_T10000_std_lr0.01_s2_vzero,0.676219
542000,A_w100_T10000_std_lr0.01_s3_vzero,0.34864
542000,A_w100_T10000_std_lr0.01_s4_vzero,0.931449
542000,A_w100_T10000_std_lr0.01_s5_vzero,0.0967726
542000,A_w100_T10000_std_lr0.01_s6_vzero,0.149036
542000,A_w100_T10000_std_lr0.01_s7_vzero,0.303158
542000,A_w100_T10000_std_lr0.01_s8_vzero,0.0236111
542000,A_w100_T10000_std_lr0.01_s9_vzero,1.22969
543000,A_w100_T10000_std_lr0.01_s0_vzero,0.307864
543000,A_w100_T10000_std_lr0.01_s1_vzero,1.09837
543000,A_w100_T10000_std_lr0.01_s2_vzero,0.378568
543000,A_w100_T10000_std_lr0.01_s3_vzero,0.300771
543000,A_w100_T10000_std_lr0.01_s4_vzero,0.822656
543000,A_w100_T10000_std_lr0.01_s5_vzero,0.0533532
543000,A_w100_T10000_std_lr0.01_s6_vzero,0.0946449
543000,A_w100_T10000_std_lr0.01_s7_vzero,0.202062
543000,A_w100_T10000_std_lr0.01_s8_vzero,0.0129382
543000,A_w100_T10000_std_lr0.01_s9_vzero,1.04363
544000,A_w100_T10000_std_lr0.01_s0_vzero,0.298141
544000,A_w100_T10000_std_lr0.01_s1_vzero,1.00157
544000,A_w100_T10000_std_lr0.01_s2_vzero,0.250456
544000,A_w100_T10000_std_lr0.01_s3_vzero,0.236987
544000,A_w100_T10000_std_lr0.01_s4_vzero,0.62724
544000,A_w100_T10000_std_lr0.01_s5_vzero,0.0343651
544000,A_w100_T10000_std_lr0.01_s6_vzero,0.0606838
544000,A_w100_T10000_std_lr0.01_s7_vzero,0.128966
544000,A_w100_T10000_std_lr0.01_s8_vzero,0.00905017
544000,A_w100_T10000_std_lr0.01_s9_vzero,1.05076
545000,A_w100_T10000_std_lr0.01_s0_vzero,0.275893
545000,A_w100_T10000_std_lr0.01_s1_vzero,0.97231
545000,A_w100_T10000_std_lr0.01_s2_vzero,0.176452
545000,A_w100_T10000_std_lr0.01_s3_vzero,0.245887
545000,A_w100_T10000_std_lr0.01_s4_vzero,0.723547
545000,A_w100_T10000_std_lr0.01_s5_vzero,0.0254853
545000,A_w100_T10000_std_lr0.01_s6_vzero,0.0407383
545000,A_w100_T10000_std_lr0.01_s7_vzero,0.0772143
545000,A_w100_T10000_std_lr0.01_s8_vzero,0.00527404
545000,A_w100_T10000_std_lr0.01_s9_vzero,0.992901
546000,A_w100_T10000_std_lr0.01_s0_vzero,0.274827
546000,A_w100_T10000_std_lr0.01_s1_vzero,0.961232
546000,A_w100_T10000_std_lr0.01_s2_vzero,0.113392
546000,A_w100_T10000_std_lr0.01_s3_vzero,0.21639
546000,A_w100_T10000_std_lr0.01_s4_vzero,0.603394
546000,A_w100_T10000_std_lr0.01_s5_vzero,0.0113492
546000,A_w100_T10000_std_lr0.01_s6_vzero,0.0314044
546000,A_w100_T10000_std_lr0.01_s7_vzero,0.0823134
546000,A_w100_T10000_std_lr0.01_s8_vzero,0.00559747
546000,A_w100_T10000_std_lr0.01_s9_vzero,0.930014
547000,A_w100_T10000_std_lr0.01_s0_vzero,0.252027
547000,A_w100_T10000_std_lr0.01_s1_vzero,0.950449
547000,A_w100_T10000_std_lr0.01_s2_vzero,0.0650073
547000,A_w100_T10000_std_lr0.01_s3_vzero,0.197382
547000,A_w100_T10000_std_lr0.01_s4_vzero,0.644213
547000,A_w100_T10000_std_lr0.01_s5_vzero,0.00674233
547000,A_w100_T10000_std_lr0.01_s6_vzero,0.0237642
547000,A_w100_T10000_std_lr0.01_s7_vzero,0.0482158
547000,A_w100_T10000_std_lr0.01_s8_vzero,0.00357837
547000,A_w100_T10000_std_lr0.01_s9_vzero,1.01432
548000,A_w100_T10000_std_lr0.01_s0_vzero,0.287557
548000,A_w100_T10000_std_lr0.01_s1_vzero,0.913783
548000,A_w100_T10000_std_lr0.01_s2_vzero,0.0481483
548000,A_w100_T10000_std_lr0.01_s3_vzero,0.171786
548000,A_w100_T10000_std_lr0.01_s4_vzero,0.651315
548000,A_w100_T10000_std_lr0.01_s5_vzero,0.00371847
548000,A_w100_T10000_std_lr0.01_s6_vzero,0.0213448
548000,A_w100_T10000_std_lr0.01_s7_vzero,0.0456003
548000,A_w100_T10000_std_lr0.01_s8_vzero,0.00253502
548000,A_w100_T10000_std_lr0.01_s9_vzero,1.03714
549000,A_w100_T10000_std_lr0.01_s0_vzero,0.302205
549000,A_w100_T10000_std_lr0.01_s1_vzero,0.942148
549000,A_w100_T10000_std_lr0.01_s2_vzero,0.0301089
549000,A_w100_T10000_std_lr0.01_s3_vzero,0.170426
549000,A_w100_T10000_std_lr0.01_s4_vzero,0.548789
549000,A_w100_T10000_std_lr0.01_s5_vzero,0.00242182
549000,A_w100_T10000_std_lr0.01_s6_vzero,0.019521
549000,A_w100_T10000_std_lr0.01_s7_vzero,0.0326623
549000,A_w100_T10000_std_lr0.01_s8_vzero,0.00189696
549000,A_w100_T10000_std_lr0.01_s9_vzero,0.982536
550000,A_w100_T10000_std_lr0.01_s0_vzero,0.264341
550000,A_w100_T10000_std_lr0.01_s1_vzero,0.96497
550000,A_w100_T10000_std_lr0.01_s2_vzero,0.0132548
550000,A_w100_T10000_std_lr0.01_s3_vzero,0.168059
550000,A_w100_T10000_std_lr0.01_s4_vzero,0.534927
550000,A_w100_T10000_std_lr0.01_s5_vzero,0.00121093
550000,A_w100_T10000_std_lr0.01_s6_vzero,0.0184932
550000,A_w100_T10000_std_lr0.01_s7_vzero,0.0263565
550000,A_w100_T10000_std_lr0.01_s8_vzero,0.00177481
550000,A_w100_T10000_std_lr0.01_s9_vzero,1.11962
551000,A_w100_T10000_std_lr0.01_s0_vzero,0.54883
551000,A_w100_T10000_std_lr0.01_s1_vzero,0.931137
551000,A_w100_T10000_std_lr0.01_s2_vzero,0.28384
551000,A_w100_T10000_std_lr0.01_s3_vzero,0.641212
551000,A_w100_T10000_std_lr0.01_s4_vzero,1.32387
551000,A_w100_T10000_std_lr0.01_s5_vzero,0.624798
551000,A_w100_T10000_std_lr0.01_s6_vzero,0.38926
551000,A_w100_T10000_std_lr0.01_s7_vzero,0.363635
551000,A_w100_T10000_std_lr0.01_s8_vzero,0.220746
551000,A_w100_T10000_std_lr0.01_s9_vzero,0.819422
552000,A_w100_T10000_std_lr0.01_s0_vzero,0.422118
552000,A_w100_T10000_std_lr0.01_s1_vzero,0.635286
552000,A_w100_T10000_std_lr0.01_s2_vzero,0.00351233
552000,A_w100_T10000_std_lr0.01_s3_vzero,0.298785
552000,A_w100_T10000_std_lr0.01_s4_vzero,0.918608
552000,A_w100_T10000_std_lr0.01_s5_vzero,0.155529
552000,A_w100_T10000_std_lr0.01_s6_vzero,0.0487627
552000,A_w100_T10000_std_lr0.01_s7_vzero,0.0425572
552000,A_w100_T10000_std_lr0.01_s8_vzero,0.0561025
552000,A_w100_T10000_std_lr0.01_s9_vzero,0.736434
553000,A_w100_T10000_std_lr0.01_s0_vzero,0.371463
553000,A_w100_T10000_std_lr0.01_s1_vzero,0.575973
553000,A_w100_T10000_std_lr0.01_s2_vzero,0.000405
553000,A_w100_T10000_std_lr0.01_s3_vzero,0.131516
553000,A_w100_T10000_std_lr0.01_s4_vzero,0.667187
553000,A_w100_T10000_std_lr0.01_s5_vzero,0.0605386
553000,A_w100_T10000_std_lr0.01_s6_vzero,0.0168953
553000,A_w100_T10000_std_lr0.01_s7_vzero,0.0290186
553000,A_w100_T10000_std_lr0.01_s8_vzero,0.0297739
553000,A_w100_T10000_std_lr0.01_s9_vzero,0.717151
554000,A_w100_T10000_std_lr0.01_s0_vzero,0.340799
554000,A_w100_T10000_std_lr0.01_s1_vzero,0.552752
554000,A_w100_T10000_std_lr0.01_s2_vzero,5.07677e-05
554000,A_w100_T10000_std_lr0.01_s3_vzero,0.0926163
554000,A_w100_T10000_std_lr0.01_s4_vzero,0.747356
554000,A_w100_T10000_std_lr0.01_s5_vzero,0.0194425
554000,A_w100_T10000_std_lr0.01_s6_vzero,0.00705977
554000,A_w100_T10000_std_lr0.01_s7_vzero,0.0202068
554000,A_w100_T10000_std_lr0.01_s8_vzero,0.0199879
554000,A_w100_T10000_std_lr0.01_s9_vzero,0.671547
555000,A_w100_T10000_std_lr0.01_s0_vzero,0.341193
555000,A_w100_T10000_std_lr0.01_s1_vzero,0.54384
555000,A_w100_T10000_std_lr0.01_s2_vzero,6.67084e-06
555000,A_w100_T10000_std_lr0.01_s3_vzero,0.072646
555000,A_w100_T10000_std_lr0.01_s4_vzero,0.655265
555000,A_w100_T10000_std_lr0.01_s5_vzero,0.00708149
555000,A_w100_T10000_std_lr0.01_s6_vzero,0.00392449
555000,A_w100_T10000_std_lr0.01_s7_vzero,0.011855
555000,A_w100_T10000_std_lr0.01_s8_vzero,0.0142626
555000,A_w100_T10000_std_lr0.01_s9_vzero,0.721256
556000,A_w100_T10000_std_lr0.01_s0_vzero,0.37767
556000,A_w100_T10000_std_lr0.01_s1_vzero,0.519205
556000,A_w100_T10000_std_lr0.01_s2_vzero,1.12649e-06
556000,A_w100_T10000_std_lr0.01_s3_vzero,0.0746794
556000,A_w100_T10000_std_lr0.01_s4_vzero,0.562711
556000,A_w100_T10000_std_lr0.01_s5_vzero,0.00282582
556000,A_w100_T10000_std_lr0.01_s6_vzero,0.00242367
556000,A_w100_T10000_std_lr0.01_s7_vzero,0.00873741
556000,A_w100_T10000_std_lr0.01_s8_vzero,0.0121325
556000,A_w100_T10000_std_lr0.01_s9_vzero,0.671283
557000,A_w100_T10000_std_lr0.01_s0_vzero,0.306484
557000,A_w100_T10000_std_lr0.01_s1_vzero,0.539847
557000,A_w100_T10000_std_lr0.01_s2_vzero,1.63484e-07
557000,A_w100_T10000_std_lr0.01_s3_vzero,0.069219
557000,A_w100_T10000_std_lr0.01_s4_vzero,0.49246
557000,A_w100_T10000_std_lr0.01_s5_vzero,0.00152717
557000,A_w100_T10000_std_lr0.01_s6_vzero,0.00118314
557000,A_w100_T10000_std_lr0.01_s7_vzero,0.00647096
557000,A_w100_T10000_std_lr0.01_s8_vzero,0.00833507
557000,A_w100_T10000_std_lr0.01_s9_vzero,0.759931
558000,A_w100_T10000_std_lr0.01_s0_vzero,0.340958
558000,A_w100_T10000_std_lr0.01_s1_vzero,0.458822
558000,A_w100_T10000_std_lr0.01_s2_vzero,2.93789e-08
558000,A_w100_T10000_std_lr0.01_s3_vzero,0.0599764
558000,A_w100_T10000_std_lr0.01_s4_vzero,0.527331
558000,A_w100_T10000_std_lr0.01_s5_vzero,0.00065974
558000,A_w100_T10000_std_lr0.01_s6_vzero,0.000773595
558000,A_w100_T10000_std_lr0.01_s7_vzero,0.00437308
558000,A_w100_T10000_std_lr0.01_s8_vzero,0.007472
558000,A_w100_T10000_std_lr0.01_s9_vzero,0.723119
559000,A_w100_T10000_std_lr0.01_s0_vzero,0.344905
559000,A_w100_T10000_std_lr0.01_s1_vzero,0.487431
559000,A_w100_T10000_std_lr0.01_s2_vzero,4.86682e-09
559000,A_w100_T10000_std_lr0.01_s3_vzero,0.0530459
559000,A_w100_T10000_std_lr0.01_s4_vzero,0.410324
559000,A_w100_T10000_std_lr0.01_s5_vzero,0.000510334
559000,A_w100_T10000_std_lr0.01_s6_vzero,0.000526445
559000,A_w100_T10000_std_lr0.01_s7_vzero,0.00331585
559000,A_w100_T10000_std_lr0.01_s8_vzero,0.00677675
559000,A_w100_T10000_std_lr0.01_s9_vzero,0.672604
560000,A_w100_T10000_std_lr0.01_s0_vzero,0.329612
560000,A_w100_T10000_std_lr0.01_s1_vzero,0.435126
560000,A_w100_T10000_std_lr0.01_s2_vzero,7.25685e-10
560000,A_w100_T10000_std_lr0.01_s3_vzero,0.0587652
560000,A_w100_T10000_std_lr0.01_s4_vzero,0.369935
560000,A_w100_T10000_std_lr0.01_s5_vzero,0.0003162
560000,A_w100_T10000_std_lr0.01_s6_vzero,0.00029983
560000,A_w100_T10000_std_lr0.01_s7_vzero,0.00259127
560000,A_w100_T10000_std_lr0.01_s8_vzero,0.00530824
560000,A_w100_T10000_std_lr0.01_s9_vzero,0.693515
561000,A_w100_T10000_std_lr0.01_s0_vzero,0.283351
561000,A_w100_T10000_std_lr0.01_s1_vzero,0.808404
561000,A_w100_T10000_std_lr0.01_s2_vzero,0.238491
561000,A_w100_T10000_std_lr0.01_s3_vzero,0.285933
561000,A_w100_T10000_std_lr0.01_s4_vzero,1.02161
561000,A_w100_T10000_std_lr0.01_s5_vzero,0.566129
561000,A_w100_T10000_std_lr0.01_s6_vzero,0.339932
561000,A_w100_T10000_std_lr0.01_s7_vzero,0.444045
561000,A_w100_T10000_std_lr0.01_s8_vzero,0.230097
561000,A_w100_T10000_std_lr0.01_s9_vzero,0.738132
562000,A_w100_T10000_std_lr0.01_s0_vzero,0.166371
562000,A_w100_T10000_std_lr0.01_s1_vzero,0.662698
562000,A_w100_T10000_std_lr0.01_s2_vzero,0.011072
562000,A_w100_T10000_std_lr0.01_s3_vzero,0.0930127
562000,A_w100_T10000_std_lr0.01_s4_vzero,0.281485
562000,A_w100_T10000_std_lr0.01_s5_vzero,0.135247
562000,A_w100_T10000_std_lr0.01_s6_vzero,0.13485
562000,A_w100_T10000_std_lr0.01_s7_vzero,0.0548479
562000,A_w100_T10000_std_lr0.01_s8_vzero,0.0813519
562000,A_w100_T10000_std_lr0.01_s9_vzero,0.613632
563000,A_w100_T10000_std_lr0.01_s0_vzero,0.155113
563000,A_w100_T10000_std_lr0.01_s1_vzero,0.643758
563000,A_w100_T10000_std_lr0.01_s2_vzero,0.000813105
563000,A_w100_T10000_std_lr0.01_s3_vzero,0.0565865
563000,A_w100_T10000_std_lr0.01_s4_vzero,0.113221
563000,A_w100_T10000_std_lr0.01_s5_vzero,0.0652552
563000,A_w100_T10000_std_lr0.01_s6_vzero,0.0629571
563000,A_w100_T10000_std_lr0.01_s7_vzero,0.022301
563000,A_w100_T10000_std_lr0.01_s8_vzero,0.0477451
563000,A_w100_T10000_std_lr0.01_s9_vzero,0.620411
564000,A_w100_T10000_std_lr0.01_s0_vzero,0.142371
564000,A_w100_T10000_std_lr0.01_s1_vzero,0.603112
564000,A_w100_T10000_std_lr0.01_s2_vzero,6.1241e-05
564000,A_w100_T10000_std_lr0.01_s3_vzero,0.0362552
564000,A_w100_T10000_std_lr0.01_s4_vzero,0.0262097
564000,A_w100_T10000_std_lr0.01_s5_vzero,0.0504017
564000,A_w100_T10000_std_lr0.01_s6_vzero,0.0358459
564000,A_w100_T10000_std_lr0.01_s7_vzero,0.0118588
564000,A_w100_T10000_std_lr0.01_s8_vzero,0.0315498
564000,A_w100_T10000_std_lr0.01_s9_vzero,0.580006
565000,A_w100_T10000_std_lr0.01_s0_vzero,0.139385
565000,A_w100_T10000_std_lr0.01_s1_vzero,0.601047
565000,A_w100_T10000_std_lr0.01_s2_vzero,5.46609e-06
565000,A_w100_T10000_std_lr0.01_s3_vzero,0.0177575
565000,A_w100_T10000_std_lr0.01_s4_vzero,0.00473898
565000,A_w100_T10000_std_lr0.01_s5_vzero,0.0434845
565000,A_w100_T10000_std_lr0.01_s6_vzero,0.0174086
565000,A_w100_T10000_std_lr0.01_s7_vzero,0.00816855
565000,A_w100_T10000_std_lr0.01_s8_vzero,0.0304988
565000,A_w100_T10000_std_lr0.01_s9_vzero,0.553807
566000,A_w100_T10000_std_lr0.01_s0_vzero,0.155475
566000,A_w100_T10000_std_lr0.01_s1_vzero,0.546318
566000,A_w100_T10000_std_lr0.01_s2_vzero,5.78803e-07
566000,A_w100_T10000_std_lr0.01_s3_vzero,0.00951813
566000,A_w100_T10000_std_lr0.01_s4_vzero,0.000987399
566000,A_w100_T10000_std_lr0.01_s5_vzero,0.0316878
566000,A_w100_T10000_std_lr0.01_s6_vzero,0.00926994
566000,A_w100_T10000_std_lr0.01_s7_vzero,0.00548492
566000,A_w100_T10000_std_lr0.01_s8_vzero,0.0222755
566000,A_w100_T10000_std_lr0.01_s9_vzero,0.573547
567000,A_w100_T10000_std_lr0.01_s0_vzero,0.137812
567000,A_w100_T10000_std_lr0.01_s1_vzero,0.583946
567000,A_w100_T10000_std_lr0.01_s2_vzero,4.93218e-08
567000,A_w100_T10000_std_lr0.01_s3_vzero,0.00572821
567000,A_w100_T10000_std_lr0.01_s4_vzero,0.000158417
567000,A_w100_T10000_std_lr0.01_s5_vzero,0.0232932
567000,A_w100_T10000_std_lr0.01_s6_vzero,0.00499699
567000,A_w100_T10000_std_lr0.01_s7_vzero,0.00275853
567000,A_w100_T10000_std_lr0.01_s8_vzero,0.0226247
567000,A_w100_T10000_std_lr0.01_s9_vzero,0.55448
568000,A_w100_T10000_std_lr0.01_s0_vzero,0.135389
568000,A_w100_T10000_std_lr0.01_s1_vzero,0.597756
568000,A_w100_T10000_std_lr0.01_s2_vzero,3.84328e-09
568000,A_w100_T10000_std_lr0.01_s3_vzero,0.00432031
568000,A_w100_T10000_std_lr0.01_s4_vzero,2.99386e-05
568000,A_w100_T10000_std_lr0.01_s5_vzero,0.017734
568000,A_w100_T10000_std_lr0.01_s6_vzero,0.00253946
568000,A_w100_T10000_std_lr0.01_s7_vzero,0.00207637
568000,A_w100_T10000_std_lr0.01_s8_vzero,0.0158169
568000,A_w100_T10000_std_lr0.01_s9_vzero,0.616909
569000,A_w100_T10000_std_lr0.01_s0_vzero,0.129074
569000,A_w100_T10000_std_lr0.01_s1_vzero,0.567746
569000,A_w100_T10000_std_lr0.01_s2_vzero,1.90894e-10
569000,A_w100_T10000_std_lr0.01_s3_vzero,0.00446764
569000,A_w100_T10000_std_lr0.01_s4_vzero,6.21421e-06
569000,A_w100_T10000_std_lr0.01_s5_vzero,0.0137315
569000,A_w100_T10000_std_lr0.01_s6_vzero,0.00138854
569000,A_w100_T10000_std_lr0.01_s7_vzero,0.00111475
569000,A_w100_T10000_std_lr0.01_s8_vzero,0.012234
569000,A_w100_T10000_std_lr0.01_s9_vzero,0.629755
570000,A_w100_T10000_std_lr0.01_s0_vzero,0.137441
570000,A_w100_T10000_std_lr0.01_s1_vzero,0.589913
570000,A_w100_T10000_std_lr0.01_s2_vzero,1.14889e-11
570000,A_w100_T10000_std_lr0.01_s3_vzero,0.00298841
570000,A_w100_T10000_std_lr0.01_s4_vzero,1.12366e-06
570000,A_w100_T10000_std_lr0.01_s5_vzero,0.0114872
570000,A_w100_T10000_std_lr0.01_s6_vzero,0.000884567
570000,A_w100_T10000_std_lr0.01_s7_vzero,0.00087876
570000,A_w100_T10000_std_lr0.01_s8_vzero,0.00875883
570000,A_w100_T10000_std_lr0.01_s9_vzero,0.53907
571000,A_w100_T10000_std_lr0.01_s0_vzero,0.473016
571000,A_w100_T10000_std_lr0.01_s1_vzero,0.567875
571000,A_w100_T10000_std_lr0.01_s2_vzero,0.26594
571000,A_w100_T10000_std_lr0.01_s3_vzero,0.47334
571000,A_w100_T10000_std_lr0.01_s4_vzero,1.02115
571000,A_w100_T10000_std_lr0.01_s5_vzero,0.654986
571000,A_w100_T10000_std_lr0.01_s6_vzero,0.45029
571000,A_w100_T10000_std_lr0.01_s7_vzero,0.417322
571000,A_w100_T10000_std_lr0.01_s8_vzero,0.353721
571000,A_w100_T10000_std_lr0.01_s9_vzero,0.98428
572000,A_w100_T10000_std_lr0.01_s0_vzero,0.314769
572000,A_w100_T10000_std_lr0.01_s1_vzero,0.417755
572000,A_w100_T10000_std_lr0.01_s2_vzero,0.00664424
572000,A_w100_T10000_std_lr0.01_s3_vzero,0.137158
572000,A_w100_T10000_std_lr0.01_s4_vzero,0.398414
572000,A_w100_T10000_std_lr0.01_s5_vzero,0.33496
572000,A_w100_T10000_std_lr0.01_s6_vzero,0.281025
572000,A_w100_T10000_std_lr0.01_s7_vzero,0.0847331
572000,A_w100_T10000_std_lr0.01_s8_vzero,0.136813
572000,A_w100_T10000_std_lr0.01_s9_vzero,0.779148
573000,A_w100_T10000_std_lr0.01_s0_vzero,0.275652
573000,A_w100_T10000_std_lr0.01_s1_vzero,0.362767
573000,A_w100_T10000_std_lr0.01_s2_vzero,0.00137865
573000,A_w100_T10000_std_lr0.01_s3_vzero,0.0675345
573000,A_w100_T10000_std_lr0.01_s4_vzero,0.28843
573000,A_w100_T10000_std_lr0.01_s5_vzero,0.218134
573000,A_w100_T10000_std_lr0.01_s6_vzero,0.219698
573000,A_w100_T10000_std_lr0.01_s7_vzero,0.0263774
573000,A_w100_T10000_std_lr0.01_s8_vzero,0.115284
573000,A_w100_T10000_std_lr0.01_s9_vzero,0.836918
574000,A_w100_T10000_std_lr0.01_s0_vzero,0.249947
574000,A_w100_T10000_std_lr0.01_s1_vzero,0.354896
574000,A_w100_T10000_std_lr0.01_s2_vzero,0.000524227
574000,A_w100_T10000_std_lr0.01_s3_vzero,0.0320782
574000,A_w100_T10000_std_lr0.01_s4_vzero,0.234958
574000,A_w100_T10000_std_lr0.01_s5_vzero,0.138139
574000,A_w100_T10000_std_lr0.01_s6_vzero,0.16657
574000,A_w100_T10000_std_lr0.01_s7_vzero,0.00830952
574000,A_w100_T10000_std_lr0.01_s8_vzero,0.0999554
574000,A_w100_T10000_std_lr0.01_s9_vzero,0.73767
575000,A_w100_T10000_std_lr0.01_s0_vzero,0.275664
575000,A_w100_T10000_std_lr0.01_s1_vzero,0.350435
575000,A_w100_T10000_std_lr0.01_s2_vzero,0.000152198
575000,A_w100_T10000_std_lr0.01_s3_vzero,0.0192023
575000,A_w100_T10000_std_lr0.01_s4_vzero,0.224934
575000,A_w100_T10000_std_lr0.01_s5_vzero,0.134822
575000,A_w100_T10000_std_lr0.01_s6_vzero,0.163386
575000,A_w100_T10000_std_lr0.01_s7_vzero,0.00204256
575000,A_w100_T10000_std_lr0.01_s8_vzero,0.07111
575000,A_w100_T10000_std_lr0.01_s9_vzero,0.780813
576000,A_w100_T10000_std_lr0.01_s0_vzero,0.273872
576000,A_w100_T10000_std_lr0.01_s1_vzero,0.360658
576000,A_w100_T10000_std_lr0.01_s2_vzero,6.00769e-05
576000,A_w100_T10000_std_lr0.01_s3_vzero,0.00800593
576000,A_w100_T10000_std_lr0.01_s4_vzero,0.188994
576000,A_w100_T10000_std_lr0.01_s5_vzero,0.105442
576000,A_w100_T10000_std_lr0.01_s6_vzero,0.134408
576000,A_w100_T10000_std_lr0.01_s7_vzero,0.000540348
576000,A_w100_T10000_std_lr0.01_s8_vzero,0.0619811
576000,A_w100_T10000_std_lr0.01_s9_vzero,0.663309
577000,A_w100_T10000_std_lr0.01_s0_vzero,0.266775
577000,A_w100_T10000_std_lr0.01_s1_vzero,0.369791
577000,A_w100_T10000_std_lr0.01_s2_vzero,2.72805e-05
577000,A_w100_T10000_std_lr0.01_s3_vzero,0.00379731
577000,A_w100_T10000_std_lr0.01_s4_vzero,0.164307
577000,A_w100_T10000_std_lr0.01_s5_vzero,0.103772
577000,A_w100_T10000_std_lr0.01_s6_vzero,0.116613
577000,A_w100_T10000_std_lr0.01_s7_vzero,0.000169734
577000,A_w100_T10000_std_lr0.01_s8_vzero,0.0689789
577000,A_w100_T10000_std_lr0.01_s9_vzero,0.762844
578000,A_w100_T10000_std_lr0.01_s0_vzero,0.271637
578000,A_w100_T10000_std_lr0.01_s1_vzero,0.363037
578000,A_w100_T10000_std_lr0.01_s2_vzero,1.7243e-05
578000,A_w100_T10000_std_lr0.01_s3_vzero,0.00203807
578000,A_w100_T10000_std_lr0.01_s4_vzero,0.145845
578000,A_w100_T10000_std_lr0.01_s5_vzero,0.0897907
578000,A_w100_T10000_std_lr0.01_s6_vzero,0.0928674
578000,A_w100_T10000_std_lr0.01_s7_vzero,4.79623e-05
578000,A_w100_T10000_std_lr0.01_s8_vzero,0.0490606
578000,A_w100_T10000_std_lr0.01_s9_vzero,0.712135
579000,A_w100_T10000_std_lr0.01_s0_vzero,0.251159
579000,A_w100_T10000_std_lr0.01_s1_vzero,0.357112
579000,A_w100_T10000_std_lr0.01_s2_vzero,9.98846e-06
579000,A_w100_T10000_std_lr0.01_s3_vzero,0.000747763
579000,A_w100_T10000_std_lr0.01_s4_vzero,0.124204
579000,A_w100_T10000_std_lr0.01_s5_vzero,0.0855968
579000,A_w100_T10000_std_lr0.01_s6_vzero,0.0933727
579000,A_w100_T10000_std_lr0.01_s7_vzero,1.60116e-05
579000,A_w100_T10000_std_lr0.01_s8_vzero,0.0423858
579000,A_w100_T10000_std_lr0.01_s9_vzero,0.730366
580000,A_w100_T10000_std_lr0.01_s0_vzero,0.249579
580000,A_w100_T10000_std_lr0.01_s1_vzero,0.363744
580000,A_w100_T10000_std_lr0.01_s2_vzero,6.37307e-06
580000,A_w100_T10000_std_lr0.01_s3_vzero,0.000313229
580000,A_w100_T10000_std_lr0.01_s4_vzero,0.0897699
580000,A_w100_T10000_std_lr0.01_s5_vzero,0.067126
580000,A_w100_T10000_std_lr0.01_s6_vzero,0.0949261
580000,A_w100_T10000_std_lr0.01_s7_vzero,3.75847e-06
580000,A_w100_T10000_std_lr0.01_s8_vzero,0.0301307
580000,A_w100_T10000_std_lr0.01_s9_vzero,0.708418
581000,A_w100_T10000_std_lr0.01_s0_vzero,0.366981
581000,A_w100_T10000_std_lr0.01_s1_vzero,0.61299
581000,A_w100_T10000_std_lr0.01_s2_vzero,0.25877
581000,A_w100_T10000_std_lr0.01_s3_vzero,0.626198
581000,A_w100_T10000_std_lr0.01_s4_vzero,1.81442
581000,A_w100_T10000_std_lr0.01_s5_vzero,0.223634
581000,A_w100_T10000_std_lr0.01_s6_vzero,0.46397
581000,A_w100_T10000_std_lr0.01_s7_vzero,1.147
581000,A_w100_T10000_std_lr0.01_s8_vzero,0.278675
581000,A_w100_T10000_std_lr0.01_s9_vzero,0.590577
582000,A_w100_T10000_std_lr0.01_s0_vzero,0.187923
582000,A_w100_T10000_std_lr0.01_s1_vzero,0.478399
582000,A_w100_T10000_std_lr0.01_s2_vzero,0.00471627
582000,A_w100_T10000_std_lr0.01_s3_vzero,0.361806
582000,A_w100_T10000_std_lr0.01_s4_vzero,1.16935
582000,A_w100_T10000_std_lr0.01_s5_vzero,0.0523402
582000,A_w100_T10000_std_lr0.01_s6_vzero,0.181425
582000,A_w100_T10000_std_lr0.01_s7_vzero,0.528894
582000,A_w100_T10000_std_lr0.01_s8_vzero,0.0966094
582000,A_w100_T10000_std_lr0.01_s9_vzero,0.435926
583000,A_w100_T10000_std_lr0.01_s0_vzero,0.144735
583000,A_w100_T10000_std_lr0.01_s1_vzero,0.492441
583000,A_w100_T10000_std_lr0.01_s2_vzero,0.000495995
583000,A_w100_T10000_std_lr0.01_s3_vzero,0.216396
583000,A_w100_T10000_std_lr0.01_s4_vzero,1.10695
583000,A_w100_T10000_std_lr0.01_s5_vzero,0.0273281
583000,A_w100_T10000_std_lr0.01_s6_vzero,0.0842548
583000,A_w100_T10000_std_lr0.01_s7_vzero,0.327453
583000,A_w100_T10000_std_lr0.01_s8_vzero,0.071132
583000,A_w100_T10000_std_lr0.01_s9_vzero,0.285462
584000,A_w100_T10000_std_lr0.01_s0_vzero,0.108216
584000,A_w100_T10000_std_lr0.01_s1_vzero,0.41349
584000,A_w100_T10000_std_lr0.01_s2_vzero,2.41164e-05
584000,A_w100_T10000_std_lr0.01_s3_vzero,0.175625
584000,A_w100_T10000_std_lr0.01_s4_vzero,1.0172
584000,A_w100_T10000_std_lr0.01_s5_vzero,0.0160459
584000,A_w100_T10000_std_lr0.01_s6_vzero,0.0474514
584000,A_w100_T10000_std_lr0.01_s7_vzero,0.207134
584000,A_w100_T10000_std_lr0.01_s8_vzero,0.0637943
584000,A_w100_T10000_std_lr0.01_s9_vzero,0.228114
585000,A_w100_T10000_std_lr0.01_s0_vzero,0.103339
585000,A_w100_T10000_std_lr0.01_s1_vzero,0.474523
585000,A_w100_T10000_std_lr0.01_s2_vzero,1.95926e-06
585000,A_w100_T10000_std_lr0.01_s3_vzero,0.122217
585000,A_w100_T10000_std_lr0.01_s4_vzero,1.10607
585000,A_w100_T10000_std_lr0.01_s5_vzero,0.00799664
585000,A_w100_T10000_std_lr0.01_s6_vzero,0.0372727
585000,A_w100_T10000_std_lr0.01_s7_vzero,0.0935931
585000,A_w100_T10000_std_lr0.01_s8_vzero,0.0560769
585000,A_w100_T10000_std_lr0.01_s9_vzero,0.182063
586000,A_w100_T10000_std_lr0.01_s0_vzero,0.0940993
586000,A_w100_T10000_std_lr0.01_s1_vzero,0.421169
586000,A_w100_T10000_std_lr0.01_s2_vzero,1.12172e-07
586000,A_w100_T10000_std_lr0.01_s3_vzero,0.0950896
586000,A_w100_T10000_std_lr0.01_s4_vzero,0.989408
586000,A_w100_T10000_std_lr0.01_s5_vzero,0.00432972
586000,A_w100_T10000_std_lr0.01_s6_vzero,0.0309294
586000,A_w100_T10000_std_lr0.01_s7_vzero,0.0455686
586000,A_w100_T10000_std_lr0.01_s8_vzero,0.0483458
586000,A_w100_T10000_std_lr0.01_s9_vzero,0.16534
587000,A_w100_T10000_std_lr0.01_s0_vzero,0.0872559
587000,A_w100_T10000_std_lr0.01_s1_vzero,0.420127
587000,A_w100_T10000_std_lr0.01_s2_vzero,8.84849e-09
587000,A_w100_T10000_std_lr0.01_s3_vzero,0.075792
587000,A_w100_T10000_std_lr0.01_s4_vzero,0.776859
587000,A_w100_T10000_std_lr0.01_s5_vzero,0.00340698
587000,A_w100_T10000_std_lr0.01_s6_vzero,0.0266065
587000,A_w100_T10000_std_lr0.01_s7_vzero,0.023761
587000,A_w100_T10000_std_lr0.01_s8_vzero,0.0319523
587000,A_w100_T10000_std_lr0.01_s9_vzero,0.159285
588000,A_w100_T10000_std_lr0.01_s0_vzero,0.0914971
588000,A_w100_T10000_std_lr0.01_s1_vzero,0.43211
588000,A_w100_T10000_std_lr0.01_s2_vzero,1.56459e-09
588000,A_w100_T10000_std_lr0.01_s3_vzero,0.0385537
588000,A_w100_T10000_std_lr0.01_s4_vzero,0.87498
588000,A_w100_T10000_std_lr0.01_s5_vzero,0.00215146
588000,A_w100_T10000_std_lr0.01_s6_vzero,0.02286
588000,A_w100_T10000_std_lr0.01_s7_vzero,0.0114652
588000,A_w100_T10000_std_lr0.01_s8_vzero,0.0380042
588000,A_w100_T10000_std_lr0.01_s9_vzero,0.160645
589000,A_w100_T10000_std_lr0.01_s0_vzero,0.0901979
589000,A_w100_T10000_std_lr0.01_s1_vzero,0.442191
589000,A_w100_T10000_std_lr0.01_s2_vzero,1.52673e-10
589000,A_w100_T10000_std_lr0.01_s3_vzero,0.0250348
589000,A_w100_T10000_std_lr0.01_s4_vzero,0.66821
589000,A_w100_T10000_std_lr0.01_s5_vzero,0.00121802
589000,A_w100_T10000_std_lr0.01_s6_vzero,0.015941
589000,A_w100_T10000_std_lr0.01_s7_vzero,0.00619525
589000,A_w100_T10000_std_lr0.01_s8_vzero,0.0293638
589000,A_w100_T10000_std_lr0.01_s9_vzero,0.139836
590000,A_w100_T10000_std_lr0.01_s0_vzero,0.0915025
590000,A_w100_T10000_std_lr0.01_s1_vzero,0.448226
590000,A_w100_T10000_std_lr0.01_s2_vzero,1.23518e-11
590000,A_w100_T10000_std_lr0.01_s3_vzero,0.0168175
590000,A_w100_T10000_std_lr0.01_s4_vzero,0.676177
590000,A_w100_T10000_std_lr0.01_s5_vzero,0.000619981
590000,A_w100_T10000_std_lr0.01_s6_vzero,0.0134301
590000,A_w100_T10000_std_lr0.01_s7_vzero,0.00395182
590000,A_w100_T10000_std_lr0.01_s8_vzero,0.0205653
590000,A_w100_T10000_std_lr0.01_s9_vzero,0.148046
591000,A_w100_T10000_std_lr0.01_s0_vzero,0.54552
591000,A_w100_T10000_std_lr0.01_s1_vzero,0.782485
591000,A_w100_T10000_std_lr0.01_s2_vzero,0.187208
591000,A_w100_T10000_std_lr0.01_s3_vzero,0.825329
591000,A_w100_T10000_std_lr0.01_s4_vzero,1.04242
591000,A_w100_T10000_std_lr0.01_s5_vzero,0.394122
591000,A_w100_T10000_std_lr0.01_s6_vzero,0.465243
591000,A_w100_T10000_std_lr0.01_s7_vzero,1.02077
591000,A_w100_T10000_std_lr0.01_s8_vzero,0.134179
591000,A_w100_T10000_std_lr0.01_s9_vzero,0.941196
592000,A_w100_T10000_std_lr0.01_s0_vzero,0.455129
592000,A_w100_T10000_std_lr0.01_s1_vzero,0.631489
592000,A_w100_T10000_std_lr0.01_s2_vzero,0.00487609
592000,A_w100_T10000_std_lr0.01_s3_vzero,0.246301
592000,A_w100_T10000_std_lr0.01_s4_vzero,0.742785
592000,A_w100_T10000_std_lr0.01_s5_vzero,0.158383
592000,A_w100_T10000_std_lr0.01_s6_vzero,0.221893
592000,A_w100_T10000_std_lr0.01_s7_vzero,0.315448
592000,A_w100_T10000_std_lr0.01_s8_vzero,0.0392212
592000,A_w100_T10000_std_lr0.01_s9_vzero,0.771523
593000,A_w100_T10000_std_lr0.01_s0_vzero,0.454936
593000,A_w100_T10000_std_lr0.01_s1_vzero,0.583945
593000,A_w100_T10000_std_lr0.01_s2_vzero,0.000419815
593000,A_w100_T10000_std_lr0.01_s3_vzero,0.126063
593000,A_w100_T10000_std_lr0.01_s4_vzero,0.752427
593000,A_w100_T10000_std_lr0.01_s5_vzero,0.0993951
593000,A_w100_T10000_std_lr0.01_s6_vzero,0.18655
593000,A_w100_T10000_std_lr0.01_s7_vzero,0.152473
593000,A_w100_T10000_std_lr0.01_s8_vzero,0.0297746
593000,A_w100_T10000_std_lr0.01_s9_vzero,0.669336
594000,A_w100_T10000_std_lr0.01_s0_vzero,0.424913
594000,A_w100_T10000_std_lr0.01_s1_vzero,0.460172
594000,A_w100_T10000_std_lr0.01_s2_vzero,4.43268e-05
594000,A_w100_T10000_std_lr0.01_s3_vzero,0.0543184
594000,A_w100_T10000_std_lr0.01_s4_vzero,0.67263
594000,A_w100_T10000_std_lr0.01_s5_vzero,0.0499272
594000,A_w100_T10000_std_lr0.01_s6_vzero,0.144919
594000,A_w100_T10000_std_lr0.01_s7_vzero,0.115081
594000,A_w100_T10000_std_lr0.01_s8_vzero,0.0240073
594000,A_w100_T10000_std_lr0.01_s9_vzero,0.628364
595000,A_w100_T10000_std_lr0.01_s0_vzero,0.3904
595000,A_w100_T10000_std_lr0.01_s1_vzero,0.49683
595000,A_w100_T10000_std_lr0.01_s2_vzero,7.59676e-06
595000,A_w100_T10000_std_lr0.01_s3_vzero,0.0265392
595000,A_w100_T10000_std_lr0.01_s4_vzero,0.647788
595000,A_w100_T10000_std_lr0.01_s5_vzero,0.0260422
595000,A_w100_T10000_std_lr0.01_s6_vzero,0.104987
595000,A_w100_T10000_std_lr0.01_s7_vzero,0.0910996
595000,A_w100_T10000_std_lr0.01_s8_vzero,0.0185543
595000,A_w100_T10000_std_lr0.01_s9_vzero,0.549972
596000,A_w100_T10000_std_lr0.01_s0_vzero,0.374799
596000,A_w100_T10000_std_lr0.01_s1_vzero,0.500633
596000,A_w100_T10000_std_lr0.01_s2_vzero,1.08432e-06
596000,A_w100_T10000_std_lr0.01_s3_vzero,0.0129322
596000,A_w100_T10000_std_lr0.01_s4_vzero,0.615385
596000,A_w100_T10000_std_lr0.01_s5_vzero,0.018017
596000,A_w100_T10000_std_lr0.01_s6_vzero,0.0837538
596000,A_w100_T10000_std_lr0.01_s7_vzero,0.0496371
596000,A_w100_T10000_std_lr0.01_s8_vzero,0.0183822
596000,A_w100_T10000_std_lr0.01_s9_vzero,0.569924
597000,A_w100_T10000_std_lr0.01_s0_vzero,0.326352
597000,A_w100_T10000_std_lr0.01_s1_vzero,0.426122
597000,A_w100_T10000_std_lr0.01_s2_vzero,1.36624e-07
597000,A_w100_T10000_std_lr0.01_s3_vzero,0.00580684
597000,A_w100_T10000_std_lr0.01_s4_vzero,0.630005
597000,A_w100_T10000_std_lr0.01_s5_vzero,0.0104329
597000,A_w100_T10000_std_lr0.01_s6_vzero,0.0587823
597000,A_w100_T10000_std_lr0.01_s7_vzero,0.0320884
597000,A_w100_T10000_std_lr0.01_s8_vzero,0.0166181
597000,A_w100_T10000_std_lr0.01_s9_vzero,0.524314
598000,A_w100_T10000_std_lr0.01_s0_vzero,0.352612
598000,A_w100_T10000_std_lr0.01_s1_vzero,0.411521
598000,A_w100_T10000_std_lr0.01_s2_vzero,1.50915e-08
598000,A_w100_T10000_std_lr0.01_s3_vzero,0.00247806
598000,A_w100_T10000_std_lr0.01_s4_vzero,0.617672
598000,A_w100_T10000_std_lr0.01_s5_vzero,0.00460717
598000,A_w100_T10000_std_lr0.01_s6_vzero,0.0426665
598000,A_w100_T10000_std_lr0.01_s7_vzero,0.0219135
598000,A_w100_T10000_std_lr0.01_s8_vzero,0.0171094
598000,A_w100_T10000_std_lr0.01_s9_vzero,0.512908
599000,A_w100_T10000_std_lr0.01_s0_vzero,0.345461
599000,A_w100_T10000_std_lr0.01_s1_vzero,0.42546
599000,A_w100_T10000_std_lr0.01_s2_vzero,2.36682e-09
599000,A_w100_T10000_std_lr0.01_s3_vzero,0.00113248
599000,A_w100_T10000_std_lr0.01_s4_vzero,0.604979
599000,A_w100_T10000_std_lr0.01_s5_vzero,0.00254343
599000,A_w100_T10000_std_lr0.01_s6_vzero,0.0353602
599000,A_w100_T10000_std_lr0.01_s7_vzero,0.0197504
599000,A_w100_T10000_std_lr0.01_s8_vzero,0.0154627
599000,A_w100_T10000_std_lr0.01_s9_vzero,0.531357
600000,A_w100_T10000_std_lr0.01_s0_vzero,0.314386
600000,A_w100_T10000_std_lr0.01_s1_vzero,0.416194
600000,A_w100_T10000_std_lr0.01_s2_vzero,3.19e-10
600000,A_w100_T10000_std_lr0.01_s3_vzero,0.000475877
600000,A_w100_T10000_std_lr0.01_s4_vzero,0.557581
600000,A_w100_T10000_std_lr0.01_s5_vzero,0.00156384
600000,A_w100_T10000_std_lr0.01_s6_vzero,0.0259275
600000,A_w100_T10000_std_lr0.01_s7_vzero,0.0106014
600000,A_w100_T10000_std_lr0.01_s8_vzero,0.0163401
600000,A_w100_T10000_std_lr0.01_s9_vzero,0.449931
601000,A_w100_T10000_std_lr0.01_s0_vzero,1.65992
601000,A_w100_T10000_std_lr0.01_s1_vzero,0.609515
601000,A_w100_T10000_std_lr0.01_s2_vzero,0.161353
601000,A_w100_T10000_std_lr0.01_s3_vzero,0.307534
601000,A_w100_T10000_std_lr0.01_s4_vzero,1.06755
601000,A_w100_T10000_std_lr0.01_s5_vzero,0.234197
601000,A_w100_T10000_std_lr0.01_s6_vzero,0.170229
601000,A_w100_T10000_std_lr0.01_s7_vzero,0.980454
601000,A_w100_T10000_std_lr0.01_s8_vzero,0.421739
601000,A_w100_T10000_std_lr0.01_s9_vzero,0.914321
602000,A_w100_T10000_std_lr0.01_s0_vzero,1.32942
602000,A_w100_T10000_std_lr0.01_s1_vzero,0.478242
602000,A_w100_T10000_std_lr0.01_s2_vzero,0.00536629
602000,A_w100_T10000_std_lr0.01_s3_vzero,0.0212223
602000,A_w100_T10000_std_lr0.01_s4_vzero,1.07093
602000,A_w100_T10000_std_lr0.01_s5_vzero,0.00488585
602000,A_w100_T10000_std_lr0.01_s6_vzero,0.0595659
602000,A_w100_T10000_std_lr0.01_s7_vzero,0.382413
602000,A_w100_T10000_std_lr0.01_s8_vzero,0.288777
602000,A_w100_T10000_std_lr0.01_s9_vzero,0.682903
603000,A_w100_T10000_std_lr0.01_s0_vzero,1.31467
603000,A_w100_T10000_std_lr0.01_s1_vzero,0.467713
603000,A_w100_T10000_std_lr0.01_s2_vzero,0.000679328
603000,A_w100_T10000_std_lr0.01_s3_vzero,0.00548477
603000,A_w100_T10000_std_lr0.01_s4_vzero,1.10074
603000,A_w100_T10000_std_lr0.01_s5_vzero,0.00127955
603000,A_w100_T10000_std_lr0.01_s6_vzero,0.0441991
603000,A_w100_T10000_std_lr0.01_s7_vzero,0.303435
603000,A_w100_T10000_std_lr0.01_s8_vzero,0.227725
603000,A_w100_T10000_std_lr0.01_s9_vzero,0.492412
604000,A_w100_T10000_std_lr0.01_s0_vzero,1.29308
604000,A_w100_T10000_std_lr0.01_s1_vzero,0.456286
604000,A_w100_T10000_std_lr0.01_s2_vzero,0.000120455
604000,A_w100_T10000_std_lr0.01_s3_vzero,0.00171462
604000,A_w100_T10000_std_lr0.01_s4_vzero,0.877888
604000,A_w100_T10000_std_lr0.01_s5_vzero,0.000319518
604000,A_w100_T10000_std_lr0.01_s6_vzero,0.0411758
604000,A_w100_T10000_std_lr0.01_s7_vzero,0.266739
604000,A_w100_T10000_std_lr0.01_s8_vzero,0.181702
604000,A_w100_T10000_std_lr0.01_s9_vzero,0.491
605000,A_w100_T10000_std_lr0.01_s0_vzero,1.18203
605000,A_w100_T10000_std_lr0.01_s1_vzero,0.464625
605000,A_w100_T10000_std_lr0.01_s2_vzero,1.46697e-05
605000,A_w100_T10000_std_lr0.01_s3_vzero,0.000749124
605000,A_w100_T10000_std_lr0.01_s4_vzero,0.889502
605000,A_w100_T10000_std_lr0.01_s5_vzero,8.85975e-05
605000,A_w100_T10000_std_lr0.01_s6_vzero,0.0400013
605000,A_w100_T10000_std_lr0.01_s7_vzero,0.196004
605000,A_w100_T10000_std_lr0.01_s8_vzero,0.139048
605000,A_w100_T10000_std_lr0.01_s9_vzero,0.439122
606000,A_w100_T10000_std_lr0.01_s0_vzero,1.28999
606000,A_w100_T10000_std_lr0.01_s1_vzero,0.455683
606000,A_w100_T10000_std_lr0.01_s2_vzero,3.35471e-06
606000,A_w100_T10000_std_lr0.01_s3_vzero,0.000327607
606000,A_w100_T10000_std_lr0.01_s4_vzero,0.910432
606000,A_w100_T10000_std_lr0.01_s5_vzero,2.97383e-05
606000,A_w100_T10000_std_lr0.01_s6_vzero,0.0357562
606000,A_w100_T10000_std_lr0.01_s7_vzero,0.210562
606000,A_w100_T10000_std_lr0.01_s8_vzero,0.141913
606000,A_w100_T10000_std_lr0.01_s9_vzero,0.414002
607000,A_w100_T10000_std_lr0.01_s0_vzero,1.24954
607000,A_w100_T10000_std_lr0.01_s1_vzero,0.452215
607000,A_w100_T10000_std_lr0.01_s2_vzero,5.82147e-07
607000,A_w100_T10000_std_lr0.01_s3_vzero,0.000229854
607000,A_w100_T10000_std_lr0.01_s4_vzero,0.834454
607000,A_w100_T10000_std_lr0.01_s5_vzero,9.98626e-06
607000,A_w100_T10000_std_lr0.01_s6_vzero,0.0380153
607000,A_w100_T10000_std_lr0.01_s7_vzero,0.158604
607000,A_w100_T10000_std_lr0.01_s8_vzero,0.114533
607000,A_w100_T10000_std_lr0.01_s9_vzero,0.442182
608000,A_w100_T10000_std_lr0.01_s0_vzero,1.24009
608000,A_w100_T10000_std_lr0.01_s1_vzero,0.4356
608000,A_w100_T10000_std_lr0.01_s2_vzero,9.90952e-08
608000,A_w100_T10000_std_lr0.01_s3_vzero,0.000178083
608000,A_w100_T10000_std_lr0.01_s4_vzero,1.04108
608000,A_w100_T10000_std_lr0.01_s5_vzero,2.94879e-06
608000,A_w100_T10000_std_lr0.01_s6_vzero,0.0354184
608000,A_w100_T10000_std_lr0.01_s7_vzero,0.131129
608000,A_w100_T10000_std_lr0.01_s8_vzero,0.114338
608000,A_w100_T10000_std_lr0.01_s9_vzero,0.438267
609000,A_w100_T10000_std_lr0.01_s0_vzero,1.29371
609000,A_w100_T10000_std_lr0.01_s1_vzero,0.438602
609000,A_w100_T10000_std_lr0.01_s2_vzero,2.04772e-08
609000,A_w100_T10000_std_lr0.01_s3_vzero,0.00011048
609000,A_w100_T10000_std_lr0.01_s4_vzero,0.824125
609000,A_w100_T10000_std_lr0.01_s5_vzero,8.1844e-07
609000,A_w100_T10000_std_lr0.01_s6_vzero,0.0376284
609000,A_w100_T10000_std_lr0.01_s7_vzero,0.124952
609000,A_w100_T10000_std_lr0.01_s8_vzero,0.109563
609000,A_w100_T10000_std_lr0.01_s9_vzero,0.386942
610000,A_w100_T10000_std_lr0.01_s0_vzero,1.17983
610000,A_w100_T10000_std_lr0.01_s1_vzero,0.407994
610000,A_w100_T10000_std_lr0.01_s2_vzero,3.61714e-09
610000,A_w100_T10000_std_lr0.01_s3_vzero,8.12667e-05
610000,A_w100_T10000_std_lr0.01_s4_vzero,0.792087
610000,A_w100_T10000_std_lr0.01_s5_vzero,4.46668e-07
610000,A_w100_T10000_std_lr0.01_s6_vzero,0.0348418
610000,A_w100_T10000_std_lr0.01_s7_vzero,0.132308
610000,A_w100_T10000_std_lr0.01_s8_vzero,0.104059
610000,A_w100_T10000_std_lr0.01_s9_vzero,0.385218
611000,A_w100_T10000_std_lr0.01_s0_vzero,0.635897
611000,A_w100_T10000_std_lr0.01_s1_vzero,0.700095
611000,A_w100_T10000_std_lr0.01_s2_vzero,0.0933536
611000,A_w100_T10000_std_lr0.01_s3_vzero,0.24745
611000,A_w100_T10000_std_lr0.01_s4_vzero,0.729034
611000,A_w100_T10000_std_lr0.01_s5_vzero,0.353368
611000,A_w100_T10000_std_lr0.01_s6_vzero,0.517613
611000,A_w100_T10000_std_lr0.01_s7_vzero,0.434702
611000,A_w100_T10000_std_lr0.01_s8_vzero,0.168646
611000,A_w100_T10000_std_lr0.01_s9_vzero,1.15826
612000,A_w100_T10000_std_lr0.01_s0_vzero,0.405956
612000,A_w100_T10000_std_lr0.01_s1_vzero,0.359696
612000,A_w100_T10000_std_lr0.01_s2_vzero,0.00152904
612000,A_w100_T10000_std_lr0.01_s3_vzero,0.0453219
612000,A_w100_T10000_std_lr0.01_s4_vzero,0.498748
612000,A_w100_T10000_std_lr0.01_s5_vzero,0.0697187
612000,A_w100_T10000_std_lr0.01_s6_vzero,0.198718
612000,A_w100_T10000_std_lr0.01_s7_vzero,0.144906
612000,A_w100_T10000_std_lr0.01_s8_vzero,0.0417127
612000,A_w100_T10000_std_lr0.01_s9_vzero,0.841827
613000,A_w100_T10000_std_lr0.01_s0_vzero,0.357471
613000,A_w100_T10000_std_lr0.01_s1_vzero,0.277146
613000,A_w100_T10000_std_lr0.01_s2_vzero,0.000117937
613000,A_w100_T10000_std_lr0.01_s3_vzero,0.0352191
613000,A_w100_T10000_std_lr0.01_s4_vzero,0.411493
613000,A_w100_T10000_std_lr0.01_s5_vzero,0.0210427
613000,A_w100_T10000_std_lr0.01_s6_vzero,0.129814
613000,A_w100_T10000_std_lr0.01_s7_vzero,0.0874153
613000,A_w100_T10000_std_lr0.01_s8_vzero,0.0313527
613000,A_w100_T10000_std_lr0.01_s9_vzero,0.640709
614000,A_w100_T10000_std_lr0.01_s0_vzero,0.307584
614000,A_w100_T10000_std_lr0.01_s1_vzero,0.259187
614000,A_w100_T10000_std_lr0.01_s2_vzero,1.44405e-05
614000,A_w100_T10000_std_lr0.01_s3_vzero,0.0289822
614000,A_w100_T10000_std_lr0.01_s4_vzero,0.407498
614000,A_w100_T10000_std_lr0.01_s5_vzero,0.00423287
614000,A_w100_T10000_std_lr0.01_s6_vzero,0.0860853
614000,A_w100_T10000_std_lr0.01_s7_vzero,0.0695309
614000,A_w100_T10000_std_lr0.01_s8_vzero,0.0253356
614000,A_w100_T10000_std_lr0.01_s9_vzero,0.636922
615000,A_w100_T10000_std_lr0.01_s0_vzero,0.319012
615000,A_w100_T10000_std_lr0.01_s1_vzero,0.192213
615000,A_w100_T10000_std_lr0.01_s2_vzero,1.85551e-06
615000,A_w100_T10000_std_lr0.01_s3_vzero,0.0305834
615000,A_w100_T10000_std_lr0.01_s4_vzero,0.352026
615000,A_w100_T10000_std_lr0.01_s5_vzero,0.000844355
615000,A_w100_T10000_std_lr0.01_s6_vzero,0.0709353
615000,A_w100_T10000_std_lr0.01_s7_vzero,0.0512793
615000,A_w100_T10000_std_lr0.01_s8_vzero,0.0216079
615000,A_w100_T10000_std_lr0.01_s9_vzero,0.588876
616000,A_w100_T10000_std_lr0.01_s0_vzero,0.282655
616000,A_w100_T10000_std_lr0.01_s1_vzero,0.142158
616000,A_w100_T10000_std_lr0.01_s2_vzero,2.48201e-07
616000,A_w100_T10000_std_lr0.01_s3_vzero,0.0322414
616000,A_w100_T10000_std_lr0.01_s4_vzero,0.352714
616000,A_w100_T10000_std_lr0.01_s5_vzero,0.000167496
616000,A_w100_T10000_std_lr0.01_s6_vzero,0.0632128
616000,A_w100_T10000_std_lr0.01_s7_vzero,0.0284746
616000,A_w100_T10000_std_lr0.01_s8_vzero,0.0185552
616000,A_w100_T10000_std_lr0.01_s9_vzero,0.559636
617000,A_w100_T10000_std_lr0.01_s0_vzero,0.272339
617000,A_w100_T10000_std_lr0.01_s1_vzero,0.123124
617000,A_w100_T10000_std_lr0.01_s2_vzero,2.50858e-08
617000,A_w100_T10000_std_lr0.01_s3_vzero,0.0276086
617000,A_w100_T10000_std_lr0.01_s4_vzero,0.345027
617000,A_w100_T10000_std_lr0.01_s5_vzero,3.21483e-05
617000,A_w100_T10000_std_lr0.01_s6_vzero,0.0520674
617000,A_w100_T10000_std_lr0.01_s7_vzero,0.0209979
617000,A_w100_T10000_std_lr0.01_s8_vzero,0.0166998
617000,A_w100_T10000_std_lr0.01_s9_vzero,0.534839
618000,A_w100_T10000_std_lr0.01_s0_vzero,0.233366
618000,A_w100_T10000_std_lr0.01_s1_vzero,0.0994699
618000,A_w100_T10000_std_lr0.01_s2_vzero,2.56484e-09
618000,A_w100_T10000_std_lr0.01_s3_vzero,0.0244692
618000,A_w100_T10000_std_lr0.01_s4_vzero,0.36384
618000,A_w100_T10000_std_lr0.01_s5_vzero,5.52118e-06
618000,A_w100_T10000_std_lr0.01_s6_vzero,0.0410547
618000,A_w100_T10000_std_lr0.01_s7_vzero,0.0125058
618000,A_w100_T10000_std_lr0.01_s8_vzero,0.0108245
618000,A_w100_T10000_std_lr0.01_s9_vzero,0.467671
619000,A_w100_T10000_std_lr0.01_s0_vzero,0.218601
619000,A_w100_T10000_std_lr0.01_s1_vzero,0.0895619
619000,A_w100_T10000_std_lr0.01_s2_vzero,2.84551e-10
619000,A_w100_T10000_std_lr0.01_s3_vzero,0.0271024
619000,A_w100_T10000_std_lr0.01_s4_vzero,0.324381
619000,A_w100_T10000_std_lr0.01_s5_vzero,9.39724e-07
619000,A_w100_T10000_std_lr0.01_s6_vzero,0.0289012
619000,A_w100_T10000_std_lr0.01_s7_vzero,0.00957674
619000,A_w100_T10000_std_lr0.01_s8_vzero,0.0107894
619000,A_w100_T10000_std_lr0.01_s9_vzero,0.45641
620000,A_w100_T10000_std_lr0.01_s0_vzero,0.166079
620000,A_w100_T10000_std_lr0.01_s1_vzero,0.0754789
620000,A_w100_T10000_std_lr0.01_s2_vzero,3.14051e-11
620000,A_w100_T10000_std_lr0.01_s3_vzero,0.0262029
620000,A_w100_T10000_std_lr0.01_s4_vzero,0.319805
620000,A_w100_T10000_std_lr0.01_s5_vzero,1.93932e-07
620000,A_w100_T10000_std_lr0.01_s6_vzero,0.048736
620000,A_w100_T10000_std_lr0.01_s7_vzero,0.00464268
620000,A_w100_T10000_std_lr0.01_s8_vzero,0.00792025
620000,A_w100_T10000_std_lr0.01_s9_vzero,0.460562
621000,A_w100_T10000_std_lr0.01_s0_vzero,1.58902
621000,A_w100_T10000_std_lr0.01_s1_vzero,0.665511
621000,A_w100_T10000_std_lr0.01_s2_vzero,0.0925396
621000,A_w100_T10000_std_lr0.01_s3_vzero,0.230813
621000,A_w100_T10000_std_lr0.01_s4_vzero,0.920958
621000,A_w100_T10000_std_lr0.01_s5_vzero,0.334632
621000,A_w100_T10000_std_lr0.01_s6_vzero,0.616616
621000,A_w100_T10000_std_lr0.01_s7_vzero,0.998838
621000,A_w100_T10000_std_lr0.01_s8_vzero,0.46148
621000,A_w100_T10000_std_lr0.01_s9_vzero,0.96829
622000,A_w100_T10000_std_lr0.01_s0_vzero,1.42588
622000,A_w100_T10000_std_lr0.01_s1_vzero,0.517757
622000,A_w100_T10000_std_lr0.01_s2_vzero,0.00190194
622000,A_w100_T10000_std_lr0.01_s3_vzero,0.10019
622000,A_w100_T10000_std_lr0.01_s4_vzero,0.6058
622000,A_w100_T10000_std_lr0.01_s5_vzero,0.0668183
622000,A_w100_T10000_std_lr0.01_s6_vzero,0.149921
622000,A_w100_T10000_std_lr0.01_s7_vzero,0.581741
622000,A_w100_T10000_std_lr0.01_s8_vzero,0.195982
622000,A_w100_T10000_std_lr0.01_s9_vzero,0.723573
623000,A_w100_T10000_std_lr0.01_s0_vzero,1.31052
623000,A_w100_T10000_std_lr0.01_s1_vzero,0.497194
623000,A_w100_T10000_std_lr0.01_s2_vzero,0.000120107
623000,A_w100_T10000_std_lr0.01_s3_vzero,0.0811521
623000,A_w100_T10000_std_lr0.01_s4_vzero,0.443329
623000,A_w100_T10000_std_lr0.01_s5_vzero,0.0519102
623000,A_w100_T10000_std_lr0.01_s6_vzero,0.0939729
623000,A_w100_T10000_std_lr0.01_s7_vzero,0.460463
623000,A_w100_T10000_std_lr0.01_s8_vzero,0.152841
623000,A_w100_T10000_std_lr0.01_s9_vzero,0.660283
624000,A_w100_T10000_std_lr0.01_s0_vzero,1.45103
624000,A_w100_T10000_std_lr0.01_s1_vzero,0.494114
624000,A_w100_T10000_std_lr0.01_s2_vzero,6.58441e-06
624000,A_w100_T10000_std_lr0.01_s3_vzero,0.0600602
624000,A_w100_T10000_std_lr0.01_s4_vzero,0.408239
624000,A_w100_T10000_std_lr0.01_s5_vzero,0.0357651
624000,A_w100_T10000_std_lr0.01_s6_vzero,0.0604251
624000,A_w100_T10000_std_lr0.01_s7_vzero,0.348367
624000,A_w100_T10000_std_lr0.01_s8_vzero,0.116394
624000,A_w100_T10000_std_lr0.01_s9_vzero,0.63525
625000,A_w100_T10000_std_lr0.01_s0_vzero,1.01202
625000,A_w100_T10000_std_lr0.01_s1_vzero,0.468091
625000,A_w100_T10000_std_lr0.01_s2_vzero,4.02324e-07
625000,A_w100_T10000_std_lr0.01_s3_vzero,0.0683386
625000,A_w100_T10000_std_lr0.01_s4_vzero,0.282714
625000,A_w100_T10000_std_lr0.01_s5_vzero,0.0334738
625000,A_w100_T10000_std_lr0.01_s6_vzero,0.0274825
625000,A_w100_T10000_std_lr0.01_s7_vzero,0.301704
625000,A_w100_T10000_std_lr0.01_s8_vzero,0.0840469
625000,A_w100_T10000_std_lr0.01_s9_vzero,0.578539
626000,A_w100_T10000_std_lr0.01_s0_vzero,0.848232
626000,A_w100_T10000_std_lr0.01_s1_vzero,0.438597
626000,A_w100_T10000_std_lr0.01_s2_vzero,4.48838e-08
626000,A_w100_T10000_std_lr0.01_s3_vzero,0.0691256
626000,A_w100_T10000_std_lr0.01_s4_vzero,0.213064
626000,A_w100_T10000_std_lr0.01_s5_vzero,0.0287083
626000,A_w100_T10000_std_lr0.01_s6_vzero,0.0158492
626000,A_w100_T10000_std_lr0.01_s7_vzero,0.230993
626000,A_w100_T10000_std_lr0.01_s8_vzero,0.07839
626000,A_w100_T10000_std_lr0.01_s9_vzero,0.503997
627000,A_w100_T10000_std_lr0.01_s0_vzero,0.82676
627000,A_w100_T10000_std_lr0.01_s1_vzero,0.377516
627000,A_w100_T10000_std_lr0.01_s2_vzero,2.41432e-09
627000,A_w100_T10000_std_lr0.01_s3_vzero,0.0630872
627000,A_w100_T10000_std_lr0.01_s4_vzero,0.181088
627000,A_w100_T10000_std_lr0.01_s5_vzero,0.0204685
627000,A_w100_T10000_std_lr0.01_s6_vzero,0.00839463
627000,A_w100_T10000_std_lr0.01_s7_vzero,0.238034
627000,A_w100_T10000_std_lr0.01_s8_vzero,0.054349
627000,A_w100_T10000_std_lr0.01_s9_vzero,0.519872
628000,A_w100_T10000_std_lr0.01_s0_vzero,0.73311
628000,A_w100_T10000_std_lr0.01_s1_vzero,0.414131
628000,A_w100_T10000_std_lr0.01_s2_vzero,1.83417e-10
628000,A_w100_T10000_std_lr0.01_s3_vzero,0.0658902
628000,A_w100_T10000_std_lr0.01_s4_vzero,0.162142
628000,A_w100_T10000_std_lr0.01_s5_vzero,0.0161618
628000,A_w100_T10000_std_lr0.01_s6_vzero,0.00567279
628000,A_w100_T10000_std_lr0.01_s7_vzero,0.208207
628000,A_w100_T10000_std_lr0.01_s8_vzero,0.0591731
628000,A_w100_T10000_std_lr0.01_s9_vzero,0.467847
629000,A_w100_T10000_std_lr0.01_s0_vzero,0.827696
629000,A_w100_T10000_std_lr0.01_s1_vzero,0.388526
629000,A_w100_T10000_std_lr0.01_s2_vzero,1.10605e-11
629000,A_w100_T10000_std_lr0.01_s3_vzero,0.0714717
629000,A_w100_T10000_std_lr0.01_s4_vzero,0.16414
629000,A_w100_T10000_std_lr0.01_s5_vzero,0.0113025
629000,A_w100_T10000_std_lr0.01_s6_vzero,0.00399955
629000,A_w100_T10000_std_lr0.01_s7_vzero,0.221652
629000,A_w100_T10000_std_lr0.01_s8_vzero,0.0615141
629000,A_w100_T10000_std_lr0.01_s9_vzero,0.471869
630000,A_w100_T10000_std_lr0.01_s0_vzero,0.872965
630000,A_w100_T10000_std_lr0.01_s1_vzero,0.338456
630000,A_w100_T10000_std_lr0.01_s2_vzero,1.6076e-12
630000,A_w100_T10000_std_lr0.01_s3_vzero,0.0664255
630000,A_w100_T10000_std_lr0.01_s4_vzero,0.12804
630000,A_w100_T10000_std_lr0.01_s5_vzero,0.00843783
630000,A_w100_T10000_std_lr0.01_s6_vzero,0.00214961
630000,A_w100_T10000_std_lr0.01_s7_vzero,0.188784
630000,A_w100_T10000_std_lr0.01_s8_vzero,0.069459
630000,A_w100_T10000_std_lr0.01_s9_vzero,0.449876
631000,A_w100_T10000_std_lr0.01_s0_vzero,1.25758
631000,A_w100_T10000_std_lr0.01_s1_vzero,0.56671
631000,A_w100_T10000_std_lr0.01_s2_vzero,0.169148
631000,A_w100_T10000_std_lr0.01_s3_vzero,0.125375
631000,A_w100_T10000_std_lr0.01_s4_vzero,0.669573
631000,A_w100_T10000_std_lr0.01_s5_vzero,0.240278
631000,A_w100_T10000_std_lr0.01_s6_vzero,1.03208
631000,A_w100_T10000_std_lr0.01_s7_vzero,0.676597
631000,A_w100_T10000_std_lr0.01_s8_vzero,0.465162
631000,A_w100_T10000_std_lr0.01_s9_vzero,0.812536
632000,A_w100_T10000_std_lr0.01_s0_vzero,1.08549
632000,A_w100_T10000_std_lr0.01_s1_vzero,0.329161
632000,A_w100_T10000_std_lr0.01_s2_vzero,0.00522965
632000,A_w100_T10000_std_lr0.01_s3_vzero,0.0440143
632000,A_w100_T10000_std_lr0.01_s4_vzero,0.176026
632000,A_w100_T10000_std_lr0.01_s5_vzero,0.0352616
632000,A_w100_T10000_std_lr0.01_s6_vzero,0.629425
632000,A_w100_T10000_std_lr0.01_s7_vzero,0.452041
632000,A_w100_T10000_std_lr0.01_s8_vzero,0.233153
632000,A_w100_T10000_std_lr0.01_s9_vzero,0.429591
633000,A_w100_T10000_std_lr0.01_s0_vzero,0.96163
633000,A_w100_T10000_std_lr0.01_s1_vzero,0.236114
633000,A_w100_T10000_std_lr0.01_s2_vzero,0.000497759
633000,A_w100_T10000_std_lr0.01_s3_vzero,0.0339325
633000,A_w100_T10000_std_lr0.01_s4_vzero,0.0899782
633000,A_w100_T10000_std_lr0.01_s5_vzero,0.0079652
633000,A_w100_T10000_std_lr0.01_s6_vzero,0.444212
633000,A_w100_T10000_std_lr0.01_s7_vzero,0.419241
633000,A_w100_T10000_std_lr0.01_s8_vzero,0.159698
633000,A_w100_T10000_std_lr0.01_s9_vzero,0.351605
634000,A_w100_T10000_std_lr0.01_s0_vzero,1.03183
634000,A_w100_T10000_std_lr0.01_s1_vzero,0.244617
634000,A_w100_T10000_std_lr0.01_s2_vzero,6.16942e-05
634000,A_w100_T10000_std_lr0.01_s3_vzero,0.0398351
634000,A_w100_T10000_std_lr0.01_s4_vzero,0.0607129
634000,A_w100_T10000_std_lr0.01_s5_vzero,0.00229265
634000,A_w100_T10000_std_lr0.01_s6_vzero,0.376599
634000,A_w100_T10000_std_lr0.01_s7_vzero,0.385983
634000,A_w100_T10000_std_lr0.01_s8_vzero,0.159313
634000,A_w100_T10000_std_lr0.01_s9_vzero,0.29044
635000,A_w100_T10000_std_lr0.01_s0_vzero,1.00779
635000,A_w100_T10000_std_lr0.01_s1_vzero,0.203624
635000,A_w100_T10000_std_lr0.01_s2_vzero,9.87898e-06
635000,A_w100_T10000_std_lr0.01_s3_vzero,0.032873
635000,A_w100_T10000_std_lr0.01_s4_vzero,0.055066
635000,A_w100_T10000_std_lr0.01_s5_vzero,0.000621633
635000,A_w100_T10000_std_lr0.01_s6_vzero,0.30091
635000,A_w100_T10000_std_lr0.01_s7_vzero,0.362505
635000,A_w100_T10000_std_lr0.01_s8_vzero,0.146945
635000,A_w100_T10000_std_lr0.01_s9_vzero,0.23734
636000,A_w100_T10000_std_lr0.01_s0_vzero,1.01733
636000,A_w100_T10000_std_lr0.01_s1_vzero,0.182567
636000,A_w100_T10000_std_lr0.01_s2_vzero,2.10185e-06
636000,A_w100_T10000_std_lr0.01_s3_vzero,0.0351195
636000,A_w100_T10000_std_lr0.01_s4_vzero,0.0500014
636000,A_w100_T10000_std_lr0.01_s5_vzero,0.000169857
636000,A_w100_T10000_std_lr0.01_s6_vzero,0.209834
636000,A_w100_T10000_std_lr0.01_s7_vzero,0.332758
636000,A_w100_T10000_std_lr0.01_s8_vzero,0.127796
636000,A_w100_T10000_std_lr0.01_s9_vzero,0.152403
637000,A_w100_T10000_std_lr0.01_s0_vzero,0.995186
637000,A_w100_T10000_std_lr0.01_s1_vzero,0.187968
637000,A_w100_T10000_std_lr0.01_s2_vzero,3.25514e-07
637000,A_w100_T10000_std_lr0.01_s3_vzero,0.0405607
637000,A_w100_T10000_std_lr0.01_s4_vzero,0.0291467
637000,A_w100_T10000_std_lr0.01_s5_vzero,4.78559e-05
637000,A_w100_T10000_std_lr0.01_s6_vzero,0.198782
637000,A_w100_T10000_std_lr0.01_s7_vzero,0.340622
637000,A_w100_T10000_std_lr0.01_s8_vzero,0.111967
637000,A_w100_T10000_std_lr0.01_s9_vzero,0.103753
638000,A_w100_T10000_std_lr0.01_s0_vzero,0.971136
638000,A_w100_T10000_std_lr0.01_s1_vzero,0.175517
638000,A_w100_T10000_std_lr0.01_s2_vzero,5.08144e-08
638000,A_w100_T10000_std_lr0.01_s3_vzero,0.0353758
638000,A_w100_T10000_std_lr0.01_s4_vzero,0.0240466
638000,A_w100_T10000_std_lr0.01_s5_vzero,1.09226e-05
638000,A_w100_T10000_std_lr0.01_s6_vzero,0.198158
638000,A_w100_T10000_std_lr0.01_s7_vzero,0.341272
638000,A_w100_T10000_std_lr0.01_s8_vzero,0.112459
638000,A_w100_T10000_std_lr0.01_s9_vzero,0.0796412
639000,A_w100_T10000_std_lr0.01_s0_vzero,0.910548
639000,A_w100_T10000_std_lr0.01_s1_vzero,0.170384
639000,A_w100_T10000_std_lr0.01_s2_vzero,8.6167e-09
639000,A_w100_T10000_std_lr0.01_s3_vzero,0.0400279
639000,A_w100_T10000_std_lr0.01_s4_vzero,0.0197565
639000,A_w100_T10000_std_lr0.01_s5_vzero,3.01766e-06
639000,A_w100_T10000_std_lr0.01_s6_vzero,0.15236
639000,A_w100_T10000_std_lr0.01_s7_vzero,0.359538
639000,A_w100_T10000_std_lr0.01_s8_vzero,0.115474
639000,A_w100_T10000_std_lr0.01_s9_vzero,0.0622374
640000,A_w100_T10000_std_lr0.01_s0_vzero,1.01887
640000,A_w100_T10000_std_lr0.01_s1_vzero,0.157591
640000,A_w100_T10000_std_lr0.01_s2_vzero,1.42112e-09
640000,A_w100_T10000_std_lr0.01_s3_vzero,0.0361333
640000,A_w100_T10000_std_lr0.01_s4_vzero,0.0132171
640000,A_w100_T10000_std_lr0.01_s5_vzero,7.05858e-07
640000,A_w100_T10000_std_lr0.01_s6_vzero,0.125448
640000,A_w100_T10000_std_lr0.01_s7_vzero,0.357183
640000,A_w100_T10000_std_lr0.01_s8_vzero,0.103727
640000,A_w100_T10000_std_lr0.01_s9_vzero,0.0412352
641000,A_w100_T10000_std_lr0.01_s0_vzero,0.879397
641000,A_w100_T10000_std_lr0.01_s1_vzero,0.440111
641000,A_w100_T10000_std_lr0.01_s2_vzero,0.15151
641000,A_w100_T10000_std_lr0.01_s3_vzero,0.499582
641000,A_w100_T10000_std_lr0.01_s4_vzero,0.821071
641000,A_w100_T10000_std_lr0.01_s5_vzero,0.188329
641000,A_w100_T10000_std_lr0.01_s6_vzero,0.506893
641000,A_w100_T10000_std_lr0.01_s7_vzero,1.1705
641000,A_w100_T10000_std_lr0.01_s8_vzero,0.783022
641000,A_w100_T10000_std_lr0.01_s9_vzero,1.12832
642000,A_w100_T10000_std_lr0.01_s0_vzero,0.563249
642000,A_w100_T10000_std_lr0.01_s1_vzero,0.245685
642000,A_w100_T10000_std_lr0.01_s2_vzero,0.000352383
642000,A_w100_T10000_std_lr0.01_s3_vzero,0.325752
642000,A_w100_T10000_std_lr0.01_s4_vzero,0.350085
642000,A_w100_T10000_std_lr0.01_s5_vzero,0.000738322
642000,A_w100_T10000_std_lr0.01_s6_vzero,0.191723
642000,A_w100_T10000_std_lr0.01_s7_vzero,0.95426
642000,A_w100_T10000_std_lr0.01_s8_vzero,0.337464
642000,A_w100_T10000_std_lr0.01_s9_vzero,0.644661
643000,A_w100_T10000_std_lr0.01_s0_vzero,0.527702
643000,A_w100_T10000_std_lr0.01_s1_vzero,0.250603
643000,A_w100_T10000_std_lr0.01_s2_vzero,8.74416e-06
643000,A_w100_T10000_std_lr0.01_s3_vzero,0.331424
643000,A_w100_T10000_std_lr0.01_s4_vzero,0.275161
643000,A_w100_T10000_std_lr0.01_s5_vzero,1.23198e-05
643000,A_w100_T10000_std_lr0.01_s6_vzero,0.109019
643000,A_w100_T10000_std_lr0.01_s7_vzero,0.823881
643000,A_w100_T10000_std_lr0.01_s8_vzero,0.230615
643000,A_w100_T10000_std_lr0.01_s9_vzero,0.390379
644000,A_w100_T10000_std_lr0.01_s0_vzero,0.544399
644000,A_w100_T10000_std_lr0.01_s1_vzero,0.223293
644000,A_w100_T10000_std_lr0.01_s2_vzero,4.0638e-07
644000,A_w100_T10000_std_lr0.01_s3_vzero,0.336461
644000,A_w100_T10000_std_lr0.01_s4_vzero,0.207366
644000,A_w100_T10000_std_lr0.01_s5_vzero,1.67812e-07
644000,A_w100_T10000_std_lr0.01_s6_vzero,0.0631641
644000,A_w100_T10000_std_lr0.01_s7_vzero,0.719387
644000,A_w100_T10000_std_lr0.01_s8_vzero,0.174912
644000,A_w100_T10000_std_lr0.01_s9_vzero,0.274925
645000,A_w100_T10000_std_lr0.01_s0_vzero,0.517653
645000,A_w100_T10000_std_lr0.01_s1_vzero,0.222785
645000,A_w100_T10000_std_lr0.01_s2_vzero,1.51115e-08
645000,A_w100_T10000_std_lr0.01_s3_vzero,0.317327
645000,A_w100_T10000_std_lr0.01_s4_vzero,0.112642
645000,A_w100_T10000_std_lr0.01_s5_vzero,3.39297e-09
645000,A_w100_T10000_std_lr0.01_s6_vzero,0.0489863
645000,A_w100_T10000_std_lr0.01_s7_vzero,0.713184
645000,A_w100_T10000_std_lr0.01_s8_vzero,0.130533
645000,A_w100_T10000_std_lr0.01_s9_vzero,0.252784
646000,A_w100_T10000_std_lr0.01_s0_vzero,0.491727
646000,A_w100_T10000_std_lr0.01_s1_vzero,0.218896
646000,A_w100_T10000_std_lr0.01_s2_vzero,1.80008e-09
646000,A_w100_T10000_std_lr0.01_s3_vzero,0.283587
646000,A_w100_T10000_std_lr0.01_s4_vzero,0.0502909
646000,A_w100_T10000_std_lr0.01_s5_vzero,5.08435e-11
646000,A_w100_T10000_std_lr0.01_s6_vzero,0.030868
646000,A_w100_T10000_std_lr0.01_s7_vzero,0.519498
646000,A_w100_T10000_std_lr0.01_s8_vzero,0.116205
646000,A_w100_T10000_std_lr0.01_s9_vzero,0.193368
647000,A_w100_T10000_std_lr0.01_s0_vzero,0.386652
647000,A_w100_T10000_std_lr0.01_s1_vzero,0.213794
647000,A_w100_T10000_std_lr0.01_s2_vzero,1.62111e-10
647000,A_w100_T10000_std_lr0.01_s3_vzero,0.295308
647000,A_w100_T10000_std_lr0.01_s4_vzero,0.0264652
647000,A_w100_T10000_std_lr0.01_s5_vzero,1.12786e-12
647000,A_w100_T10000_std_lr0.01_s6_vzero,0.0307784
647000,A_w100_T10000_std_lr0.01_s7_vzero,0.518445
647000,A_w100_T10000_std_lr0.01_s8_vzero,0.116955
647000,A_w100_T10000_std_lr0.01_s9_vzero,0.188971
648000,A_w100_T10000_std_lr0.01_s0_vzero,0.360539
648000,A_w100_T10000_std_lr0.01_s1_vzero,0.188771
648000,A_w100_T10000_std_lr0.01_s2_vzero,2.09653e-11
648000,A_w100_T10000_std_lr0.01_s3_vzero,0.285232
648000,A_w100_T10000_std_lr0.01_s4_vzero,0.0170413
648000,A_w100_T10000_std_lr0.01_s5_vzero,3.55229e-13
648000,A_w100_T10000_std_lr0.01_s6_vzero,0.0259962
648000,A_w100_T10000_std_lr0.01_s7_vzero,0.459843
648000,A_w100_T10000_std_lr0.01_s8_vzero,0.094308
648000,A_w100_T10000_std_lr0.01_s9_vzero,0.165274
649000,A_w100_T10000_std_lr0.01_s0_vzero,0.33834
649000,A_w100_T10000_std_lr0.01_s1_vzero,0.215306
649000,A_w100_T10000_std_lr0.01_s2_vzero,3.009e-12
649000,A_w100_T10000_std_lr0.01_s3_vzero,0.313506
649000,A_w100_T10000_std_lr0.01_s4_vzero,0.0130066
649000,A_w100_T10000_std_lr0.01_s5_vzero,2.32717e-13
649000,A_w100_T10000_std_lr0.01_s6_vzero,0.0244056
649000,A_w100_T10000_std_lr0.01_s7_vzero,0.38517
649000,A_w100_T10000_std_lr0.01_s8_vzero,0.0808231
649000,A_w100_T10000_std_lr0.01_s9_vzero,0.112051
650000,A_w100_T10000_std_lr0.01_s0_vzero,0.330289
650000,A_w100_T10000_std_lr0.01_s1_vzero,0.191682
650000,A_w100_T10000_std_lr0.01_s2_vzero,7.48589e-13
650000,A_w100_T10000_std_lr0.01_s3_vzero,0.32344
650000,A_w100_T10000_std_lr0.01_s4_vzero,0.0125728
650000,A_w100_T10000_std_lr0.01_s5_vzero,1.97858e-13
650000,A_w100_T10000_std_lr0.01_s6_vzero,0.0164739
650000,A_w100_T10000_std_lr0.01_s7_vzero,0.315037
650000,A_w100_T10000_std_lr0.01_s8_vzero,0.0533312
650000,A_w100_T10000_std_lr0.01_s9_vzero,0.0704943
651000,A_w100_T10000_std_lr0.01_s0_vzero,0.861741
651000,A_w100_T10000_std_lr0.01_s1_vzero,0.790099
651000,A_w100_T10000_std_lr0.01_s2_vzero,0.137221
651000,A_w100_T10000_std_lr0.01_s3_vzero,0.779541
651000,A_w100_T10000_std_lr0.01_s4_vzero,0.498538
651000,A_w100_T10000_std_lr0.01_s5_vzero,0.285117
651000,A_w100_T10000_std_lr0.01_s6_vzero,0.605322
651000,A_w100_T10000_std_lr0.01_s7_vzero,1.13336
651000,A_w100_T10000_std_lr0.01_s8_vzero,0.679003
651000,A_w100_T10000_std_lr0.01_s9_vzero,0.818697
652000,A_w100_T10000_std_lr0.01_s0_vzero,0.781258
652000,A_w100_T10000_std_lr0.01_s1_vzero,0.596767
652000,A_w100_T10000_std_lr0.01_s2_vzero,0.0154315
652000,A_w100_T10000_std_lr0.01_s3_vzero,0.563337
652000,A_w100_T10000_std_lr0.01_s4_vzero,0.217748
652000,A_w100_T10000_std_lr0.01_s5_vzero,0.0227682
652000,A_w100_T10000_std_lr0.01_s6_vzero,0.268366
652000,A_w100_T10000_std_lr0.01_s7_vzero,0.614993
652000,A_w100_T10000_std_lr0.01_s8_vzero,0.272221
652000,A_w100_T10000_std_lr0.01_s9_vzero,0.496992
653000,A_w100_T10000_std_lr0.01_s0_vzero,0.727829
653000,A_w100_T10000_std_lr0.01_s1_vzero,0.471324
653000,A_w100_T10000_std_lr0.01_s2_vzero,0.00444607
653000,A_w100_T10000_std_lr0.01_s3_vzero,0.598008
653000,A_w100_T10000_std_lr0.01_s4_vzero,0.165211
653000,A_w100_T10000_std_lr0.01_s5_vzero,0.00478031
653000,A_w100_T10000_std_lr0.01_s6_vzero,0.181354
653000,A_w100_T10000_std_lr0.01_s7_vzero,0.524332
653000,A_w100_T10000_std_lr0.01_s8_vzero,0.224767
653000,A_w100_T10000_std_lr0.01_s9_vzero,0.392746
654000,A_w100_T10000_std_lr0.01_s0_vzero,0.726121
654000,A_w100_T10000_std_lr0.01_s1_vzero,0.478375
654000,A_w100_T10000_std_lr0.01_s2_vzero,0.00149033
654000,A_w100_T10000_std_lr0.01_s3_vzero,0.57712
654000,A_w100_T10000_std_lr0.01_s4_vzero,0.144203
654000,A_w100_T10000_std_lr0.01_s5_vzero,0.00131728
654000,A_w100_T10000_std_lr0.01_s6_vzero,0.108872
654000,A_w100_T10000_std_lr0.01_s7_vzero,0.406441
654000,A_w100_T10000_std_lr0.01_s8_vzero,0.153986
654000,A_w100_T10000_std_lr0.01_s9_vzero,0.341344
655000,A_w100_T10000_std_lr0.01_s0_vzero,0.673325
655000,A_w100_T10000_std_lr0.01_s1_vzero,0.458163
655000,A_w100_T10000_std_lr0.01_s2_vzero,0.000628135
655000,A_w100_T10000_std_lr0.01_s3_vzero,0.560067
655000,A_w100_T10000_std_lr0.01_s4_vzero,0.136109
655000,A_w100_T10000_std_lr0.01_s5_vzero,0.000338145
655000,A_w100_T10000_std_lr0.01_s6_vzero,0.0841722
655000,A_w100_T10000_std_lr0.01_s7_vzero,0.38726
655000,A_w100_T10000_std_lr0.01_s8_vzero,0.141758
655000,A_w100_T10000_std_lr0.01_s9_vzero,0.30214
656000,A_w100_T10000_std_lr0.01_s0_vzero,0.70033
656000,A_w100_T10000_std_lr0.01_s1_vzero,0.4678
656000,A_w100_T10000_std_lr0.01_s2_vzero,0.000269741
656000,A_w100_T10000_std_lr0.01_s3_vzero,0.544227
656000,A_w100_T10000_std_lr0.01_s4_vzero,0.114096
656000,A_w100_T10000_std_lr0.01_s5_vzero,6.28741e-05
656000,A_w100_T10000_std_lr0.01_s6_vzero,0.0645755
656000,A_w100_T10000_std_lr0.01_s7_vzero,0.352634
656000,A_w100_T10000_std_lr0.01_s8_vzero,0.111247
656000,A_w100_T10000_std_lr0.01_s9_vzero,0.32375
657000,A_w100_T10000_std_lr0.01_s0_vzero,0.725368
657000,A_w100_T10000_std_lr0.01_s1_vzero,0.483678
657000,A_w100_T10000_std_lr0.01_s2_vzero,0.000100151
657000,A_w100_T10000_std_lr0.01_s3_vzero,0.520581
657000,A_w100_T10000_std_lr0.01_s4_vzero,0.0989842
657000,A_w100_T10000_std_lr0.01_s5_vzero,1.194e-05
657000,A_w100_T10000_std_lr0.01_s6_vzero,0.0547183
657000,A_w100_T10000_std_lr0.01_s7_vzero,0.381297
657000,A_w100_T10000_std_lr0.01_s8_vzero,0.101353
657000,A_w100_T10000_std_lr0.01_s9_vzero,0.264612
658000,A_w100_T10000_std_lr0.01_s0_vzero,0.664425
658000,A_w100_T10000_std_lr0.01_s1_vzero,0.456239
658000,A_w100_T10000_std_lr0.01_s2_vzero,4.21398e-05
658000,A_w100_T10000_std_lr0.01_s3_vzero,0.486223
658000,A_w100_T10000_std_lr0.01_s4_vzero,0.0990688
658000,A_w100_T10000_std_lr0.01_s5_vzero,1.98969e-06
658000,A_w100_T10000_std_lr0.01_s6_vzero,0.0529517
658000,A_w100_T10000_std_lr0.01_s7_vzero,0.328353
658000,A_w100_T10000_std_lr0.01_s8_vzero,0.0910477
658000,A_w100_T10000_std_lr0.01_s9_vzero,0.282187
659000,A_w100_T10000_std_lr0.01_s0_vzero,0.63775
659000,A_w100_T10000_std_lr0.01_s1_vzero,0.45127
659000,A_w100_T10000_std_lr0.01_s2_vzero,1.66293e-05
659000,A_w100_T10000_std_lr0.01_s3_vzero,0.48262
659000,A_w100_T10000_std_lr0.01_s4_vzero,0.0886025
659000,A_w100_T10000_std_lr0.01_s5_vzero,5.69439e-07
659000,A_w100_T10000_std_lr0.01_s6_vzero,0.0841442
659000,A_w100_T10000_std_lr0.01_s7_vzero,0.363829
659000,A_w100_T10000_std_lr0.01_s8_vzero,0.0710233
659000,A_w100_T10000_std_lr0.01_s9_vzero,0.26226
660000,A_w100_T10000_std_lr0.01_s0_vzero,0.692558
660000,A_w100_T10000_std_lr0.01_s1_vzero,0.484593
660000,A_w100_T10000_std_lr0.01_s2_vzero,6.63285e-06
660000,A_w100_T10000_std_lr0.01_s3_vzero,0.459879
660000,A_w100_T10000_std_lr0.01_s4_vzero,0.0780148
660000,A_w100_T10000_std_lr0.01_s5_vzero,1.07146e-07
660000,A_w100_T10000_std_lr0.01_s6_vzero,0.0332021
660000,A_w100_T10000_std_lr0.01_s7_vzero,0.305037
660000,A_w100_T10000_std_lr0.01_s8_vzero,0.071126
660000,A_w100_T10000_std_lr0.01_s9_vzero,0.240244
661000,A_w100_T10000_std_lr0.01_s0_vzero,1.02223
661000,A_w100_T10000_std_lr0.01_s1_vzero,0.536948
661000,A_w100_T10000_std_lr0.01_s2_vzero,0.201458
661000,A_w100_T10000_std_lr0.01_s3_vzero,0.658454
661000,A_w100_T10000_std_lr0.01_s4_vzero,0.805644
661000,A_w100_T10000_std_lr0.01_s5_vzero,0.577684
661000,A_w100_T10000_std_lr0.01_s6_vzero,0.661412
661000,A_w100_T10000_std_lr0.01_s7_vzero,1.14711
661000,A_w100_T10000_std_lr0.01_s8_vzero,0.48208
661000,A_w100_T10000_std_lr0.01_s9_vzero,0.897621
662000,A_w100_T10000_std_lr0.01_s0_vzero,0.613436
662000,A_w100_T10000_std_lr0.01_s1_vzero,0.295867
662000,A_w100_T10000_std_lr0.01_s2_vzero,0.0217909
662000,A_w100_T10000_std_lr0.01_s3_vzero,0.410322
662000,A_w100_T10000_std_lr0.01_s4_vzero,0.456061
662000,A_w100_T10000_std_lr0.01_s5_vzero,0.123066
662000,A_w100_T10000_std_lr0.01_s6_vzero,0.125336
662000,A_w100_T10000_std_lr0.01_s7_vzero,0.731822
662000,A_w100_T10000_std_lr0.01_s8_vzero,0.310962
662000,A_w100_T10000_std_lr0.01_s9_vzero,0.636721
663000,A_w100_T10000_std_lr0.01_s0_vzero,0.579804
663000,A_w100_T10000_std_lr0.01_s1_vzero,0.178074
663000,A_w100_T10000_std_lr0.01_s2_vzero,0.00428838
663000,A_w100_T10000_std_lr0.01_s3_vzero,0.35975
663000,A_w100_T10000_std_lr0.01_s4_vzero,0.419369
663000,A_w100_T10000_std_lr0.01_s5_vzero,0.0552203
663000,A_w100_T10000_std_lr0.01_s6_vzero,0.0477272
663000,A_w100_T10000_std_lr0.01_s7_vzero,0.692924
663000,A_w100_T10000_std_lr0.01_s8_vzero,0.283595
663000,A_w100_T10000_std_lr0.01_s9_vzero,0.502991
664000,A_w100_T10000_std_lr0.01_s0_vzero,0.563661
664000,A_w100_T10000_std_lr0.01_s1_vzero,0.127373
664000,A_w100_T10000_std_lr0.01_s2_vzero,0.00124091
664000,A_w100_T10000_std_lr0.01_s3_vzero,0.295563
664000,A_w100_T10000_std_lr0.01_s4_vzero,0.365316
664000,A_w100_T10000_std_lr0.01_s5_vzero,0.0232617
664000,A_w100_T10000_std_lr0.01_s6_vzero,0.0217039
664000,A_w100_T10000_std_lr0.01_s7_vzero,0.668933
664000,A_w100_T10000_std_lr0.01_s8_vzero,0.194638
664000,A_w100_T10000_std_lr0.01_s9_vzero,0.44786
665000,A_w100_T10000_std_lr0.01_s0_vzero,0.5342
665000,A_w100_T10000_std_lr0.01_s1_vzero,0.102227
665000,A_w100_T10000_std_lr0.01_s2_vzero,0.000258213
665000,A_w100_T10000_std_lr0.01_s3_vzero,0.286785
665000,A_w100_T10000_std_lr0.01_s4_vzero,0.280749
665000,A_w100_T10000_std_lr0.01_s5_vzero,0.00865858
665000,A_w100_T10000_std_lr0.01_s6_vzero,0.00985056
665000,A_w100_T10000_std_lr0.01_s7_vzero,0.70132
665000,A_w100_T10000_std_lr0.01_s8_vzero,0.190717
665000,A_w100_T10000_std_lr0.01_s9_vzero,0.349548
666000,A_w100_T10000_std_lr0.01_s0_vzero,0.563376
666000,A_w100_T10000_std_lr0.01_s1_vzero,0.0983337
666000,A_w100_T10000_std_lr0.01_s2_vzero,9.01422e-05
666000,A_w100_T10000_std_lr0.01_s3_vzero,0.321836
666000,A_w100_T10000_std_lr0.01_s4_vzero,0.254233
666000,A_w100_T10000_std_lr0.01_s5_vzero,0.0036687
666000,A_w100_T10000_std_lr0.01_s6_vzero,0.00642309
666000,A_w100_T10000_std_lr0.01_s7_vzero,0.647557
666000,A_w100_T10000_std_lr0.01_s8_vzero,0.186499
666000,A_w100_T10000_std_lr0.01_s9_vzero,0.417427
667000,A_w100_T10000_std_lr0.01_s0_vzero,0.502059
667000,A_w100_T10000_std_lr0.01_s1_vzero,0.0768938
667000,A_w100_T10000_std_lr0.01_s2_vzero,2.75745e-05
667000,A_w100_T10000_std_lr0.01_s3_vzero,0.305437
667000,A_w100_T10000_std_lr0.01_s4_vzero,0.263855
667000,A_w100_T10000_std_lr0.01_s5_vzero,0.00120405
667000,A_w100_T10000_std_lr0.01_s6_vzero,0.00423438
667000,A_w100_T10000_std_lr0.01_s7_vzero,0.623307
667000,A_w100_T10000_std_lr0.01_s8_vzero,0.120548
667000,A_w100_T10000_std_lr0.01_s9_vzero,0.346438
668000,A_w100_T10000_std_lr0.01_s0_vzero,0.519346
668000,A_w100_T10000_std_lr0.01_s1_vzero,0.0571724
668000,A_w100_T10000_std_lr0.01_s2_vzero,7.87447e-06
668000,A_w100_T10000_std_lr0.01_s3_vzero,0.273714
668000,A_w100_T10000_std_lr0.01_s4_vzero,0.243715
668000,A_w100_T10000_std_lr0.01_s5_vzero,0.000285599
668000,A_w100_T10000_std_lr0.01_s6_vzero,0.00296518
668000,A_w100_T10000_std_lr0.01_s7_vzero,0.720543
668000,A_w100_T10000_std_lr0.01_s8_vzero,0.103782
668000,A_w100_T10000_std_lr0.01_s9_vzero,0.356689
669000,A_w100_T10000_std_lr0.01_s0_vzero,0.503449
669000,A_w100_T10000_std_lr0.01_s1_vzero,0.0477531
669000,A_w100_T10000_std_lr0.01_s2_vzero,2.48701e-06
669000,A_w100_T10000_std_lr0.01_s3_vzero,0.260945
669000,A_w100_T10000_std_lr0.01_s4_vzero,0.224229
669000,A_w100_T10000_std_lr0.01_s5_vzero,0.000171786
669000,A_w100_T10000_std_lr0.01_s6_vzero,0.00223131
669000,A_w100_T10000_std_lr0.01_s7_vzero,0.768565
669000,A_w100_T10000_std_lr0.01_s8_vzero,0.0793858
669000,A_w100_T10000_std_lr0.01_s9_vzero,0.332785
670000,A_w100_T10000_std_lr0.01_s0_vzero,0.513891
670000,A_w100_T10000_std_lr0.01_s1_vzero,0.0384631
670000,A_w100_T10000_std_lr0.01_s2_vzero,8.86704e-07
670000,A_w100_T10000_std_lr0.01_s3_vzero,0.253215
670000,A_w100_T10000_std_lr0.01_s4_vzero,0.204362
670000,A_w100_T10000_std_lr0.01_s5_vzero,5.56924e-05
670000,A_w100_T10000_std_lr0.01_s6_vzero,0.00141621
670000,A_w100_T10000_std_lr0.01_s7_vzero,0.641805
670000,A_w100_T10000_std_lr0.01_s8_vzero,0.0791822
670000,A_w100_T10000_std_lr0.01_s9_vzero,0.314835
671000,A_w100_T10000_std_lr0.01_s0_vzero,0.438799
671000,A_w100_T10000_std_lr0.01_s1_vzero,0.497601
671000,A_w100_T10000_std_lr0.01_s2_vzero,0.145569
671000,A_w100_T10000_std_lr0.01_s3_vzero,0.545937
671000,A_w100_T10000_std_lr0.01_s4_vzero,0.833867
671000,A_w100_T10000_std_lr0.01_s5_vzero,0.375616
671000,A_w100_T10000_std_lr0.01_s6_vzero,0.36822
671000,A_w100_T10000_std_lr0.01_s7_vzero,1.1769
671000,A_w100_T10000_std_lr0.01_s8_vzero,0.812925
671000,A_w100_T10000_std_lr0.01_s9_vzero,0.796494
672000,A_w100_T10000_std_lr0.01_s0_vzero,0.298314
672000,A_w100_T10000_std_lr0.01_s1_vzero,0.350843
672000,A_w100_T10000_std_lr0.01_s2_vzero,0.00669161
672000,A_w100_T10000_std_lr0.01_s3_vzero,0.330859
672000,A_w100_T10000_std_lr0.01_s4_vzero,0.574335
672000,A_w100_T10000_std_lr0.01_s5_vzero,0.0580845
672000,A_w100_T10000_std_lr0.01_s6_vzero,0.082871
672000,A_w100_T10000_std_lr0.01_s7_vzero,0.65512
672000,A_w100_T10000_std_lr0.01_s8_vzero,0.376088
672000,A_w100_T10000_std_lr0.01_s9_vzero,0.403687
673000,A_w100_T10000_std_lr0.01_s0_vzero,0.262268
673000,A_w100_T10000_std_lr0.01_s1_vzero,0.295441
673000,A_w100_T10000_std_lr0.01_s2_vzero,0.00134775
673000,A_w100_T10000_std_lr0.01_s3_vzero,0.260103
673000,A_w100_T10000_std_lr0.01_s4_vzero,0.512873
673000,A_w100_T10000_std_lr0.01_s5_vzero,0.023185
673000,A_w100_T10000_std_lr0.01_s6_vzero,0.0382084
673000,A_w100_T10000_std_lr0.01_s7_vzero,0.453925
673000,A_w100_T10000_std_lr0.01_s8_vzero,0.256986
673000,A_w100_T10000_std_lr0.01_s9_vzero,0.329726
674000,A_w100_T10000_std_lr0.01_s0_vzero,0.224756
674000,A_w100_T10000_std_lr0.01_s1_vzero,0.32304
674000,A_w100_T10000_std_lr0.01_s2_vzero,0.000304597
674000,A_w100_T10000_std_lr0.01_s3_vzero,0.207086
674000,A_w100_T10000_std_lr0.01_s4_vzero,0.492576
674000,A_w100_T10000_std_lr0.01_s5_vzero,0.0105083
674000,A_w100_T10000_std_lr0.01_s6_vzero,0.0305645
674000,A_w100_T10000_std_lr0.01_s7_vzero,0.316888
674000,A_w100_T10000_std_lr0.01_s8_vzero,0.209138
674000,A_w100_T10000_std_lr0.01_s9_vzero,0.296503
675000,A_w100_T10000_std_lr0.01_s0_vzero,0.219987
675000,A_w100_T10000_std_lr0.01_s1_vzero,0.294728
675000,A_w100_T10000_std_lr0.01_s2_vzero,8.72628e-05
675000,A_w100_T10000_std_lr0.01_s3_vzero,0.161857
675000,A_w100_T10000_std_lr0.01_s4_vzero,0.522498
675000,A_w100_T10000_std_lr0.01_s5_vzero,0.00513141
675000,A_w100_T10000_std_lr0.01_s6_vzero,0.0200911
675000,A_w100_T10000_std_lr0.01_s7_vzero,0.233012
675000,A_w100_T10000_std_lr0.01_s8_vzero,0.189366
675000,A_w100_T10000_std_lr0.01_s9_vzero,0.218113
676000,A_w100_T10000_std_lr0.01_s0_vzero,0.229989
676000,A_w100_T10000_std_lr0.01_s1_vzero,0.305073
676000,A_w100_T10000_std_lr0.01_s2_vzero,2.4644e-05
676000,A_w100_T10000_std_lr0.01_s3_vzero,0.134739
676000,A_w100_T10000_std_lr0.01_s4_vzero,0.408134
676000,A_w100_T10000_std_lr0.01_s5_vzero,0.00380649
676000,A_w100_T10000_std_lr0.01_s6_vzero,0.0130236
676000,A_w100_T10000_std_lr0.01_s7_vzero,0.186508
676000,A_w100_T10000_std_lr0.01_s8_vzero,0.160874
676000,A_w100_T10000_std_lr0.01_s9_vzero,0.223987
677000,A_w100_T10000_std_lr0.01_s0_vzero,0.208087
677000,A_w100_T10000_std_lr0.01_s1_vzero,0.293185
677000,A_w100_T10000_std_lr0.01_s2_vzero,7.9176e-06
677000,A_w100_T10000_std_lr0.01_s3_vzero,0.134087
677000,A_w100_T10000_std_lr0.01_s4_vzero,0.369368
677000,A_w100_T10000_std_lr0.01_s5_vzero,0.00298182
677000,A_w100_T10000_std_lr0.01_s6_vzero,0.00895358
677000,A_w100_T10000_std_lr0.01_s7_vzero,0.199606
677000,A_w100_T10000_std_lr0.01_s8_vzero,0.158049
677000,A_w100_T10000_std_lr0.01_s9_vzero,0.202697
678000,A_w100_T10000_std_lr0.01_s0_vzero,0.215471
678000,A_w100_T10000_std_lr0.01_s1_vzero,0.295542
678000,A_w100_T10000_std_lr0.01_s2_vzero,3.20859e-06
678000,A_w100_T10000_std_lr0.01_s3_vzero,0.134566
678000,A_w100_T10000_std_lr0.01_s4_vzero,0.354563
678000,A_w100_T10000_std_lr0.01_s5_vzero,0.00211831
678000,A_w100_T10000_std_lr0.01_s6_vzero,0.00614214
678000,A_w100_T10000_std_lr0.01_s7_vzero,0.147252
678000,A_w100_T10000_std_lr0.01_s8_vzero,0.151096
678000,A_w100_T10000_std_lr0.01_s9_vzero,0.184702
679000,A_w100_T10000_std_lr0.01_s0_vzero,0.208105
679000,A_w100_T10000_std_lr0.01_s1_vzero,0.284659
679000,A_w100_T10000_std_lr0.01_s2_vzero,1.14139e-06
679000,A_w100_T10000_std_lr0.01_s3_vzero,0.11922
679000,A_w100_T10000_std_lr0.01_s4_vzero,0.389511
679000,A_w100_T10000_std_lr0.01_s5_vzero,0.00152759
679000,A_w100_T10000_std_lr0.01_s6_vzero,0.00519983
679000,A_w100_T10000_std_lr0.01_s7_vzero,0.1405
679000,A_w100_T10000_std_lr0.01_s8_vzero,0.148876
679000,A_w100_T10000_std_lr0.01_s9_vzero,0.153121
680000,A_w100_T10000_std_lr0.01_s0_vzero,0.196585
680000,A_w100_T10000_std_lr0.01_s1_vzero,0.304287
680000,A_w100_T10000_std_lr0.01_s2_vzero,3.89801e-07
680000,A_w100_T10000_std_lr0.01_s3_vzero,0.100336
680000,A_w100_T10000_std_lr0.01_s4_vzero,0.3034
680000,A_w100_T10000_std_lr0.01_s5_vzero,0.00107668
680000,A_w100_T10000_std_lr0.01_s6_vzero,0.0028378
680000,A_w100_T10000_std_lr0.01_s7_vzero,0.151244
680000,A_w100_T10000_std_lr0.01_s8_vzero,0.141431
680000,A_w100_T10000_std_lr0.01_s9_vzero,0.0967459
681000,A_w100_T10000_std_lr0.01_s0_vzero,0.683078
681000,A_w100_T10000_std_lr0.01_s1_vzero,0.575851
681000,A_w100_T10000_std_lr0.01_s2_vzero,0.195645
681000,A_w100_T10000_std_lr0.01_s3_vzero,0.51643
681000,A_w100_T10000_std_lr0.01_s4_vzero,0.479254
681000,A_w100_T10000_std_lr0.01_s5_vzero,0.443313
681000,A_w100_T10000_std_lr0.01_s6_vzero,0.269853
681000,A_w100_T10000_std_lr0.01_s7_vzero,0.67013
681000,A_w100_T10000_std_lr0.01_s8_vzero,0.691001
681000,A_w100_T10000_std_lr0.01_s9_vzero,1.42284
682000,A_w100_T10000_std_lr0.01_s0_vzero,0.58899
682000,A_w100_T10000_std_lr0.01_s1_vzero,0.285884
682000,A_w100_T10000_std_lr0.01_s2_vzero,0.0603338
682000,A_w100_T10000_std_lr0.01_s3_vzero,0.0591298
682000,A_w100_T10000_std_lr0.01_s4_vzero,0.104302
682000,A_w100_T10000_std_lr0.01_s5_vzero,0.140215
682000,A_w100_T10000_std_lr0.01_s6_vzero,0.048011
682000,A_w100_T10000_std_lr0.01_s7_vzero,0.370019
682000,A_w100_T10000_std_lr0.01_s8_vzero,0.471239
682000,A_w100_T10000_std_lr0.01_s9_vzero,0.775166
683000,A_w100_T10000_std_lr0.01_s0_vzero,0.576782
683000,A_w100_T10000_std_lr0.01_s1_vzero,0.24426
683000,A_w100_T10000_std_lr0.01_s2_vzero,0.0429371
683000,A_w100_T10000_std_lr0.01_s3_vzero,0.0161057
683000,A_w100_T10000_std_lr0.01_s4_vzero,0.0535563
683000,A_w100_T10000_std_lr0.01_s5_vzero,0.0772178
683000,A_w100_T10000_std_lr0.01_s6_vzero,0.0144759
683000,A_w100_T10000_std_lr0.01_s7_vzero,0.354841
683000,A_w100_T10000_std_lr0.01_s8_vzero,0.45424
683000,A_w100_T10000_std_lr0.01_s9_vzero,0.692697
684000,A_w100_T10000_std_lr0.01_s0_vzero,0.526385
684000,A_w100_T10000_std_lr0.01_s1_vzero,0.170232
684000,A_w100_T10000_std_lr0.01_s2_vzero,0.0238939
684000,A_w100_T10000_std_lr0.01_s3_vzero,0.00568091
684000,A_w100_T10000_std_lr0.01_s4_vzero,0.037694
684000,A_w100_T10000_std_lr0.01_s5_vzero,0.0335308
684000,A_w100_T10000_std_lr0.01_s6_vzero,0.00578382
684000,A_w100_T10000_std_lr0.01_s7_vzero,0.352436
684000,A_w100_T10000_std_lr0.01_s8_vzero,0.346976
684000,A_w100_T10000_std_lr0.01_s9_vzero,0.665428
685000,A_w100_T10000_std_lr0.01_s0_vzero,0.457526
685000,A_w100_T10000_std_lr0.01_s1_vzero,0.130098
685000,A_w100_T10000_std_lr0.01_s2_vzero,0.0158848
685000,A_w100_T10000_std_lr0.01_s3_vzero,0.00283736
685000,A_w100_T10000_std_lr0.01_s4_vzero,0.0279225
685000,A_w100_T10000_std_lr0.01_s5_vzero,0.0144045
685000,A_w100_T10000_std_lr0.01_s6_vzero,0.0026054
685000,A_w100_T10000_std_lr0.01_s7_vzero,0.282731
685000,A_w100_T10000_std_lr0.01_s8_vzero,0.321977
685000,A_w100_T10000_std_lr0.01_s9_vzero,0.568081
686000,A_w100_T10000_std_lr0.01_s0_vzero,0.439915
686000,A_w100_T10000_std_lr0.01_s1_vzero,0.110548
686000,A_w100_T10000_std_lr0.01_s2_vzero,0.00967407
686000,A_w100_T10000_std_lr0.01_s3_vzero,0.00232867
686000,A_w100_T10000_std_lr0.01_s4_vzero,0.0277808
686000,A_w100_T10000_std_lr0.01_s5_vzero,0.00646677
686000,A_w100_T10000_std_lr0.01_s6_vzero,0.0012756
686000,A_w100_T10000_std_lr0.01_s7_vzero,0.265839
686000,A_w100_T10000_std_lr0.01_s8_vzero,0.235955
686000,A_w100_T10000_std_lr0.01_s9_vzero,0.520964
687000,A_w100_T10000_std_lr0.01_s0_vzero,0.454579
687000,A_w100_T10000_std_lr0.01_s1_vzero,0.0818487
687000,A_w100_T10000_std_lr0.01_s2_vzero,0.00582523
687000,A_w100_T10000_std_lr0.01_s3_vzero,0.00159174
687000,A_w100_T10000_std_lr0.01_s4_vzero,0.0266885
687000,A_w100_T10000_std_lr0.01_s5_vzero,0.00324718
687000,A_w100_T10000_std_lr0.01_s6_vzero,0.000623858
687000,A_w100_T10000_std_lr0.01_s7_vzero,0.217006
687000,A_w100_T10000_std_lr0.01_s8_vzero,0.218483
687000,A_w100_T10000_std_lr0.01_s9_vzero,0.530529
688000,A_w100_T10000_std_lr0.01_s0_vzero,0.508929
688000,A_w100_T10000_std_lr0.01_s1_vzero,0.0670466
688000,A_w100_T10000_std_lr0.01_s2_vzero,0.00387382
688000,A_w100_T10000_std_lr0.01_s3_vzero,0.00142544
688000,A_w100_T10000_std_lr0.01_s4_vzero,0.0204924
688000,A_w100_T10000_std_lr0.01_s5_vzero,0.00152131
688000,A_w100_T10000_std_lr0.01_s6_vzero,0.000301643
688000,A_w100_T10000_std_lr0.01_s7_vzero,0.194131
688000,A_w100_T10000_std_lr0.01_s8_vzero,0.206315
688000,A_w100_T10000_std_lr0.01_s9_vzero,0.515459
689000,A_w100_T10000_std_lr0.01_s0_vzero,0.515725
689000,A_w100_T10000_std_lr0.01_s1_vzero,0.0531253
689000,A_w100_T10000_std_lr0.01_s2_vzero,0.00274375
689000,A_w100_T10000_std_lr0.01_s3_vzero,0.00111798
689000,A_w100_T10000_std_lr0.01_s4_vzero,0.0191166
689000,A_w100_T10000_std_lr0.01_s5_vzero,0.000927333
689000,A_w100_T10000_std_lr0.01_s6_vzero,0.000101512
689000,A_w100_T10000_std_lr0.01_s7_vzero,0.186979
689000,A_w100_T10000_std_lr0.01_s8_vzero,0.120942
689000,A_w100_T10000_std_lr0.01_s9_vzero,0.50803
690000,A_w100_T10000_std_lr0.01_s0_vzero,0.482556
690000,A_w100_T10000_std_lr0.01_s1_vzero,0.0450302
690000,A_w100_T10000_std_lr0.01_s2_vzero,0.00163411
690000,A_w100_T10000_std_lr0.01_s3_vzero,0.00121836
690000,A_w100_T10000_std_lr0.01_s4_vzero,0.0211945
690000,A_w100_T10000_std_lr0.01_s5_vzero,0.000541544
690000,A_w100_T10000_std_lr0.01_s6_vzero,2.45055e-05
690000,A_w100_T10000_std_lr0.01_s7_vzero,0.173653
690000,A_w100_T10000_std_lr0.01_s8_vzero,0.161355
690000,A_w100_T10000_std_lr0.01_s9_vzero,0.515433
691000,A_w100_T10000_std_lr0.01_s0_vzero,0.718074
691000,A_w100_T10000_std_lr0.01_s1_vzero,0.52574
691000,A_w100_T10000_std_lr0.01_s2_vzero,0.209596
691000,A_w100_T10000_std_lr0.01_s3_vzero,0.959719
691000,A_w100_T10000_std_lr0.01_s4_vzero,1.10702
691000,A_w100_T10000_std_lr0.01_s5_vzero,0.273122
691000,A_w100_T10000_std_lr0.01_s6_vzero,0.373064
691000,A_w100_T10000_std_lr0.01_s7_vzero,0.417123
691000,A_w100_T10000_std_lr0.01_s8_vzero,0.728369
691000,A_w100_T10000_std_lr0.01_s9_vzero,0.520423
692000,A_w100_T10000_std_lr0.01_s0_vzero,0.384234
692000,A_w100_T10000_std_lr0.01_s1_vzero,0.177861
692000,A_w100_T10000_std_lr0.01_s2_vzero,0.0672668
692000,A_w100_T10000_std_lr0.01_s3_vzero,0.446301
692000,A_w100_T10000_std_lr0.01_s4_vzero,0.555769
692000,A_w100_T10000_std_lr0.01_s5_vzero,0.062115
692000,A_w100_T10000_std_lr0.01_s6_vzero,0.153463
692000,A_w100_T10000_std_lr0.01_s7_vzero,0.169945
692000,A_w100_T10000_std_lr0.01_s8_vzero,0.361042
692000,A_w100_T10000_std_lr0.01_s9_vzero,0.166647
693000,A_w100_T10000_std_lr0.01_s0_vzero,0.346125
693000,A_w100_T10000_std_lr0.01_s1_vzero,0.154572
693000,A_w100_T10000_std_lr0.01_s2_vzero,0.0262431
693000,A_w100_T10000_std_lr0.01_s3_vzero,0.282289
693000,A_w100_T10000_std_lr0.01_s4_vzero,0.403984
693000,A_w100_T10000_std_lr0.01_s5_vzero,0.0275843
693000,A_w100_T10000_std_lr0.01_s6_vzero,0.108455
693000,A_w100_T10000_std_lr0.01_s7_vzero,0.106592
693000,A_w100_T10000_std_lr0.01_s8_vzero,0.342285
693000,A_w100_T10000_std_lr0.01_s9_vzero,0.0675064
694000,A_w100_T10000_std_lr0.01_s0_vzero,0.331777
694000,A_w100_T10000_std_lr0.01_s1_vzero,0.122381
694000,A_w100_T10000_std_lr0.01_s2_vzero,0.0140099
694000,A_w100_T10000_std_lr0.01_s3_vzero,0.224776
694000,A_w100_T10000_std_lr0.01_s4_vzero,0.255357
694000,A_w100_T10000_std_lr0.01_s5_vzero,0.0188692
694000,A_w100_T10000_std_lr0.01_s6_vzero,0.0889096
694000,A_w100_T10000_std_lr0.01_s7_vzero,0.101142
694000,A_w100_T10000_std_lr0.01_s8_vzero,0.301803
694000,A_w100_T10000_std_lr0.01_s9_vzero,0.046865
695000,A_w100_T10000_std_lr0.01_s0_vzero,0.320732
695000,A_w100_T10000_std_lr0.01_s1_vzero,0.103057
695000,A_w100_T10000_std_lr0.01_s2_vzero,0.00802509
695000,A_w100_T10000_std_lr0.01_s3_vzero,0.191232
695000,A_w100_T10000_std_lr0.01_s4_vzero,0.19199
695000,A_w100_T10000_std_lr0.01_s5_vzero,0.0143364
695000,A_w100_T10000_std_lr0.01_s6_vzero,0.0582807
695000,A_w100_T10000_std_lr0.01_s7_vzero,0.0928236
695000,A_w100_T10000_std_lr0.01_s8_vzero,0.254755
695000,A_w100_T10000_std_lr0.01_s9_vzero,0.0350744
696000,A_w100_T10000_std_lr0.01_s0_vzero,0.315436
696000,A_w100_T10000_std_lr0.01_s1_vzero,0.0818238
696000,A_w100_T10000_std_lr0.01_s2_vzero,0.00560274
696000,A_w100_T10000_std_lr0.01_s3_vzero,0.189834
696000,A_w100_T10000_std_lr0.01_s4_vzero,0.19081
696000,A_w100_T10000_std_lr0.01_s5_vzero,0.0121681
696000,A_w100_T10000_std_lr0.01_s6_vzero,0.0584635
696000,A_w100_T10000_std_lr0.01_s7_vzero,0.0906916
696000,A_w100_T10000_std_lr0.01_s8_vzero,0.238664
696000,A_w100_T10000_std_lr0.01_s9_vzero,0.0279395
697000,A_w100_T10000_std_lr0.01_s0_vzero,0.351823
697000,A_w100_T10000_std_lr0.01_s1_vzero,0.0807477
697000,A_w100_T10000_std_lr0.01_s2_vzero,0.00298279
697000,A_w100_T10000_std_lr0.01_s3_vzero,0.186437
697000,A_w100_T10000_std_lr0.01_s4_vzero,0.157792
697000,A_w100_T10000_std_lr0.01_s5_vzero,0.0107458
697000,A_w100_T10000_std_lr0.01_s6_vzero,0.0491729
697000,A_w100_T10000_std_lr0.01_s7_vzero,0.0874531
697000,A_w100_T10000_std_lr0.01_s8_vzero,0.214348
697000,A_w100_T10000_std_lr0.01_s9_vzero,0.0195206
698000,A_w100_T10000_std_lr0.01_s0_vzero,0.327295
698000,A_w100_T10000_std_lr0.01_s1_vzero,0.0760338
698000,A_w100_T10000_std_lr0.01_s2_vzero,0.00207378
698000,A_w100_T10000_std_lr0.01_s3_vzero,0.173949
698000,A_w100_T10000_std_lr0.01_s4_vzero,0.133289
698000,A_w100_T10000_std_lr0.01_s5_vzero,0.00865173
698000,A_w100_T10000_std_lr0.01_s6_vzero,0.0492802
698000,A_w100_T10000_std_lr0.01_s7_vzero,0.0776948
698000,A_w100_T10000_std_lr0.01_s8_vzero,0.191468
698000,A_w100_T10000_std_lr0.01_s9_vzero,0.0159546
699000,A_w100_T10000_std_lr0.01_s0_vzero,0.287642
699000,A_w100_T10000_std_lr0.01_s1_vzero,0.0591725
699000,A_w100_T10000_std_lr0.01_s2_vzero,0.0013465
699000,A_w100_T10000_std_lr0.01_s3_vzero,0.154419
699000,A_w100_T10000_std_lr0.01_s4_vzero,0.0919928
699000,A_w100_T10000_std_lr0.01_s5_vzero,0.00984027
699000,A_w100_T10000_std_lr0.01_s6_vzero,0.0427639
699000,A_w100_T10000_std_lr0.01_s7_vzero,0.0721208
699000,A_w100_T10000_std_lr0.01_s8_vzero,0.19355
699000,A_w100_T10000_std_lr0.01_s9_vzero,0.0108003
700000,A_w100_T10000_std_lr0.01_s0_vzero,0.328297
700000,A_w100_T10000_std_lr0.01_s1_vzero,0.0657669
700000,A_w100_T10000_std_lr0.01_s2_vzero,0.000914425
700000,A_w100_T10000_std_lr0.01_s3_vzero,0.150793
700000,A_w100_T10000_std_lr0.01_s4_vzero,0.0594112
700000,A_w100_T10000_std_lr0.01_s5_vzero,0.00858087
700000,A_w100_T10000_std_lr0.01_s6_vzero,0.0385386
700000,A_w100_T10000_std_lr0.01_s7_vzero,0.0688865
700000,A_w100_T10000_std_lr0.01_s8_vzero,0.166967
700000,A_w100_T10000_std_lr0.01_s9_vzero,0.0088002
701000,A_w100_T10000_std_lr0.01_s0_vzero,0.885052
701000,A_w100_T10000_std_lr0.01_s1_vzero,0.757441
701000,A_w100_T10000_std_lr0.01_s2_vzero,0.118286
701000,A_w100_T10000_std_lr0.01_s3_vzero,0.933926
701000,A_w100_T10000_std_lr0.01_s4_vzero,1.04345
701000,A_w100_T10000_std_lr0.01_s5_vzero,0.308296
701000,A_w100_T10000_std_lr0.01_s6_vzero,0.27309
701000,A_w100_T10000_std_lr0.01_s7_vzero,0.572169
701000,A_w100_T10000_std_lr0.01_s8_vzero,0.31083
701000,A_w100_T10000_std_lr0.01_s9_vzero,0.942839
702000,A_w100_T10000_std_lr0.01_s0_vzero,0.556895
702000,A_w100_T10000_std_lr0.01_s1_vzero,0.18206
702000,A_w100_T10000_std_lr0.01_s2_vzero,0.0433841
702000,A_w100_T10000_std_lr0.01_s3_vzero,0.507872
702000,A_w100_T10000_std_lr0.01_s4_vzero,0.47561
702000,A_w100_T10000_std_lr0.01_s5_vzero,0.112895
702000,A_w100_T10000_std_lr0.01_s6_vzero,0.112979
702000,A_w100_T10000_std_lr0.01_s7_vzero,0.224241
702000,A_w100_T10000_std_lr0.01_s8_vzero,0.0445524
702000,A_w100_T10000_std_lr0.01_s9_vzero,0.771614
703000,A_w100_T10000_std_lr0.01_s0_vzero,0.392218
703000,A_w100_T10000_std_lr0.01_s1_vzero,0.0952784
703000,A_w100_T10000_std_lr0.01_s2_vzero,0.0293191
703000,A_w100_T10000_std_lr0.01_s3_vzero,0.507911
703000,A_w100_T10000_std_lr0.01_s4_vzero,0.234663
703000,A_w100_T10000_std_lr0.01_s5_vzero,0.0537063
703000,A_w100_T10000_std_lr0.01_s6_vzero,0.0695109
703000,A_w100_T10000_std_lr0.01_s7_vzero,0.232452
703000,A_w100_T10000_std_lr0.01_s8_vzero,0.0305702
703000,A_w100_T10000_std_lr0.01_s9_vzero,0.724751
704000,A_w100_T10000_std_lr0.01_s0_vzero,0.399012
704000,A_w100_T10000_std_lr0.01_s1_vzero,0.08436
704000,A_w100_T10000_std_lr0.01_s2_vzero,0.0208678
704000,A_w100_T10000_std_lr0.01_s3_vzero,0.415641
704000,A_w100_T10000_std_lr0.01_s4_vzero,0.129146
704000,A_w100_T10000_std_lr0.01_s5_vzero,0.0259168
704000,A_w100_T10000_std_lr0.01_s6_vzero,0.0498403
704000,A_w100_T10000_std_lr0.01_s7_vzero,0.18209
704000,A_w100_T10000_std_lr0.01_s8_vzero,0.023818
704000,A_w100_T10000_std_lr0.01_s9_vzero,0.713131
705000,A_w100_T10000_std_lr0.01_s0_vzero,0.34398
705000,A_w100_T10000_std_lr0.01_s1_vzero,0.038612
705000,A_w100_T10000_std_lr0.01_s2_vzero,0.0140531
705000,A_w100_T10000_std_lr0.01_s3_vzero,0.396531
705000,A_w100_T10000_std_lr0.01_s4_vzero,0.0787996
705000,A_w100_T10000_std_lr0.01_s5_vzero,0.00893798
705000,A_w100_T10000_std_lr0.01_s6_vzero,0.0361358
705000,A_w100_T10000_std_lr0.01_s7_vzero,0.141613
705000,A_w100_T10000_std_lr0.01_s8_vzero,0.0190671
705000,A_w100_T10000_std_lr0.01_s9_vzero,0.648302
706000,A_w100_T10000_std_lr0.01_s0_vzero,0.405531
706000,A_w100_T10000_std_lr0.01_s1_vzero,0.0265818
706000,A_w100_T10000_std_lr0.01_s2_vzero,0.0110069
706000,A_w100_T10000_std_lr0.01_s3_vzero,0.396714
706000,A_w100_T10000_std_lr0.01_s4_vzero,0.0597337
706000,A_w100_T10000_std_lr0.01_s5_vzero,0.00312439
706000,A_w100_T10000_std_lr0.01_s6_vzero,0.0259262
706000,A_w100_T10000_std_lr0.01_s7_vzero,0.156457
706000,A_w100_T10000_std_lr0.01_s8_vzero,0.0184901
706000,A_w100_T10000_std_lr0.01_s9_vzero,0.605906
707000,A_w100_T10000_std_lr0.01_s0_vzero,0.337622
707000,A_w100_T10000_std_lr0.01_s1_vzero,0.0156181
707000,A_w100_T10000_std_lr0.01_s2_vzero,0.00714327
707000,A_w100_T10000_std_lr0.01_s3_vzero,0.349472
707000,A_w100_T10000_std_lr0.01_s4_vzero,0.0454473
707000,A_w100_T10000_std_lr0.01_s5_vzero,0.00128641
707000,A_w100_T10000_std_lr0.01_s6_vzero,0.0206201
707000,A_w100_T10000_std_lr0.01_s7_vzero,0.143004
707000,A_w100_T10000_std_lr0.01_s8_vzero,0.0173688
707000,A_w100_T10000_std_lr0.01_s9_vzero,0.611394
708000,A_w100_T10000_std_lr0.01_s0_vzero,0.338107
708000,A_w100_T10000_std_lr0.01_s1_vzero,0.0113135
708000,A_w100_T10000_std_lr0.01_s2_vzero,0.00703367
708000,A_w100_T10000_std_lr0.01_s3_vzero,0.398653
708000,A_w100_T10000_std_lr0.01_s4_vzero,0.0427053
708000,A_w100_T10000_std_lr0.01_s5_vzero,0.000519838
708000,A_w100_T10000_std_lr0.01_s6_vzero,0.0177638
708000,A_w100_T10000_std_lr0.01_s7_vzero,0.110309
708000,A_w100_T10000_std_lr0.01_s8_vzero,0.0152283
708000,A_w100_T10000_std_lr0.01_s9_vzero,0.624226
709000,A_w100_T10000_std_lr0.01_s0_vzero,0.340073
709000,A_w100_T10000_std_lr0.01_s1_vzero,0.00755709
709000,A_w100_T10000_std_lr0.01_s2_vzero,0.00476031
709000,A_w100_T10000_std_lr0.01_s3_vzero,0.366564
709000,A_w100_T10000_std_lr0.01_s4_vzero,0.0399895
709000,A_w100_T10000_std_lr0.01_s5_vzero,0.000252235
709000,A_w100_T10000_std_lr0.01_s6_vzero,0.014653
709000,A_w100_T10000_std_lr0.01_s7_vzero,0.093709
709000,A_w100_T10000_std_lr0.01_s8_vzero,0.0141081
709000,A_w100_T10000_std_lr0.01_s9_vzero,0.602782
710000,A_w100_T10000_std_lr0.01_s0_vzero,0.288396
710000,A_w100_T10000_std_lr0.01_s1_vzero,0.00603043
710000,A_w100_T10000_std_lr0.01_s2_vzero,0.0028154
710000,A_w100_T10000_std_lr0.01_s3_vzero,0.382916
710000,A_w100_T10000_std_lr0.01_s4_vzero,0.0323022
710000,A_w100_T10000_std_lr0.01_s5_vzero,0.000127551
710000,A_w100_T10000_std_lr0.01_s6_vzero,0.0128389
710000,A_w100_T10000_std_lr0.01_s7_vzero,0.0813224
710000,A_w100_T10000_std_lr0.01_s8_vzero,0.014196
710000,A_w100_T10000_std_lr0.01_s9_vzero,0.643184
711000,A_w100_T10000_std_lr0.01_s0_vzero,0.808878
711000,A_w100_T10000_std_lr0.01_s1_vzero,0.681028
711000,A_w100_T10000_std_lr0.01_s2_vzero,0.138405
711000,A_w100_T10000_std_lr0.01_s3_vzero,0.708897
711000,A_w100_T10000_std_lr0.01_s4_vzero,0.446204
711000,A_w100_T10000_std_lr0.01_s5_vzero,0.243021
711000,A_w100_T10000_std_lr0.01_s6_vzero,0.46272
711000,A_w100_T10000_std_lr0.01_s7_vzero,0.814391
711000,A_w100_T10000_std_lr0.01_s8_vzero,0.669441
711000,A_w100_T10000_std_lr0.01_s9_vzero,0.884907
712000,A_w100_T10000_std_lr0.01_s0_vzero,0.703227
712000,A_w100_T10000_std_lr0.01_s1_vzero,0.148871
712000,A_w100_T10000_std_lr0.01_s2_vzero,0.044334
712000,A_w100_T10000_std_lr0.01_s3_vzero,0.499051
712000,A_w100_T10000_std_lr0.01_s4_vzero,0.281581
712000,A_w100_T10000_std_lr0.01_s5_vzero,0.0405224
712000,A_w100_T10000_std_lr0.01_s6_vzero,0.303007
712000,A_w100_T10000_std_lr0.01_s7_vzero,0.516619
712000,A_w100_T10000_std_lr0.01_s8_vzero,0.183103
712000,A_w100_T10000_std_lr0.01_s9_vzero,0.566278
713000,A_w100_T10000_std_lr0.01_s0_vzero,0.711964
713000,A_w100_T10000_std_lr0.01_s1_vzero,0.0720684
713000,A_w100_T10000_std_lr0.01_s2_vzero,0.0157686
713000,A_w100_T10000_std_lr0.01_s3_vzero,0.414714
713000,A_w100_T10000_std_lr0.01_s4_vzero,0.237931
713000,A_w100_T10000_std_lr0.01_s5_vzero,0.0177462
713000,A_w100_T10000_std_lr0.01_s6_vzero,0.19124
713000,A_w100_T10000_std_lr0.01_s7_vzero,0.472248
713000,A_w100_T10000_std_lr0.01_s8_vzero,0.0904215
713000,A_w100_T10000_std_lr0.01_s9_vzero,0.437901
714000,A_w100_T10000_std_lr0.01_s0_vzero,0.609437
714000,A_w100_T10000_std_lr0.01_s1_vzero,0.0477395
714000,A_w100_T10000_std_lr0.01_s2_vzero,0.00575712
714000,A_w100_T10000_std_lr0.01_s3_vzero,0.325102
714000,A_w100_T10000_std_lr0.01_s4_vzero,0.223169
714000,A_w100_T10000_std_lr0.01_s5_vzero,0.0120099
714000,A_w100_T10000_std_lr0.01_s6_vzero,0.187649
714000,A_w100_T10000_std_lr0.01_s7_vzero,0.369081
714000,A_w100_T10000_std_lr0.01_s8_vzero,0.050665
714000,A_w100_T10000_std_lr0.01_s9_vzero,0.387097
715000,A_w100_T10000_std_lr0.01_s0_vzero,0.657124
715000,A_w100_T10000_std_lr0.01_s1_vzero,0.0391746
715000,A_w100_T10000_std_lr0.01_s2_vzero,0.0025791
715000,A_w100_T10000_std_lr0.01_s3_vzero,0.311204
715000,A_w100_T10000_std_lr0.01_s4_vzero,0.207474
715000,A_w100_T10000_std_lr0.01_s5_vzero,0.00779358
715000,A_w100_T10000_std_lr0.01_s6_vzero,0.169465
715000,A_w100_T10000_std_lr0.01_s7_vzero,0.348601
715000,A_w100_T10000_std_lr0.01_s8_vzero,0.0452468
715000,A_w100_T10000_std_lr0.01_s9_vzero,0.321787
716000,A_w100_T10000_std_lr0.01_s0_vzero,0.598613
716000,A_w100_T10000_std_lr0.01_s1_vzero,0.025749
716000,A_w100_T10000_std_lr0.01_s2_vzero,0.00123455
716000,A_w100_T10000_std_lr0.01_s3_vzero,0.29699
716000,A_w100_T10000_std_lr0.01_s4_vzero,0.182101
716000,A_w100_T10000_std_lr0.01_s5_vzero,0.00583378
716000,A_w100_T10000_std_lr0.01_s6_vzero,0.152452
716000,A_w100_T10000_std_lr0.01_s7_vzero,0.353796
716000,A_w100_T10000_std_lr0.01_s8_vzero,0.0316662
716000,A_w100_T10000_std_lr0.01_s9_vzero,0.320775
717000,A_w100_T10000_std_lr0.01_s0_vzero,0.576306
717000,A_w100_T10000_std_lr0.01_s1_vzero,0.0142231
717000,A_w100_T10000_std_lr0.01_s2_vzero,0.000519408
717000,A_w100_T10000_std_lr0.01_s3_vzero,0.28623
717000,A_w100_T10000_std_lr0.01_s4_vzero,0.148563
717000,A_w100_T10000_std_lr0.01_s5_vzero,0.00406478
717000,A_w100_T10000_std_lr0.01_s6_vzero,0.140863
717000,A_w100_T10000_std_lr0.01_s7_vzero,0.393162
717000,A_w100_T10000_std_lr0.01_s8_vzero,0.0227101
717000,A_w100_T10000_std_lr0.01_s9_vzero,0.286762
718000,A_w100_T10000_std_lr0.01_s0_vzero,0.44391
718000,A_w100_T10000_std_lr0.01_s1_vzero,0.00859351
718000,A_w100_T10000_std_lr0.01_s2_vzero,0.000263234
718000,A_w100_T10000_std_lr0.01_s3_vzero,0.285971
718000,A_w100_T10000_std_lr0.01_s4_vzero,0.135409
718000,A_w100_T10000_std_lr0.01_s5_vzero,0.00280245
718000,A_w100_T10000_std_lr0.01_s6_vzero,0.12156
718000,A_w100_T10000_std_lr0.01_s7_vzero,0.408367
718000,A_w100_T10000_std_lr0.01_s8_vzero,0.0198009
718000,A_w100_T10000_std_lr0.01_s9_vzero,0.300767
719000,A_w100_T10000_std_lr0.01_s0_vzero,0.421971
719000,A_w100_T10000_std_lr0.01_s1_vzero,0.00391224
719000,A_w100_T10000_std_lr0.01_s2_vzero,0.000132377
719000,A_w100_T10000_std_lr0.01_s3_vzero,0.263969
719000,A_w100_T10000_std_lr0.01_s4_vzero,0.130628
719000,A_w100_T10000_std_lr0.01_s5_vzero,0.00263812
719000,A_w100_T10000_std_lr0.01_s6_vzero,0.10524
719000,A_w100_T10000_std_lr0.01_s7_vzero,0.348856
719000,A_w100_T10000_std_lr0.01_s8_vzero,0.0140052
719000,A_w100_T10000_std_lr0.01_s9_vzero,0.272835
720000,A_w100_T10000_std_lr0.01_s0_vzero,0.395297
720000,A_w100_T10000_std_lr0.01_s1_vzero,0.00177226
720000,A_w100_T10000_std_lr0.01_s2_vzero,6.17161e-05
720000,A_w100_T10000_std_lr0.01_s3_vzero,0.285025
720000,A_w100_T10000_std_lr0.01_s4_vzero,0.123942
720000,A_w100_T10000_std_lr0.01_s5_vzero,0.00214591
720000,A_w100_T10000_std_lr0.01_s6_vzero,0.0887559
720000,A_w100_T10000_std_lr0.01_s7_vzero,0.358298
720000,A_w100_T10000_std_lr0.01_s8_vzero,0.01214
720000,A_w100_T10000_std_lr0.01_s9_vzero,0.25739
721000,A_w100_T10000_std_lr0.01_s0_vzero,0.675593
721000,A_w100_T10000_std_lr0.01_s1_vzero,1.5014
721000,A_w100_T10000_std_lr0.01_s2_vzero,0.0920324
721000,A_w100_T10000_std_lr0.01_s3_vzero,1.12173
721000,A_w100_T10000_std_lr0.01_s4_vzero,0.944222
721000,A_w100_T10000_std_lr0.01_s5_vzero,0.266894
721000,A_w100_T10000_std_lr0.01_s6_vzero,0.390592
721000,A_w100_T10000_std_lr0.01_s7_vzero,0.222312
721000,A_w100_T10000_std_lr0.01_s8_vzero,0.567303
721000,A_w100_T10000_std_lr0.01_s9_vzero,1.13346
722000,A_w100_T10000_std_lr0.01_s0_vzero,0.305943
722000,A_w100_T10000_std_lr0.01_s1_vzero,0.661595
722000,A_w100_T10000_std_lr0.01_s2_vzero,0.00151141
722000,A_w100_T10000_std_lr0.01_s3_vzero,0.752116
722000,A_w100_T10000_std_lr0.01_s4_vzero,0.564317
722000,A_w100_T10000_std_lr0.01_s5_vzero,0.0783554
722000,A_w100_T10000_std_lr0.01_s6_vzero,0.105762
722000,A_w100_T10000_std_lr0.01_s7_vzero,0.139018
722000,A_w100_T10000_std_lr0.01_s8_vzero,0.225708
722000,A_w100_T10000_std_lr0.01_s9_vzero,0.799134
723000,A_w100_T10000_std_lr0.01_s0_vzero,0.28515
723000,A_w100_T10000_std_lr0.01_s1_vzero,0.473788
723000,A_w100_T10000_std_lr0.01_s2_vzero,0.000132879
723000,A_w100_T10000_std_lr0.01_s3_vzero,0.646746
723000,A_w100_T10000_std_lr0.01_s4_vzero,0.541179
723000,A_w100_T10000_std_lr0.01_s5_vzero,0.0378247
723000,A_w100_T10000_std_lr0.01_s6_vzero,0.0450164
723000,A_w100_T10000_std_lr0.01_s7_vzero,0.118213
723000,A_w100_T10000_std_lr0.01_s8_vzero,0.148667
723000,A_w100_T10000_std_lr0.01_s9_vzero,0.723801
724000,A_w100_T10000_std_lr0.01_s0_vzero,0.276189
724000,A_w100_T10000_std_lr0.01_s1_vzero,0.281183
724000,A_w100_T10000_std_lr0.01_s2_vzero,1.27344e-05
724000,A_w100_T10000_std_lr0.01_s3_vzero,0.600987
724000,A_w100_T10000_std_lr0.01_s4_vzero,0.507323
724000,A_w100_T10000_std_lr0.01_s5_vzero,0.0214881
724000,A_w100_T10000_std_lr0.01_s6_vzero,0.0160276
724000,A_w100_T10000_std_lr0.01_s7_vzero,0.122084
724000,A_w100_T10000_std_lr0.01_s8_vzero,0.133119
724000,A_w100_T10000_std_lr0.01_s9_vzero,0.643133
725000,A_w100_T10000_std_lr0.01_s0_vzero,0.203142
725000,A_w100_T10000_std_lr0.01_s1_vzero,0.15822
725000,A_w100_T10000_std_lr0.01_s2_vzero,2.18816e-06
725000,A_w100_T10000_std_lr0.01_s3_vzero,0.591403
725000,A_w100_T10000_std_lr0.01_s4_vzero,0.444605
725000,A_w100_T10000_std_lr0.01_s5_vzero,0.0106969
725000,A_w100_T10000_std_lr0.01_s6_vzero,0.00754188
725000,A_w100_T10000_std_lr0.01_s7_vzero,0.116867
725000,A_w100_T10000_std_lr0.01_s8_vzero,0.112578
725000,A_w100_T10000_std_lr0.01_s9_vzero,0.557867
726000,A_w100_T10000_std_lr0.01_s0_vzero,0.184359
726000,A_w100_T10000_std_lr0.01_s1_vzero,0.126703
726000,A_w100_T10000_std_lr0.01_s2_vzero,3.34057e-07
726000,A_w100_T10000_std_lr0.01_s3_vzero,0.588557
726000,A_w100_T10000_std_lr0.01_s4_vzero,0.406125
726000,A_w100_T10000_std_lr0.01_s5_vzero,0.00582309
726000,A_w100_T10000_std_lr0.01_s6_vzero,0.00340252
726000,A_w100_T10000_std_lr0.01_s7_vzero,0.124202
726000,A_w100_T10000_std_lr0.01_s8_vzero,0.112655
726000,A_w100_T10000_std_lr0.01_s9_vzero,0.535078
727000,A_w100_T10000_std_lr0.01_s0_vzero,0.14142
727000,A_w100_T10000_std_lr0.01_s1_vzero,0.0898866
727000,A_w100_T10000_std_lr0.01_s2_vzero,7.01111e-08
727000,A_w100_T10000_std_lr0.01_s3_vzero,0.563413
727000,A_w100_T10000_std_lr0.01_s4_vzero,0.43434
727000,A_w100_T10000_std_lr0.01_s5_vzero,0.00340428
727000,A_w100_T10000_std_lr0.01_s6_vzero,0.00199641
727000,A_w100_T10000_std_lr0.01_s7_vzero,0.112918
727000,A_w100_T10000_std_lr0.01_s8_vzero,0.112555
727000,A_w100_T10000_std_lr0.01_s9_vzero,0.481701
728000,A_w100_T10000_std_lr0.01_s0_vzero,0.10904
728000,A_w100_T10000_std_lr0.01_s1_vzero,0.0839164
728000,A_w100_T10000_std_lr0.01_s2_vzero,1.18558e-08
728000,A_w100_T10000_std_lr0.01_s3_vzero,0.535031
728000,A_w100_T10000_std_lr0.01_s4_vzero,0.392915
728000,A_w100_T10000_std_lr0.01_s5_vzero,0.00205828
728000,A_w100_T10000_std_lr0.01_s6_vzero,0.00120085
728000,A_w100_T10000_std_lr0.01_s7_vzero,0.104496
728000,A_w100_T10000_std_lr0.01_s8_vzero,0.10926
728000,A_w100_T10000_std_lr0.01_s9_vzero,0.572314
729000,A_w100_T10000_std_lr0.01_s0_vzero,0.0944166
729000,A_w100_T10000_std_lr0.01_s1_vzero,0.0651308
729000,A_w100_T10000_std_lr0.01_s2_vzero,2.29753e-09
729000,A_w100_T10000_std_lr0.01_s3_vzero,0.511674
729000,A_w100_T10000_std_lr0.01_s4_vzero,0.424483
729000,A_w100_T10000_std_lr0.01_s5_vzero,0.00114551
729000,A_w100_T10000_std_lr0.01_s6_vzero,0.000671344
729000,A_w100_T10000_std_lr0.01_s7_vzero,0.110649
729000,A_w100_T10000_std_lr0.01_s8_vzero,0.0982405
729000,A_w100_T10000_std_lr0.01_s9_vzero,0.480906
730000,A_w100_T10000_std_lr0.01_s0_vzero,0.0858902
730000,A_w100_T10000_std_lr0.01_s1_vzero,0.0617879
730000,A_w100_T10000_std_lr0.01_s2_vzero,4.70656e-10
730000,A_w100_T10000_std_lr0.01_s3_vzero,0.539117
730000,A_w100_T10000_std_lr0.01_s4_vzero,0.419956
730000,A_w100_T10000_std_lr0.01_s5_vzero,0.000717383
730000,A_w100_T10000_std_lr0.01_s6_vzero,0.00062344
730000,A_w100_T10000_std_lr0.01_s7_vzero,0.101577
730000,A_w100_T10000_std_lr0.01_s8_vzero,0.101273
730000,A_w100_T10000_std_lr0.01_s9_vzero,0.482108
731000,A_w100_T10000_std_lr0.01_s0_vzero,0.752723
731000,A_w100_T10000_std_lr0.01_s1_vzero,0.717258
731000,A_w100_T10000_std_lr0.01_s2_vzero,0.241139
731000,A_w100_T10000_std_lr0.01_s3_vzero,0.953492
731000,A_w100_T10000_std_lr0.01_s4_vzero,0.65898
731000,A_w100_T10000_std_lr0.01_s5_vzero,0.194092
731000,A_w100_T10000_std_lr0.01_s6_vzero,0.799793
731000,A_w100_T10000_std_lr0.01_s7_vzero,0.360503
731000,A_w100_T10000_std_lr0.01_s8_vzero,0.835735
731000,A_w100_T10000_std_lr0.01_s9_vzero,0.390779
732000,A_w100_T10000_std_lr0.01_s0_vzero,0.440629
732000,A_w100_T10000_std_lr0.01_s1_vzero,0.0780146
732000,A_w100_T10000_std_lr0.01_s2_vzero,0.0118021
732000,A_w100_T10000_std_lr0.01_s3_vzero,0.602383
732000,A_w100_T10000_std_lr0.01_s4_vzero,0.411035
732000,A_w100_T10000_std_lr0.01_s5_vzero,0.0606674
732000,A_w100_T10000_std_lr0.01_s6_vzero,0.584242
732000,A_w100_T10000_std_lr0.01_s7_vzero,0.255313
732000,A_w100_T10000_std_lr0.01_s8_vzero,0.446485
732000,A_w100_T10000_std_lr0.01_s9_vzero,0.176563
733000,A_w100_T10000_std_lr0.01_s0_vzero,0.32822
733000,A_w100_T10000_std_lr0.01_s1_vzero,0.0189099
733000,A_w100_T10000_std_lr0.01_s2_vzero,0.00131508
733000,A_w100_T10000_std_lr0.01_s3_vzero,0.610883
733000,A_w100_T10000_std_lr0.01_s4_vzero,0.326028
733000,A_w100_T10000_std_lr0.01_s5_vzero,0.0454668
733000,A_w100_T10000_std_lr0.01_s6_vzero,0.386819
733000,A_w100_T10000_std_lr0.01_s7_vzero,0.214986
733000,A_w100_T10000_std_lr0.01_s8_vzero,0.35429
733000,A_w100_T10000_std_lr0.01_s9_vzero,0.133838
734000,A_w100_T10000_std_lr0.01_s0_vzero,0.349394
734000,A_w100_T10000_std_lr0.01_s1_vzero,0.00639144
734000,A_w100_T10000_std_lr0.01_s2_vzero,0.00019779
734000,A_w100_T10000_std_lr0.01_s3_vzero,0.588427
734000,A_w100_T10000_std_lr0.01_s4_vzero,0.327943
734000,A_w100_T10000_std_lr0.01_s5_vzero,0.0354198
734000,A_w100_T10000_std_lr0.01_s6_vzero,0.335939
734000,A_w100_T10000_std_lr0.01_s7_vzero,0.253367
734000,A_w100_T10000_std_lr0.01_s8_vzero,0.304788
734000,A_w100_T10000_std_lr0.01_s9_vzero,0.116641
735000,A_w100_T10000_std_lr0.01_s0_vzero,0.362006
735000,A_w100_T10000_std_lr0.01_s1_vzero,0.0018993
735000,A_w100_T10000_std_lr0.01_s2_vzero,2.70924e-05
735000,A_w100_T10000_std_lr0.01_s3_vzero,0.550013
735000,A_w100_T10000_std_lr0.01_s4_vzero,0.295485
735000,A_w100_T10000_std_lr0.01_s5_vzero,0.0281064
735000,A_w100_T10000_std_lr0.01_s6_vzero,0.203998
735000,A_w100_T10000_std_lr0.01_s7_vzero,0.214861
735000,A_w100_T10000_std_lr0.01_s8_vzero,0.262721
735000,A_w100_T10000_std_lr0.01_s9_vzero,0.120904
736000,A_w100_T10000_std_lr0.01_s0_vzero,0.336808
736000,A_w100_T10000_std_lr0.01_s1_vzero,0.000981996
736000,A_w100_T10000_std_lr0.01_s2_vzero,5.68709e-06
736000,A_w100_T10000_std_lr0.01_s3_vzero,0.539098
736000,A_w100_T10000_std_lr0.01_s4_vzero,0.222361
736000,A_w100_T10000_std_lr0.01_s5_vzero,0.025628
736000,A_w100_T10000_std_lr0.01_s6_vzero,0.199968
736000,A_w100_T10000_std_lr0.01_s7_vzero,0.197988
736000,A_w100_T10000_std_lr0.01_s8_vzero,0.236107
736000,A_w100_T10000_std_lr0.01_s9_vzero,0.0944279
737000,A_w100_T10000_std_lr0.01_s0_vzero,0.343143
737000,A_w100_T10000_std_lr0.01_s1_vzero,0.000345417
737000,A_w100_T10000_std_lr0.01_s2_vzero,1.02987e-06
737000,A_w100_T10000_std_lr0.01_s3_vzero,0.53843
737000,A_w100_T10000_std_lr0.01_s4_vzero,0.193667
737000,A_w100_T10000_std_lr0.01_s5_vzero,0.0277135
737000,A_w100_T10000_std_lr0.01_s6_vzero,0.185563
737000,A_w100_T10000_std_lr0.01_s7_vzero,0.225707
737000,A_w100_T10000_std_lr0.01_s8_vzero,0.231644
737000,A_w100_T10000_std_lr0.01_s9_vzero,0.0994829
738000,A_w100_T10000_std_lr0.01_s0_vzero,0.321267
738000,A_w100_T10000_std_lr0.01_s1_vzero,0.000209248
738000,A_w100_T10000_std_lr0.01_s2_vzero,2.06578e-07
738000,A_w100_T10000_std_lr0.01_s3_vzero,0.566171
738000,A_w100_T10000_std_lr0.01_s4_vzero,0.16457
738000,A_w100_T10000_std_lr0.01_s5_vzero,0.0239139
738000,A_w100_T10000_std_lr0.01_s6_vzero,0.197261
738000,A_w100_T10000_std_lr0.01_s7_vzero,0.223643
738000,A_w100_T10000_std_lr0.01_s8_vzero,0.216952
738000,A_w100_T10000_std_lr0.01_s9_vzero,0.0886028
739000,A_w100_T10000_std_lr0.01_s0_vzero,0.345136
739000,A_w100_T10000_std_lr0.01_s1_vzero,0.000108959
739000,A_w100_T10000_std_lr0.01_s2_vzero,3.87698e-08
739000,A_w100_T10000_std_lr0.01_s3_vzero,0.511859
739000,A_w100_T10000_std_lr0.01_s4_vzero,0.137959
739000,A_w100_T10000_std_lr0.01_s5_vzero,0.0248225
739000,A_w100_T10000_std_lr0.01_s6_vzero,0.160106
739000,A_w100_T10000_std_lr0.01_s7_vzero,0.217336
739000,A_w100_T10000_std_lr0.01_s8_vzero,0.217087
739000,A_w100_T10000_std_lr0.01_s9_vzero,0.09232
740000,A_w100_T10000_std_lr0.01_s0_vzero,0.329997
740000,A_w100_T10000_std_lr0.01_s1_vzero,6.29012e-05
740000,A_w100_T10000_std_lr0.01_s2_vzero,7.14678e-09
740000,A_w100_T10000_std_lr0.01_s3_vzero,0.521116
740000,A_w100_T10000_std_lr0.01_s4_vzero,0.139182
740000,A_w100_T10000_std_lr0.01_s5_vzero,0.0286718
740000,A_w100_T10000_std_lr0.01_s6_vzero,0.156456
740000,A_w100_T10000_std_lr0.01_s7_vzero,0.231924
740000,A_w100_T10000_std_lr0.01_s8_vzero,0.206036
740000,A_w100_T10000_std_lr0.01_s9_vzero,0.0856159
741000,A_w100_T10000_std_lr0.01_s0_vzero,0.25869
741000,A_w100_T10000_std_lr0.01_s1_vzero,0.4943
741000,A_w100_T10000_std_lr0.01_s2_vzero,0.199438
741000,A_w100_T10000_std_lr0.01_s3_vzero,0.5762
741000,A_w100_T10000_std_lr0.01_s4_vzero,1.27433
741000,A_w100_T10000_std_lr0.01_s5_vzero,0.330454
741000,A_w100_T10000_std_lr0.01_s6_vzero,0.525971
741000,A_w100_T10000_std_lr0.01_s7_vzero,0.667268
741000,A_w100_T10000_std_lr0.01_s8_vzero,1.63415
741000,A_w100_T10000_std_lr0.01_s9_vzero,0.469168
742000,A_w100_T10000_std_lr0.01_s0_vzero,0.0891512
742000,A_w100_T10000_std_lr0.01_s1_vzero,0.146788
742000,A_w100_T10000_std_lr0.01_s2_vzero,0.00227639
742000,A_w100_T10000_std_lr0.01_s3_vzero,0.441311
742000,A_w100_T10000_std_lr0.01_s4_vzero,1.00302
742000,A_w100_T10000_std_lr0.01_s5_vzero,0.121671
742000,A_w100_T10000_std_lr0.01_s6_vzero,0.348139
742000,A_w100_T10000_std_lr0.01_s7_vzero,0.635388
742000,A_w100_T10000_std_lr0.01_s8_vzero,1.29839
742000,A_w100_T10000_std_lr0.01_s9_vzero,0.294092
743000,A_w100_T10000_std_lr0.01_s0_vzero,0.0603082
743000,A_w100_T10000_std_lr0.01_s1_vzero,0.108222
743000,A_w100_T10000_std_lr0.01_s2_vzero,0.00020313
743000,A_w100_T10000_std_lr0.01_s3_vzero,0.337955
743000,A_w100_T10000_std_lr0.01_s4_vzero,1.0375
743000,A_w100_T10000_std_lr0.01_s5_vzero,0.0832824
743000,A_w100_T10000_std_lr0.01_s6_vzero,0.270963
743000,A_w100_T10000_std_lr0.01_s7_vzero,0.620031
743000,A_w100_T10000_std_lr0.01_s8_vzero,1.00325
743000,A_w100_T10000_std_lr0.01_s9_vzero,0.17598
744000,A_w100_T10000_std_lr0.01_s0_vzero,0.0497683
744000,A_w100_T10000_std_lr0.01_s1_vzero,0.0904115
744000,A_w100_T10000_std_lr0.01_s2_vzero,2.32116e-05
744000,A_w100_T10000_std_lr0.01_s3_vzero,0.305385
744000,A_w100_T10000_std_lr0.01_s4_vzero,0.879216
744000,A_w100_T10000_std_lr0.01_s5_vzero,0.0619317
744000,A_w100_T10000_std_lr0.01_s6_vzero,0.252996
744000,A_w100_T10000_std_lr0.01_s7_vzero,0.583531
744000,A_w100_T10000_std_lr0.01_s8_vzero,0.862497
744000,A_w100_T10000_std_lr0.01_s9_vzero,0.113834
745000,A_w100_T10000_std_lr0.01_s0_vzero,0.0384572
745000,A_w100_T10000_std_lr0.01_s1_vzero,0.0929548
745000,A_w100_T10000_std_lr0.01_s2_vzero,2.31524e-06
745000,A_w100_T10000_std_lr0.01_s3_vzero,0.291006
745000,A_w100_T10000_std_lr0.01_s4_vzero,0.808203
745000,A_w100_T10000_std_lr0.01_s5_vzero,0.0521965
745000,A_w100_T10000_std_lr0.01_s6_vzero,0.24666
745000,A_w100_T10000_std_lr0.01_s7_vzero,0.589135
745000,A_w100_T10000_std_lr0.01_s8_vzero,0.884813
745000,A_w100_T10000_std_lr0.01_s9_vzero,0.0856427
746000,A_w100_T10000_std_lr0.01_s0_vzero,0.0369022
746000,A_w100_T10000_std_lr0.01_s1_vzero,0.0870106
746000,A_w100_T10000_std_lr0.01_s2_vzero,2.98289e-07
746000,A_w100_T10000_std_lr0.01_s3_vzero,0.280686
746000,A_w100_T10000_std_lr0.01_s4_vzero,0.764099
746000,A_w100_T10000_std_lr0.01_s5_vzero,0.0423955
746000,A_w100_T10000_std_lr0.01_s6_vzero,0.242508
746000,A_w100_T10000_std_lr0.01_s7_vzero,0.615931
746000,A_w100_T10000_std_lr0.01_s8_vzero,0.880251
746000,A_w100_T10000_std_lr0.01_s9_vzero,0.0756307
747000,A_w100_T10000_std_lr0.01_s0_vzero,0.0343163
747000,A_w100_T10000_std_lr0.01_s1_vzero,0.0747233
747000,A_w100_T10000_std_lr0.01_s2_vzero,3.17032e-08
747000,A_w100_T10000_std_lr0.01_s3_vzero,0.265005
747000,A_w100_T10000_std_lr0.01_s4_vzero,0.722501
747000,A_w100_T10000_std_lr0.01_s5_vzero,0.0308964
747000,A_w100_T10000_std_lr0.01_s6_vzero,0.221891
747000,A_w100_T10000_std_lr0.01_s7_vzero,0.59257
747000,A_w100_T10000_std_lr0.01_s8_vzero,0.862935
747000,A_w100_T10000_std_lr0.01_s9_vzero,0.0731362
748000,A_w100_T10000_std_lr0.01_s0_vzero,0.0343592
748000,A_w100_T10000_std_lr0.01_s1_vzero,0.0634561
748000,A_w100_T10000_std_lr0.01_s2_vzero,3.40634e-09
748000,A_w100_T10000_std_lr0.01_s3_vzero,0.26478
748000,A_w100_T10000_std_lr0.01_s4_vzero,0.798512
748000,A_w100_T10000_std_lr0.01_s5_vzero,0.0235405
748000,A_w100_T10000_std_lr0.01_s6_vzero,0.190614
748000,A_w100_T10000_std_lr0.01_s7_vzero,0.554726
748000,A_w100_T10000_std_lr0.01_s8_vzero,0.745144
748000,A_w100_T10000_std_lr0.01_s9_vzero,0.0659498
749000,A_w100_T10000_std_lr0.01_s0_vzero,0.0325467
749000,A_w100_T10000_std_lr0.01_s1_vzero,0.0626551
749000,A_w100_T10000_std_lr0.01_s2_vzero,3.51181e-10
749000,A_w100_T10000_std_lr0.01_s3_vzero,0.259022
749000,A_w100_T10000_std_lr0.01_s4_vzero,0.722074
749000,A_w100_T10000_std_lr0.01_s5_vzero,0.0213743
749000,A_w100_T10000_std_lr0.01_s6_vzero,0.210673
749000,A_w100_T10000_std_lr0.01_s7_vzero,0.613085
749000,A_w100_T10000_std_lr0.01_s8_vzero,0.574482
749000,A_w100_T10000_std_lr0.01_s9_vzero,0.0685226
750000,A_w100_T10000_std_lr0.01_s0_vzero,0.0387898
750000,A_w100_T10000_std_lr0.01_s1_vzero,0.0556125
750000,A_w100_T10000_std_lr0.01_s2_vzero,4.63709e-11
750000,A_w100_T10000_std_lr0.01_s3_vzero,0.261944
750000,A_w100_T10000_std_lr0.01_s4_vzero,0.651639
750000,A_w100_T10000_std_lr0.01_s5_vzero,0.0172623
750000,A_w100_T10000_std_lr0.01_s6_vzero,0.191957
750000,A_w100_T10000_std_lr0.01_s7_vzero,0.608282
750000,A_w100_T10000_std_lr0.01_s8_vzero,0.4824
750000,A_w100_T10000_std_lr0.01_s9_vzero,0.0675572
751000,A_w100_T10000_std_lr0.01_s0_vzero,0.55319
751000,A_w100_T10000_std_lr0.01_s1_vzero,0.612893
751000,A_w100_T10000_std_lr0.01_s2_vzero,0.154742
751000,A_w100_T10000_std_lr0.01_s3_vzero,1.12257
751000,A_w100_T10000_std_lr0.01_s4_vzero,2.44637
751000,A_w100_T10000_std_lr0.01_s5_vzero,0.355261
751000,A_w100_T10000_std_lr0.01_s6_vzero,0.241036
751000,A_w100_T10000_std_lr0.01_s7_vzero,0.312197
751000,A_w100_T10000_std_lr0.01_s8_vzero,0.381444
751000,A_w100_T10000_std_lr0.01_s9_vzero,0.510872
752000,A_w100_T10000_std_lr0.01_s0_vzero,0.403138
752000,A_w100_T10000_std_lr0.01_s1_vzero,0.238478
752000,A_w100_T10000_std_lr0.01_s2_vzero,0.0110774
752000,A_w100_T10000_std_lr0.01_s3_vzero,0.859972
752000,A_w100_T10000_std_lr0.01_s4_vzero,2.39456
752000,A_w100_T10000_std_lr0.01_s5_vzero,0.189004
752000,A_w100_T10000_std_lr0.01_s6_vzero,0.123403
752000,A_w100_T10000_std_lr0.01_s7_vzero,0.324168
752000,A_w100_T10000_std_lr0.01_s8_vzero,0.141452
752000,A_w100_T10000_std_lr0.01_s9_vzero,0.310185
753000,A_w100_T10000_std_lr0.01_s0_vzero,0.249179
753000,A_w100_T10000_std_lr0.01_s1_vzero,0.205242
753000,A_w100_T10000_std_lr0.01_s2_vzero,0.00156342
753000,A_w100_T10000_std_lr0.01_s3_vzero,0.915664
753000,A_w100_T10000_std_lr0.01_s4_vzero,2.22848
753000,A_w100_T10000_std_lr0.01_s5_vzero,0.154401
753000,A_w100_T10000_std_lr0.01_s6_vzero,0.112319
753000,A_w100_T10000_std_lr0.01_s7_vzero,0.313892
753000,A_w100_T10000_std_lr0.01_s8_vzero,0.121644
753000,A_w100_T10000_std_lr0.01_s9_vzero,0.263549
754000,A_w100_T10000_std_lr0.01_s0_vzero,0.180051
754000,A_w100_T10000_std_lr0.01_s1_vzero,0.173691
754000,A_w100_T10000_std_lr0.01_s2_vzero,0.00025655
754000,A_w100_T10000_std_lr0.01_s3_vzero,0.837047
754000,A_w100_T10000_std_lr0.01_s4_vzero,1.97645
754000,A_w100_T10000_std_lr0.01_s5_vzero,0.124515
754000,A_w100_T10000_std_lr0.01_s6_vzero,0.0829901
754000,A_w100_T10000_std_lr0.01_s7_vzero,0.28856
754000,A_w100_T10000_std_lr0.01_s8_vzero,0.101517
754000,A_w100_T10000_std_lr0.01_s9_vzero,0.233332
755000,A_w100_T10000_std_lr0.01_s0_vzero,0.185452
755000,A_w100_T10000_std_lr0.01_s1_vzero,0.164166
755000,A_w100_T10000_std_lr0.01_s2_vzero,4.15665e-05
755000,A_w100_T10000_std_lr0.01_s3_vzero,0.908879
755000,A_w100_T10000_std_lr0.01_s4_vzero,2.03116
755000,A_w100_T10000_std_lr0.01_s5_vzero,0.106969
755000,A_w100_T10000_std_lr0.01_s6_vzero,0.0754331
755000,A_w100_T10000_std_lr0.01_s7_vzero,0.262175
755000,A_w100_T10000_std_lr0.01_s8_vzero,0.0922914
755000,A_w100_T10000_std_lr0.01_s9_vzero,0.241458
756000,A_w100_T10000_std_lr0.01_s0_vzero,0.171961
756000,A_w100_T10000_std_lr0.01_s1_vzero,0.166465
756000,A_w100_T10000_std_lr0.01_s2_vzero,7.12422e-06
756000,A_w100_T10000_std_lr0.01_s3_vzero,0.85005
756000,A_w100_T10000_std_lr0.01_s4_vzero,2.29969
756000,A_w100_T10000_std_lr0.01_s5_vzero,0.090587
756000,A_w100_T10000_std_lr0.01_s6_vzero,0.0566193
756000,A_w100_T10000_std_lr0.01_s7_vzero,0.316245
756000,A_w100_T10000_std_lr0.01_s8_vzero,0.100957
756000,A_w100_T10000_std_lr0.01_s9_vzero,0.22352
757000,A_w100_T10000_std_lr0.01_s0_vzero,0.155058
757000,A_w100_T10000_std_lr0.01_s1_vzero,0.160215
757000,A_w100_T10000_std_lr0.01_s2_vzero,1.20046e-06
757000,A_w100_T10000_std_lr0.01_s3_vzero,0.803073
757000,A_w100_T10000_std_lr0.01_s4_vzero,2.2073
757000,A_w100_T10000_std_lr0.01_s5_vzero,0.0694889
757000,A_w100_T10000_std_lr0.01_s6_vzero,0.050648
757000,A_w100_T10000_std_lr0.01_s7_vzero,0.319118
757000,A_w100_T10000_std_lr0.01_s8_vzero,0.0911932
757000,A_w100_T10000_std_lr0.01_s9_vzero,0.207463
758000,A_w100_T10000_std_lr0.01_s0_vzero,0.147419
758000,A_w100_T10000_std_lr0.01_s1_vzero,0.156913
758000,A_w100_T10000_std_lr0.01_s2_vzero,1.77667e-07
758000,A_w100_T10000_std_lr0.01_s3_vzero,0.642536
758000,A_w100_T10000_std_lr0.01_s4_vzero,1.97664
758000,A_w100_T10000_std_lr0.01_s5_vzero,0.0535053
758000,A_w100_T10000_std_lr0.01_s6_vzero,0.0447248
758000,A_w100_T10000_std_lr0.01_s7_vzero,0.24828
758000,A_w100_T10000_std_lr0.01_s8_vzero,0.087551
758000,A_w100_T10000_std_lr0.01_s9_vzero,0.198282
759000,A_w100_T10000_std_lr0.01_s0_vzero,0.136087
759000,A_w100_T10000_std_lr0.01_s1_vzero,0.166676
759000,A_w100_T10000_std_lr0.01_s2_vzero,2.75872e-08
759000,A_w100_T10000_std_lr0.01_s3_vzero,0.676797
759000,A_w100_T10000_std_lr0.01_s4_vzero,1.96338
759000,A_w100_T10000_std_lr0.01_s5_vzero,0.0425745
759000,A_w100_T10000_std_lr0.01_s6_vzero,0.0421875
759000,A_w100_T10000_std_lr0.01_s7_vzero,0.33876
759000,A_w100_T10000_std_lr0.01_s8_vzero,0.0769774
759000,A_w100_T10000_std_lr0.01_s9_vzero,0.186358
760000,A_w100_T10000_std_lr0.01_s0_vzero,0.151458
760000,A_w100_T10000_std_lr0.01_s1_vzero,0.117892
760000,A_w100_T10000_std_lr0.01_s2_vzero,6.27161e-09
760000,A_w100_T10000_std_lr0.01_s3_vzero,0.637363
760000,A_w100_T10000_std_lr0.01_s4_vzero,2.08555
760000,A_w100_T10000_std_lr0.01_s5_vzero,0.033765
760000,A_w100_T10000_std_lr0.01_s6_vzero,0.0402469
760000,A_w100_T10000_std_lr0.01_s7_vzero,0.325367
760000,A_w100_T10000_std_lr0.01_s8_vzero,0.0820681
760000,A_w100_T10000_std_lr0.01_s9_vzero,0.156933
761000,A_w100_T10000_std_lr0.01_s0_vzero,0.539269
761000,A_w100_T10000_std_lr0.01_s1_vzero,0.996605
761000,A_w100_T10000_std_lr0.01_s2_vzero,0.119873
761000,A_w100_T10000_std_lr0.01_s3_vzero,0.69404
761000,A_w100_T10000_std_lr0.01_s4_vzero,2.21442
761000,A_w100_T10000_std_lr0.01_s5_vzero,0.209181
761000,A_w100_T10000_std_lr0.01_s6_vzero,0.548896
761000,A_w100_T10000_std_lr0.01_s7_vzero,0.524812
761000,A_w100_T10000_std_lr0.01_s8_vzero,0.353714
761000,A_w100_T10000_std_lr0.01_s9_vzero,0.666911
762000,A_w100_T10000_std_lr0.01_s0_vzero,0.376676
762000,A_w100_T10000_std_lr0.01_s1_vzero,0.760664
762000,A_w100_T10000_std_lr0.01_s2_vzero,0.0126607
762000,A_w100_T10000_std_lr0.01_s3_vzero,0.469094
762000,A_w100_T10000_std_lr0.01_s4_vzero,1.90757
762000,A_w100_T10000_std_lr0.01_s5_vzero,0.0327477
762000,A_w100_T10000_std_lr0.01_s6_vzero,0.444721
762000,A_w100_T10000_std_lr0.01_s7_vzero,0.428504
762000,A_w100_T10000_std_lr0.01_s8_vzero,0.160079
762000,A_w100_T10000_std_lr0.01_s9_vzero,0.177494
763000,A_w100_T10000_std_lr0.01_s0_vzero,0.363835
763000,A_w100_T10000_std_lr0.01_s1_vzero,0.653776
763000,A_w100_T10000_std_lr0.01_s2_vzero,0.00193335
763000,A_w100_T10000_std_lr0.01_s3_vzero,0.365274
763000,A_w100_T10000_std_lr0.01_s4_vzero,1.90647
763000,A_w100_T10000_std_lr0.01_s5_vzero,0.0124132
763000,A_w100_T10000_std_lr0.01_s6_vzero,0.433252
763000,A_w100_T10000_std_lr0.01_s7_vzero,0.428476
763000,A_w100_T10000_std_lr0.01_s8_vzero,0.113384
763000,A_w100_T10000_std_lr0.01_s9_vzero,0.0871859
764000,A_w100_T10000_std_lr0.01_s0_vzero,0.317059
764000,A_w100_T10000_std_lr0.01_s1_vzero,0.544821
764000,A_w100_T10000_std_lr0.01_s2_vzero,0.000547069
764000,A_w100_T10000_std_lr0.01_s3_vzero,0.356813
764000,A_w100_T10000_std_lr0.01_s4_vzero,1.90618
764000,A_w100_T10000_std_lr0.01_s5_vzero,0.00796005
764000,A_w100_T10000_std_lr0.01_s6_vzero,0.385377
764000,A_w100_T10000_std_lr0.01_s7_vzero,0.390003
764000,A_w100_T10000_std_lr0.01_s8_vzero,0.0568506
764000,A_w100_T10000_std_lr0.01_s9_vzero,0.0539239
765000,A_w100_T10000_std_lr0.01_s0_vzero,0.352185
765000,A_w100_T10000_std_lr0.01_s1_vzero,0.415357
765000,A_w100_T10000_std_lr0.01_s2_vzero,0.000110986
765000,A_w100_T10000_std_lr0.01_s3_vzero,0.354292
765000,A_w100_T10000_std_lr0.01_s4_vzero,1.92181
765000,A_w100_T10000_std_lr0.01_s5_vzero,0.00533891
765000,A_w100_T10000_std_lr0.01_s6_vzero,0.334677
765000,A_w100_T10000_std_lr0.01_s7_vzero,0.358118
765000,A_w100_T10000_std_lr0.01_s8_vzero,0.0331445
765000,A_w100_T10000_std_lr0.01_s9_vzero,0.0408864
766000,A_w100_T10000_std_lr0.01_s0_vzero,0.299812
766000,A_w100_T10000_std_lr0.01_s1_vzero,0.454714
766000,A_w100_T10000_std_lr0.01_s2_vzero,3.19946e-05
766000,A_w100_T10000_std_lr0.01_s3_vzero,0.339315
766000,A_w100_T10000_std_lr0.01_s4_vzero,1.86103
766000,A_w100_T10000_std_lr0.01_s5_vzero,0.00315112
766000,A_w100_T10000_std_lr0.01_s6_vzero,0.342507
766000,A_w100_T10000_std_lr0.01_s7_vzero,0.327829
766000,A_w100_T10000_std_lr0.01_s8_vzero,0.0207341
766000,A_w100_T10000_std_lr0.01_s9_vzero,0.0273182
767000,A_w100_T10000_std_lr0.01_s0_vzero,0.25192
767000,A_w100_T10000_std_lr0.01_s1_vzero,0.422896
767000,A_w100_T10000_std_lr0.01_s2_vzero,9.18993e-06
767000,A_w100_T10000_std_lr0.01_s3_vzero,0.327221
767000,A_w100_T10000_std_lr0.01_s4_vzero,1.76603
767000,A_w100_T10000_std_lr0.01_s5_vzero,0.00174674
767000,A_w100_T10000_std_lr0.01_s6_vzero,0.335742
767000,A_w100_T10000_std_lr0.01_s7_vzero,0.36469
767000,A_w100_T10000_std_lr0.01_s8_vzero,0.0154393
767000,A_w100_T10000_std_lr0.01_s9_vzero,0.0181402
768000,A_w100_T10000_std_lr0.01_s0_vzero,0.273038
768000,A_w100_T10000_std_lr0.01_s1_vzero,0.390538
768000,A_w100_T10000_std_lr0.01_s2_vzero,3.3186e-06
768000,A_w100_T10000_std_lr0.01_s3_vzero,0.354739
768000,A_w100_T10000_std_lr0.01_s4_vzero,1.79692
768000,A_w100_T10000_std_lr0.01_s5_vzero,0.00113699
768000,A_w100_T10000_std_lr0.01_s6_vzero,0.319291
768000,A_w100_T10000_std_lr0.01_s7_vzero,0.369287
768000,A_w100_T10000_std_lr0.01_s8_vzero,0.0111651
768000,A_w100_T10000_std_lr0.01_s9_vzero,0.0138076
769000,A_w100_T10000_std_lr0.01_s0_vzero,0.230108
769000,A_w100_T10000_std_lr0.01_s1_vzero,0.349005
769000,A_w100_T10000_std_lr0.01_s2_vzero,1.06516e-06
769000,A_w100_T10000_std_lr0.01_s3_vzero,0.340066
769000,A_w100_T10000_std_lr0.01_s4_vzero,1.81856
769000,A_w100_T10000_std_lr0.01_s5_vzero,0.000719968
769000,A_w100_T10000_std_lr0.01_s6_vzero,0.326643
769000,A_w100_T10000_std_lr0.01_s7_vzero,0.336877
769000,A_w100_T10000_std_lr0.01_s8_vzero,0.00833274
769000,A_w100_T10000_std_lr0.01_s9_vzero,0.00983521
770000,A_w100_T10000_std_lr0.01_s0_vzero,0.208151
770000,A_w100_T10000_std_lr0.01_s1_vzero,0.320741
770000,A_w100_T10000_std_lr0.01_s2_vzero,3.02286e-07
770000,A_w100_T10000_std_lr0.01_s3_vzero,0.327598
770000,A_w100_T10000_std_lr0.01_s4_vzero,1.85796
770000,A_w100_T10000_std_lr0.01_s5_vzero,0.000438273
770000,A_w100_T10000_std_lr0.01_s6_vzero,0.329494
770000,A_w100_T10000_std_lr0.01_s7_vzero,0.366514
770000,A_w100_T10000_std_lr0.01_s8_vzero,0.00682497
770000,A_w100_T10000_std_lr0.01_s9_vzero,0.00573561
771000,A_w100_T10000_std_lr0.01_s0_vzero,0.276335
771000,A_w100_T10000_std_lr0.01_s1_vzero,0.896248
771000,A_w100_T10000_std_lr0.01_s2_vzero,0.145355
771000,A_w100_T10000_std_lr0.01_s3_vzero,0.562322
771000,A_w100_T10000_std_lr0.01_s4_vzero,2.54535
771000,A_w100_T10000_std_lr0.01_s5_vzero,0.176197
771000,A_w100_T10000_std_lr0.01_s6_vzero,0.576957
771000,A_w100_T10000_std_lr0.01_s7_vzero,1.13241
771000,A_w100_T10000_std_lr0.01_s8_vzero,0.263945
771000,A_w100_T10000_std_lr0.01_s9_vzero,0.646695
772000,A_w100_T10000_std_lr0.01_s0_vzero,0.142841
772000,A_w100_T10000_std_lr0.01_s1_vzero,0.694659
772000,A_w100_T10000_std_lr0.01_s2_vzero,0.0116276
772000,A_w100_T10000_std_lr0.01_s3_vzero,0.388018
772000,A_w100_T10000_std_lr0.01_s4_vzero,2.39533
772000,A_w100_T10000_std_lr0.01_s5_vzero,0.0494869
772000,A_w100_T10000_std_lr0.01_s6_vzero,0.479659
772000,A_w100_T10000_std_lr0.01_s7_vzero,0.775095
772000,A_w100_T10000_std_lr0.01_s8_vzero,0.0616459
772000,A_w100_T10000_std_lr0.01_s9_vzero,0.172868
773000,A_w100_T10000_std_lr0.01_s0_vzero,0.0971673
773000,A_w100_T10000_std_lr0.01_s1_vzero,0.610011
773000,A_w100_T10000_std_lr0.01_s2_vzero,0.00276177
773000,A_w100_T10000_std_lr0.01_s3_vzero,0.370157
773000,A_w100_T10000_std_lr0.01_s4_vzero,2.48662
773000,A_w100_T10000_std_lr0.01_s5_vzero,0.0259745
773000,A_w100_T10000_std_lr0.01_s6_vzero,0.443842
773000,A_w100_T10000_std_lr0.01_s7_vzero,0.803546
773000,A_w100_T10000_std_lr0.01_s8_vzero,0.0413079
773000,A_w100_T10000_std_lr0.01_s9_vzero,0.116238
774000,A_w100_T10000_std_lr0.01_s0_vzero,0.0900753
774000,A_w100_T10000_std_lr0.01_s1_vzero,0.533302
774000,A_w100_T10000_std_lr0.01_s2_vzero,0.000604058
774000,A_w100_T10000_std_lr0.01_s3_vzero,0.354717
774000,A_w100_T10000_std_lr0.01_s4_vzero,2.46583
774000,A_w100_T10000_std_lr0.01_s5_vzero,0.017596
774000,A_w100_T10000_std_lr0.01_s6_vzero,0.459339
774000,A_w100_T10000_std_lr0.01_s7_vzero,0.756872
774000,A_w100_T10000_std_lr0.01_s8_vzero,0.0307028
774000,A_w100_T10000_std_lr0.01_s9_vzero,0.0777631
775000,A_w100_T10000_std_lr0.01_s0_vzero,0.0832695
775000,A_w100_T10000_std_lr0.01_s1_vzero,0.50818
775000,A_w100_T10000_std_lr0.01_s2_vzero,0.000170271
775000,A_w100_T10000_std_lr0.01_s3_vzero,0.401009
775000,A_w100_T10000_std_lr0.01_s4_vzero,2.46819
775000,A_w100_T10000_std_lr0.01_s5_vzero,0.0123681
775000,A_w100_T10000_std_lr0.01_s6_vzero,0.529216
775000,A_w100_T10000_std_lr0.01_s7_vzero,0.665475
775000,A_w100_T10000_std_lr0.01_s8_vzero,0.0283149
775000,A_w100_T10000_std_lr0.01_s9_vzero,0.0490091
776000,A_w100_T10000_std_lr0.01_s0_vzero,0.0504614
776000,A_w100_T10000_std_lr0.01_s1_vzero,0.427838
776000,A_w100_T10000_std_lr0.01_s2_vzero,4.51672e-05
776000,A_w100_T10000_std_lr0.01_s3_vzero,0.38307
776000,A_w100_T10000_std_lr0.01_s4_vzero,2.44234
776000,A_w100_T10000_std_lr0.01_s5_vzero,0.00806643
776000,A_w100_T10000_std_lr0.01_s6_vzero,0.44334
776000,A_w100_T10000_std_lr0.01_s7_vzero,0.727805
776000,A_w100_T10000_std_lr0.01_s8_vzero,0.0252177
776000,A_w100_T10000_std_lr0.01_s9_vzero,0.031503
777000,A_w100_T10000_std_lr0.01_s0_vzero,0.0333823
777000,A_w100_T10000_std_lr0.01_s1_vzero,0.504645
777000,A_w100_T10000_std_lr0.01_s2_vzero,1.30859e-05
777000,A_w100_T10000_std_lr0.01_s3_vzero,0.370594
777000,A_w100_T10000_std_lr0.01_s4_vzero,2.33455
777000,A_w100_T10000_std_lr0.01_s5_vzero,0.00541039
777000,A_w100_T10000_std_lr0.01_s6_vzero,0.417394
777000,A_w100_T10000_std_lr0.01_s7_vzero,0.662919
777000,A_w100_T10000_std_lr0.01_s8_vzero,0.022738
777000,A_w100_T10000_std_lr0.01_s9_vzero,0.0213646
778000,A_w100_T10000_std_lr0.01_s0_vzero,0.0254803
778000,A_w100_T10000_std_lr0.01_s1_vzero,0.402842
778000,A_w100_T10000_std_lr0.01_s2_vzero,3.79041e-06
778000,A_w100_T10000_std_lr0.01_s3_vzero,0.345651
778000,A_w100_T10000_std_lr0.01_s4_vzero,2.2876
778000,A_w100_T10000_std_lr0.01_s5_vzero,0.00395268
778000,A_w100_T10000_std_lr0.01_s6_vzero,0.498531
778000,A_w100_T10000_std_lr0.01_s7_vzero,0.677452
778000,A_w100_T10000_std_lr0.01_s8_vzero,0.0194531
778000,A_w100_T10000_std_lr0.01_s9_vzero,0.0152041
779000,A_w100_T10000_std_lr0.01_s0_vzero,0.019998
779000,A_w100_T10000_std_lr0.01_s1_vzero,0.509457
779000,A_w100_T10000_std_lr0.01_s2_vzero,1.09795e-06
779000,A_w100_T10000_std_lr0.01_s3_vzero,0.345426
779000,A_w100_T10000_std_lr0.01_s4_vzero,2.27775
779000,A_w100_T10000_std_lr0.01_s5_vzero,0.00324249
779000,A_w100_T10000_std_lr0.01_s6_vzero,0.479625
779000,A_w100_T10000_std_lr0.01_s7_vzero,0.787537
779000,A_w100_T10000_std_lr0.01_s8_vzero,0.0207519
779000,A_w100_T10000_std_lr0.01_s9_vzero,0.0116283
780000,A_w100_T10000_std_lr0.01_s0_vzero,0.0197702
780000,A_w100_T10000_std_lr0.01_s1_vzero,0.412869
780000,A_w100_T10000_std_lr0.01_s2_vzero,2.85205e-07
780000,A_w100_T10000_std_lr0.01_s3_vzero,0.336628
780000,A_w100_T10000_std_lr0.01_s4_vzero,2.20034
780000,A_w100_T10000_std_lr0.01_s5_vzero,0.00232072
780000,A_w100_T10000_std_lr0.01_s6_vzero,0.502455
780000,A_w100_T10000_std_lr0.01_s7_vzero,0.677842
780000,A_w100_T10000_std_lr0.01_s8_vzero,0.0199585
780000,A_w100_T10000_std_lr0.01_s9_vzero,0.00921561
781000,A_w100_T10000_std_lr0.01_s0_vzero,0.61677
781000,A_w100_T10000_std_lr0.01_s1_vzero,0.977285
781000,A_w100_T10000_std_lr0.01_s2_vzero,0.238081
781000,A_w100_T10000_std_lr0.01_s3_vzero,1.10261
781000,A_w100_T10000_std_lr0.01_s4_vzero,2.08053
781000,A_w100_T10000_std_lr0.01_s5_vzero,0.345068
781000,A_w100_T10000_std_lr0.01_s6_vzero,0.655442
781000,A_w100_T10000_std_lr0.01_s7_vzero,0.538179
781000,A_w100_T10000_std_lr0.01_s8_vzero,0.452973
781000,A_w100_T10000_std_lr0.01_s9_vzero,0.320972
782000,A_w100_T10000_std_lr0.01_s0_vzero,0.434164
782000,A_w100_T10000_std_lr0.01_s1_vzero,0.465717
782000,A_w100_T10000_std_lr0.01_s2_vzero,0.0365777
782000,A_w100_T10000_std_lr0.01_s3_vzero,0.96631
782000,A_w100_T10000_std_lr0.01_s4_vzero,1.5938
782000,A_w100_T10000_std_lr0.01_s5_vzero,0.131938
782000,A_w100_T10000_std_lr0.01_s6_vzero,0.516774
782000,A_w100_T10000_std_lr0.01_s7_vzero,0.303753
782000,A_w100_T10000_std_lr0.01_s8_vzero,0.0799941
782000,A_w100_T10000_std_lr0.01_s9_vzero,0.0468035
783000,A_w100_T10000_std_lr0.01_s0_vzero,0.349573
783000,A_w100_T10000_std_lr0.01_s1_vzero,0.233665
783000,A_w100_T10000_std_lr0.01_s2_vzero,0.0148754
783000,A_w100_T10000_std_lr0.01_s3_vzero,0.801882
783000,A_w100_T10000_std_lr0.01_s4_vzero,1.4951
783000,A_w100_T10000_std_lr0.01_s5_vzero,0.0791972
783000,A_w100_T10000_std_lr0.01_s6_vzero,0.475073
783000,A_w100_T10000_std_lr0.01_s7_vzero,0.290096
783000,A_w100_T10000_std_lr0.01_s8_vzero,0.0351743
783000,A_w100_T10000_std_lr0.01_s9_vzero,0.027105
784000,A_w100_T10000_std_lr0.01_s0_vzero,0.327422
784000,A_w100_T10000_std_lr0.01_s1_vzero,0.185653
784000,A_w100_T10000_std_lr0.01_s2_vzero,0.00589825
784000,A_w100_T10000_std_lr0.01_s3_vzero,0.718285
784000,A_w100_T10000_std_lr0.01_s4_vzero,1.08952
784000,A_w100_T10000_std_lr0.01_s5_vzero,0.0318862
784000,A_w100_T10000_std_lr0.01_s6_vzero,0.502182
784000,A_w100_T10000_std_lr0.01_s7_vzero,0.300213
784000,A_w100_T10000_std_lr0.01_s8_vzero,0.0209179
784000,A_w100_T10000_std_lr0.01_s9_vzero,0.0225657
785000,A_w100_T10000_std_lr0.01_s0_vzero,0.340685
785000,A_w100_T10000_std_lr0.01_s1_vzero,0.175085
785000,A_w100_T10000_std_lr0.01_s2_vzero,0.00177903
785000,A_w100_T10000_std_lr0.01_s3_vzero,0.646148
785000,A_w100_T10000_std_lr0.01_s4_vzero,1.04463
785000,A_w100_T10000_std_lr0.01_s5_vzero,0.0193622
785000,A_w100_T10000_std_lr0.01_s6_vzero,0.473534
785000,A_w100_T10000_std_lr0.01_s7_vzero,0.278659
785000,A_w100_T10000_std_lr0.01_s8_vzero,0.0141338
785000,A_w100_T10000_std_lr0.01_s9_vzero,0.0154782
786000,A_w100_T10000_std_lr0.01_s0_vzero,0.277495
786000,A_w100_T10000_std_lr0.01_s1_vzero,0.163844
786000,A_w100_T10000_std_lr0.01_s2_vzero,0.000616276
786000,A_w100_T10000_std_lr0.01_s3_vzero,0.639562
786000,A_w100_T10000_std_lr0.01_s4_vzero,0.965717
786000,A_w100_T10000_std_lr0.01_s5_vzero,0.0142383
786000,A_w100_T10000_std_lr0.01_s6_vzero,0.474347
786000,A_w100_T10000_std_lr0.01_s7_vzero,0.28571
786000,A_w100_T10000_std_lr0.01_s8_vzero,0.012059
786000,A_w100_T10000_std_lr0.01_s9_vzero,0.0112987
787000,A_w100_T10000_std_lr0.01_s0_vzero,0.314165
787000,A_w100_T10000_std_lr0.01_s1_vzero,0.130565
787000,A_w100_T10000_std_lr0.01_s2_vzero,0.000217693
787000,A_w100_T10000_std_lr0.01_s3_vzero,0.644218
787000,A_w100_T10000_std_lr0.01_s4_vzero,0.933119
787000,A_w100_T10000_std_lr0.01_s5_vzero,0.00716511
787000,A_w100_T10000_std_lr0.01_s6_vzero,0.473391
787000,A_w100_T10000_std_lr0.01_s7_vzero,0.26341
787000,A_w100_T10000_std_lr0.01_s8_vzero,0.00728848
787000,A_w100_T10000_std_lr0.01_s9_vzero,0.00876249
788000,A_w100_T10000_std_lr0.01_s0_vzero,0.296287
788000,A_w100_T10000_std_lr0.01_s1_vzero,0.124985
788000,A_w100_T10000_std_lr0.01_s2_vzero,9.60647e-05
788000,A_w100_T10000_std_lr0.01_s3_vzero,0.574235
788000,A_w100_T10000_std_lr0.01_s4_vzero,0.889642
788000,A_w100_T10000_std_lr0.01_s5_vzero,0.00510067
788000,A_w100_T10000_std_lr0.01_s6_vzero,0.464293
788000,A_w100_T10000_std_lr0.01_s7_vzero,0.25759
788000,A_w100_T10000_std_lr0.01_s8_vzero,0.00676803
788000,A_w100_T10000_std_lr0.01_s9_vzero,0.00676038
789000,A_w100_T10000_std_lr0.01_s0_vzero,0.246947
789000,A_w100_T10000_std_lr0.01_s1_vzero,0.114315
789000,A_w100_T10000_std_lr0.01_s2_vzero,2.62996e-05
789000,A_w100_T10000_std_lr0.01_s3_vzero,0.553481
789000,A_w100_T10000_std_lr0.01_s4_vzero,0.984994
789000,A_w100_T10000_std_lr0.01_s5_vzero,0.00169411
789000,A_w100_T10000_std_lr0.01_s6_vzero,0.454717
789000,A_w100_T10000_std_lr0.01_s7_vzero,0.284674
789000,A_w100_T10000_std_lr0.01_s8_vzero,0.00875098
789000,A_w100_T10000_std_lr0.01_s9_vzero,0.00464455
790000,A_w100_T10000_std_lr0.01_s0_vzero,0.257324
790000,A_w100_T10000_std_lr0.01_s1_vzero,0.115821
790000,A_w100_T10000_std_lr0.01_s2_vzero,8.73702e-06
790000,A_w100_T10000_std_lr0.01_s3_vzero,0.5208
790000,A_w100_T10000_std_lr0.01_s4_vzero,0.908487
790000,A_w100_T10000_std_lr0.01_s5_vzero,0.000466397
790000,A_w100_T10000_std_lr0.01_s6_vzero,0.490305
790000,A_w100_T10000_std_lr0.01_s7_vzero,0.274607
790000,A_w100_T10000_std_lr0.01_s8_vzero,0.00738658
790000,A_w100_T10000_std_lr0.01_s9_vzero,0.00410702
791000,A_w100_T10000_std_lr0.01_s0_vzero,0.223237
791000,A_w100_T10000_std_lr0.01_s1_vzero,0.951146
791000,A_w100_T10000_std_lr0.01_s2_vzero,0.295532
791000,A_w100_T10000_std_lr0.01_s3_vzero,0.566238
791000,A_w100_T10000_std_lr0.01_s4_vzero,0.722528
791000,A_w100_T10000_std_lr0.01_s5_vzero,0.140812
791000,A_w100_T10000_std_lr0.01_s6_vzero,0.537691
791000,A_w100_T10000_std_lr0.01_s7_vzero,0.510944
791000,A_w100_T10000_std_lr0.01_s8_vzero,0.898397
791000,A_w100_T10000_std_lr0.01_s9_vzero,0.364094
792000,A_w100_T10000_std_lr0.01_s0_vzero,0.0560733
792000,A_w100_T10000_std_lr0.01_s1_vzero,0.813809
792000,A_w100_T10000_std_lr0.01_s2_vzero,0.108324
792000,A_w100_T10000_std_lr0.01_s3_vzero,0.477437
792000,A_w100_T10000_std_lr0.01_s4_vzero,0.378259
792000,A_w100_T10000_std_lr0.01_s5_vzero,0.00580892
792000,A_w100_T10000_std_lr0.01_s6_vzero,0.373654
792000,A_w100_T10000_std_lr0.01_s7_vzero,0.436462
792000,A_w100_T10000_std_lr0.01_s8_vzero,0.223844
792000,A_w100_T10000_std_lr0.01_s9_vzero,0.0464791
793000,A_w100_T10000_std_lr0.01_s0_vzero,0.0427917
793000,A_w100_T10000_std_lr0.01_s1_vzero,0.825464
793000,A_w100_T10000_std_lr0.01_s2_vzero,0.0577134
793000,A_w100_T10000_std_lr0.01_s3_vzero,0.482493
793000,A_w100_T10000_std_lr0.01_s4_vzero,0.341646
793000,A_w100_T10000_std_lr0.01_s5_vzero,0.00249496
793000,A_w100_T10000_std_lr0.01_s6_vzero,0.308029
793000,A_w100_T10000_std_lr0.01_s7_vzero,0.434952
793000,A_w100_T10000_std_lr0.01_s8_vzero,0.101433
793000,A_w100_T10000_std_lr0.01_s9_vzero,0.0126954
794000,A_w100_T10000_std_lr0.01_s0_vzero,0.0286453
794000,A_w100_T10000_std_lr0.01_s1_vzero,0.657154
794000,A_w100_T10000_std_lr0.01_s2_vzero,0.0308429
794000,A_w100_T10000_std_lr0.01_s3_vzero,0.415365
794000,A_w100_T10000_std_lr0.01_s4_vzero,0.29001
794000,A_w100_T10000_std_lr0.01_s5_vzero,0.00152654
794000,A_w100_T10000_std_lr0.01_s6_vzero,0.278713
794000,A_w100_T10000_std_lr0.01_s7_vzero,0.466492
794000,A_w100_T10000_std_lr0.01_s8_vzero,0.0825716
794000,A_w100_T10000_std_lr0.01_s9_vzero,0.00584077
795000,A_w100_T10000_std_lr0.01_s0_vzero,0.0302592
795000,A_w100_T10000_std_lr0.01_s1_vzero,0.534473
795000,A_w100_T10000_std_lr0.01_s2_vzero,0.0191447
795000,A_w100_T10000_std_lr0.01_s3_vzero,0.485573
795000,A_w100_T10000_std_lr0.01_s4_vzero,0.294812
795000,A_w100_T10000_std_lr0.01_s5_vzero,0.000799509
795000,A_w100_T10000_std_lr0.01_s6_vzero,0.245176
795000,A_w100_T10000_std_lr0.01_s7_vzero,0.428818
795000,A_w100_T10000_std_lr0.01_s8_vzero,0.0617583
795000,A_w100_T10000_std_lr0.01_s9_vzero,0.00255857
796000,A_w100_T10000_std_lr0.01_s0_vzero,0.0219405
796000,A_w100_T10000_std_lr0.01_s1_vzero,0.491319
796000,A_w100_T10000_std_lr0.01_s2_vzero,0.00793057
796000,A_w100_T10000_std_lr0.01_s3_vzero,0.433986
796000,A_w100_T10000_std_lr0.01_s4_vzero,0.267451
796000,A_w100_T10000_std_lr0.01_s5_vzero,0.00058545
796000,A_w100_T10000_std_lr0.01_s6_vzero,0.256361
796000,A_w100_T10000_std_lr0.01_s7_vzero,0.3977
796000,A_w100_T10000_std_lr0.01_s8_vzero,0.0501494
796000,A_w100_T10000_std_lr0.01_s9_vzero,0.000840801
797000,A_w100_T10000_std_lr0.01_s0_vzero,0.0220031
797000,A_w100_T10000_std_lr0.01_s1_vzero,0.447495
797000,A_w100_T10000_std_lr0.01_s2_vzero,0.00396024
797000,A_w100_T10000_std_lr0.01_s3_vzero,0.434405
797000,A_w100_T10000_std_lr0.01_s4_vzero,0.234286
797000,A_w100_T10000_std_lr0.01_s5_vzero,0.000409851
797000,A_w100_T10000_std_lr0.01_s6_vzero,0.250441
797000,A_w100_T10000_std_lr0.01_s7_vzero,0.40524
797000,A_w100_T10000_std_lr0.01_s8_vzero,0.0468058
797000,A_w100_T10000_std_lr0.01_s9_vzero,0.000289527
798000,A_w100_T10000_std_lr0.01_s0_vzero,0.0174119
798000,A_w100_T10000_std_lr0.01_s1_vzero,0.508175
798000,A_w100_T10000_std_lr0.01_s2_vzero,0.00234642
798000,A_w100_T10000_std_lr0.01_s3_vzero,0.465282
798000,A_w100_T10000_std_lr0.01_s4_vzero,0.244518
798000,A_w100_T10000_std_lr0.01_s5_vzero,0.000283219
798000,A_w100_T10000_std_lr0.01_s6_vzero,0.247496
798000,A_w100_T10000_std_lr0.01_s7_vzero,0.432515
798000,A_w100_T10000_std_lr0.01_s8_vzero,0.0468737
798000,A_w100_T10000_std_lr0.01_s9_vzero,0.000104234
799000,A_w100_T10000_std_lr0.01_s0_vzero,0.015936
799000,A_w100_T10000_std_lr0.01_s1_vzero,0.526464
799000,A_w100_T10000_std_lr0.01_s2_vzero,0.00142856
799000,A_w100_T10000_std_lr0.01_s3_vzero,0.415132
799000,A_w100_T10000_std_lr0.01_s4_vzero,0.246032
799000,A_w100_T10000_std_lr0.01_s5_vzero,0.000220299
799000,A_w100_T10000_std_lr0.01_s6_vzero,0.260534
799000,A_w100_T10000_std_lr0.01_s7_vzero,0.439716
799000,A_w100_T10000_std_lr0.01_s8_vzero,0.0513831
799000,A_w100_T10000_std_lr0.01_s9_vzero,2.44755e-05
800000,A_w100_T10000_std_lr0.01_s0_vzero,0.0243124
800000,A_w100_T10000_std_lr0.01_s1_vzero,0.508114
800000,A_w100_T10000_std_lr0.01_s2_vzero,0.000819088
800000,A_w100_T10000_std_lr0.01_s3_vzero,0.409176
800000,A_w100_T10000_std_lr0.01_s4_vzero,0.264873
800000,A_w100_T10000_std_lr0.01_s5_vzero,0.000188838
800000,A_w100_T10000_std_lr0.01_s6_vzero,0.23382
800000,A_w100_T10000_std_lr0.01_s7_vzero,0.391765
800000,A_w100_T10000_std_lr0.01_s8_vzero,0.0476582
800000,A_w100_T10000_std_lr0.01_s9_vzero,1.18988e-05
801000,A_w100_T10000_std_lr0.01_s0_vzero,0.466649
801000,A_w100_T10000_std_lr0.01_s1_vzero,0.961376
801000,A_w100_T10000_std_lr0.01_s2_vzero,0.295194
801000,A_w100_T10000_std_lr0.01_s3_vzero,0.883947
801000,A_w100_T10000_std_lr0.01_s4_vzero,1.57302
801000,A_w100_T10000_std_lr0.01_s5_vzero,0.183881
801000,A_w100_T10000_std_lr0.01_s6_vzero,0.973322
801000,A_w100_T10000_std_lr0.01_s7_vzero,0.348585
801000,A_w100_T10000_std_lr0.01_s8_vzero,1.09703
801000,A_w100_T10000_std_lr0.01_s9_vzero,0.276829
802000,A_w100_T10000_std_lr0.01_s0_vzero,0.295142
802000,A_w100_T10000_std_lr0.01_s1_vzero,0.883977
802000,A_w100_T10000_std_lr0.01_s2_vzero,0.0455045
802000,A_w100_T10000_std_lr0.01_s3_vzero,0.762827
802000,A_w100_T10000_std_lr0.01_s4_vzero,1.35247
802000,A_w100_T10000_std_lr0.01_s5_vzero,0.0224026
802000,A_w100_T10000_std_lr0.01_s6_vzero,0.578982
802000,A_w100_T10000_std_lr0.01_s7_vzero,0.271448
802000,A_w100_T10000_std_lr0.01_s8_vzero,0.724507
802000,A_w100_T10000_std_lr0.01_s9_vzero,0.0332543
803000,A_w100_T10000_std_lr0.01_s0_vzero,0.236591
803000,A_w100_T10000_std_lr0.01_s1_vzero,0.855632
803000,A_w100_T10000_std_lr0.01_s2_vzero,0.019478
803000,A_w100_T10000_std_lr0.01_s3_vzero,0.729449
803000,A_w100_T10000_std_lr0.01_s4_vzero,1.31267
803000,A_w100_T10000_std_lr0.01_s5_vzero,0.00837753
803000,A_w100_T10000_std_lr0.01_s6_vzero,0.492032
803000,A_w100_T10000_std_lr0.01_s7_vzero,0.2468
803000,A_w100_T10000_std_lr0.01_s8_vzero,0.690372
803000,A_w100_T10000_std_lr0.01_s9_vzero,0.0163008
804000,A_w100_T10000_std_lr0.01_s0_vzero,0.207036
804000,A_w100_T10000_std_lr0.01_s1_vzero,0.931007
804000,A_w100_T10000_std_lr0.01_s2_vzero,0.0113497
804000,A_w100_T10000_std_lr0.01_s3_vzero,0.72674
804000,A_w100_T10000_std_lr0.01_s4_vzero,1.34356
804000,A_w100_T10000_std_lr0.01_s5_vzero,0.00501844
804000,A_w100_T10000_std_lr0.01_s6_vzero,0.506976
804000,A_w100_T10000_std_lr0.01_s7_vzero,0.242445
804000,A_w100_T10000_std_lr0.01_s8_vzero,0.652182
804000,A_w100_T10000_std_lr0.01_s9_vzero,0.00883722
805000,A_w100_T10000_std_lr0.01_s0_vzero,0.204512
805000,A_w100_T10000_std_lr0.01_s1_vzero,0.829309
805000,A_w100_T10000_std_lr0.01_s2_vzero,0.00709013
805000,A_w100_T10000_std_lr0.01_s3_vzero,0.743302
805000,A_w100_T10000_std_lr0.01_s4_vzero,1.269
805000,A_w100_T10000_std_lr0.01_s5_vzero,0.00341723
805000,A_w100_T10000_std_lr0.01_s6_vzero,0.488075
805000,A_w100_T10000_std_lr0.01_s7_vzero,0.236626
805000,A_w100_T10000_std_lr0.01_s8_vzero,0.562986
805000,A_w100_T10000_std_lr0.01_s9_vzero,0.00675212
806000,A_w100_T10000_std_lr0.01_s0_vzero,0.197624
806000,A_w100_T10000_std_lr0.01_s1_vzero,0.838567
806000,A_w100_T10000_std_lr0.01_s2_vzero,0.00521937
806000,A_w100_T10000_std_lr0.01_s3_vzero,0.678424
806000,A_w100_T10000_std_lr0.01_s4_vzero,1.39517
806000,A_w100_T10000_std_lr0.01_s5_vzero,0.00248952
806000,A_w100_T10000_std_lr0.01_s6_vzero,0.439707
806000,A_w100_T10000_std_lr0.01_s7_vzero,0.222511
806000,A_w100_T10000_std_lr0.01_s8_vzero,0.577022
806000,A_w100_T10000_std_lr0.01_s9_vzero,0.00368153
807000,A_w100_T10000_std_lr0.01_s0_vzero,0.178166
807000,A_w100_T10000_std_lr0.01_s1_vzero,0.894352
807000,A_w100_T10000_std_lr0.01_s2_vzero,0.00458308
807000,A_w100_T10000_std_lr0.01_s3_vzero,0.715891
807000,A_w100_T10000_std_lr0.01_s4_vzero,1.25128
807000,A_w100_T10000_std_lr0.01_s5_vzero,0.00157032
807000,A_w100_T10000_std_lr0.01_s6_vzero,0.475641
807000,A_w100_T10000_std_lr0.01_s7_vzero,0.224629
807000,A_w100_T10000_std_lr0.01_s8_vzero,0.5627
807000,A_w100_T10000_std_lr0.01_s9_vzero,0.00236921
808000,A_w100_T10000_std_lr0.01_s0_vzero,0.181525
808000,A_w100_T10000_std_lr0.01_s1_vzero,0.805965
808000,A_w100_T10000_std_lr0.01_s2_vzero,0.00336015
808000,A_w100_T10000_std_lr0.01_s3_vzero,0.726479
808000,A_w100_T10000_std_lr0.01_s4_vzero,1.2432
808000,A_w100_T10000_std_lr0.01_s5_vzero,0.00135981
808000,A_w100_T10000_std_lr0.01_s6_vzero,0.416009
808000,A_w100_T10000_std_lr0.01_s7_vzero,0.231148
808000,A_w100_T10000_std_lr0.01_s8_vzero,0.578911
808000,A_w100_T10000_std_lr0.01_s9_vzero,0.00152523
809000,A_w100_T10000_std_lr0.01_s0_vzero,0.183756
809000,A_w100_T10000_std_lr0.01_s1_vzero,0.779853
809000,A_w100_T10000_std_lr0.01_s2_vzero,0.00210527
809000,A_w100_T10000_std_lr0.01_s3_vzero,0.688893
809000,A_w100_T10000_std_lr0.01_s4_vzero,1.11469
809000,A_w100_T10000_std_lr0.01_s5_vzero,0.0012644
809000,A_w100_T10000_std_lr0.01_s6_vzero,0.418166
809000,A_w100_T10000_std_lr0.01_s7_vzero,0.227214
809000,A_w100_T10000_std_lr0.01_s8_vzero,0.574041
809000,A_w100_T10000_std_lr0.01_s9_vzero,0.000957956
810000,A_w100_T10000_std_lr0.01_s0_vzero,0.171985
810000,A_w100_T10000_std_lr0.01_s1_vzero,0.846951
810000,A_w100_T10000_std_lr0.01_s2_vzero,0.00173662
810000,A_w100_T10000_std_lr0.01_s3_vzero,0.705806
810000,A_w100_T10000_std_lr0.01_s4_vzero,1.1751
810000,A_w100_T10000_std_lr0.01_s5_vzero,0.00086953
810000,A_w100_T10000_std_lr0.01_s6_vzero,0.449888
810000,A_w100_T10000_std_lr0.01_s7_vzero,0.241379
810000,A_w100_T10000_std_lr0.01_s8_vzero,0.557874
810000,A_w100_T10000_std_lr0.01_s9_vzero,0.000657667
811000,A_w100_T10000_std_lr0.01_s0_vzero,0.148778
811000,A_w100_T10000_std_lr0.01_s1_vzero,0.451888
811000,A_w100_T10000_std_lr0.01_s2_vzero,0.258753
811000,A_w100_T10000_std_lr0.01_s3_vzero,1.09267
811000,A_w100_T10000_std_lr0.01_s4_vzero,0.710386
811000,A_w100_T10000_std_lr0.01_s5_vzero,0.569706
811000,A_w100_T10000_std_lr0.01_s6_vzero,0.832131
811000,A_w100_T10000_std_lr0.01_s7_vzero,0.426842
811000,A_w100_T10000_std_lr0.01_s8_vzero,1.33455
811000,A_w100_T10000_std_lr0.01_s9_vzero,0.451884
812000,A_w100_T10000_std_lr0.01_s0_vzero,0.0479873
812000,A_w100_T10000_std_lr0.01_s1_vzero,0.384143
812000,A_w100_T10000_std_lr0.01_s2_vzero,0.104746
812000,A_w100_T10000_std_lr0.01_s3_vzero,0.92385
812000,A_w100_T10000_std_lr0.01_s4_vzero,0.6501
812000,A_w100_T10000_std_lr0.01_s5_vzero,0.234537
812000,A_w100_T10000_std_lr0.01_s6_vzero,0.656032
812000,A_w100_T10000_std_lr0.01_s7_vzero,0.326779
812000,A_w100_T10000_std_lr0.01_s8_vzero,1.08139
812000,A_w100_T10000_std_lr0.01_s9_vzero,0.127345
813000,A_w100_T10000_std_lr0.01_s0_vzero,0.0419916
813000,A_w100_T10000_std_lr0.01_s1_vzero,0.381184
813000,A_w100_T10000_std_lr0.01_s2_vzero,0.056994
813000,A_w100_T10000_std_lr0.01_s3_vzero,0.943137
813000,A_w100_T10000_std_lr0.01_s4_vzero,0.618994
813000,A_w100_T10000_std_lr0.01_s5_vzero,0.0958394
813000,A_w100_T10000_std_lr0.01_s6_vzero,0.635448
813000,A_w100_T10000_std_lr0.01_s7_vzero,0.29998
813000,A_w100_T10000_std_lr0.01_s8_vzero,1.08802
813000,A_w100_T10000_std_lr0.01_s9_vzero,0.0682332
814000,A_w100_T10000_std_lr0.01_s0_vzero,0.0456623
814000,A_w100_T10000_std_lr0.01_s1_vzero,0.399575
814000,A_w100_T10000_std_lr0.01_s2_vzero,0.0258357
814000,A_w100_T10000_std_lr0.01_s3_vzero,0.945743
814000,A_w100_T10000_std_lr0.01_s4_vzero,0.631674
814000,A_w100_T10000_std_lr0.01_s5_vzero,0.045642
814000,A_w100_T10000_std_lr0.01_s6_vzero,0.633326
814000,A_w100_T10000_std_lr0.01_s7_vzero,0.276728
814000,A_w100_T10000_std_lr0.01_s8_vzero,1.13667
814000,A_w100_T10000_std_lr0.01_s9_vzero,0.0506384
815000,A_w100_T10000_std_lr0.01_s0_vzero,0.0393454
815000,A_w100_T10000_std_lr0.01_s1_vzero,0.402044
815000,A_w100_T10000_std_lr0.01_s2_vzero,0.0118367
815000,A_w100_T10000_std_lr0.01_s3_vzero,0.97897
815000,A_w100_T10000_std_lr0.01_s4_vzero,0.706881
815000,A_w100_T10000_std_lr0.01_s5_vzero,0.0175467
815000,A_w100_T10000_std_lr0.01_s6_vzero,0.564955
815000,A_w100_T10000_std_lr0.01_s7_vzero,0.302934
815000,A_w100_T10000_std_lr0.01_s8_vzero,1.08154
815000,A_w100_T10000_std_lr0.01_s9_vzero,0.0389629
816000,A_w100_T10000_std_lr0.01_s0_vzero,0.0321412
816000,A_w100_T10000_std_lr0.01_s1_vzero,0.390269
816000,A_w100_T10000_std_lr0.01_s2_vzero,0.00619947
816000,A_w100_T10000_std_lr0.01_s3_vzero,0.952592
816000,A_w100_T10000_std_lr0.01_s4_vzero,0.657295
816000,A_w100_T10000_std_lr0.01_s5_vzero,0.00593264
816000,A_w100_T10000_std_lr0.01_s6_vzero,0.630392
816000,A_w100_T10000_std_lr0.01_s7_vzero,0.27842
816000,A_w100_T10000_std_lr0.01_s8_vzero,1.18158
816000,A_w100_T10000_std_lr0.01_s9_vzero,0.0329679
817000,A_w100_T10000_std_lr0.01_s0_vzero,0.0303255
817000,A_w100_T10000_std_lr0.01_s1_vzero,0.432795
817000,A_w100_T10000_std_lr0.01_s2_vzero,0.00252401
817000,A_w100_T10000_std_lr0.01_s3_vzero,0.940691
817000,A_w100_T10000_std_lr0.01_s4_vzero,0.639775
817000,A_w100_T10000_std_lr0.01_s5_vzero,0.00212291
817000,A_w100_T10000_std_lr0.01_s6_vzero,0.654646
817000,A_w100_T10000_std_lr0.01_s7_vzero,0.277066
817000,A_w100_T10000_std_lr0.01_s8_vzero,1.16259
817000,A_w100_T10000_std_lr0.01_s9_vzero,0.0261137
818000,A_w100_T10000_std_lr0.01_s0_vzero,0.0284743
818000,A_w100_T10000_std_lr0.01_s1_vzero,0.447356
818000,A_w100_T10000_std_lr0.01_s2_vzero,0.0012661
818000,A_w100_T10000_std_lr0.01_s3_vzero,0.913042
818000,A_w100_T10000_std_lr0.01_s4_vzero,0.611285
818000,A_w100_T10000_std_lr0.01_s5_vzero,0.00057457
818000,A_w100_T10000_std_lr0.01_s6_vzero,0.586451
818000,A_w100_T10000_std_lr0.01_s7_vzero,0.261113
818000,A_w100_T10000_std_lr0.01_s8_vzero,1.09438
818000,A_w100_T10000_std_lr0.01_s9_vzero,0.019291
819000,A_w100_T10000_std_lr0.01_s0_vzero,0.0296495
819000,A_w100_T10000_std_lr0.01_s1_vzero,0.412281
819000,A_w100_T10000_std_lr0.01_s2_vzero,0.000634375
819000,A_w100_T10000_std_lr0.01_s3_vzero,0.92422
819000,A_w100_T10000_std_lr0.01_s4_vzero,0.577271
819000,A_w100_T10000_std_lr0.01_s5_vzero,0.000297522
819000,A_w100_T10000_std_lr0.01_s6_vzero,0.594594
819000,A_w100_T10000_std_lr0.01_s7_vzero,0.270717
819000,A_w100_T10000_std_lr0.01_s8_vzero,1.1248
819000,A_w100_T10000_std_lr0.01_s9_vzero,0.0166505
820000,A_w100_T10000_std_lr0.01_s0_vzero,0.0326495
820000,A_w100_T10000_std_lr0.01_s1_vzero,0.417643
820000,A_w100_T10000_std_lr0.01_s2_vzero,0.000366409
820000,A_w100_T10000_std_lr0.01_s3_vzero,0.934786
820000,A_w100_T10000_std_lr0.01_s4_vzero,0.660901
820000,A_w100_T10000_std_lr0.01_s5_vzero,7.34642e-05
820000,A_w100_T10000_std_lr0.01_s6_vzero,0.578182
820000,A_w100_T10000_std_lr0.01_s7_vzero,0.26392
820000,A_w100_T10000_std_lr0.01_s8_vzero,1.19189
820000,A_w100_T10000_std_lr0.01_s9_vzero,0.0110266
821000,A_w100_T10000_std_lr0.01_s0_vzero,0.489298
821000,A_w100_T10000_std_lr0.01_s1_vzero,1.74984
821000,A_w100_T10000_std_lr0.01_s2_vzero,0.282719
821000,A_w100_T10000_std_lr0.01_s3_vzero,1.12577
821000,A_w100_T10000_std_lr0.01_s4_vzero,0.917047
821000,A_w100_T10000_std_lr0.01_s5_vzero,0.340087
821000,A_w100_T10000_std_lr0.01_s6_vzero,0.83917
821000,A_w100_T10000_std_lr0.01_s7_vzero,0.620399
821000,A_w100_T10000_std_lr0.01_s8_vzero,1.25222
821000,A_w100_T10000_std_lr0.01_s9_vzero,0.396121
822000,A_w100_T10000_std_lr0.01_s0_vzero,0.238893
822000,A_w100_T10000_std_lr0.01_s1_vzero,1.41795
822000,A_w100_T10000_std_lr0.01_s2_vzero,0.0956986
822000,A_w100_T10000_std_lr0.01_s3_vzero,0.658652
822000,A_w100_T10000_std_lr0.01_s4_vzero,0.690664
822000,A_w100_T10000_std_lr0.01_s5_vzero,0.045678
822000,A_w100_T10000_std_lr0.01_s6_vzero,0.503488
822000,A_w100_T10000_std_lr0.01_s7_vzero,0.544202
822000,A_w100_T10000_std_lr0.01_s8_vzero,1.1882
822000,A_w100_T10000_std_lr0.01_s9_vzero,0.169424
823000,A_w100_T10000_std_lr0.01_s0_vzero,0.18047
823000,A_w100_T10000_std_lr0.01_s1_vzero,1.26277
823000,A_w100_T10000_std_lr0.01_s2_vzero,0.0558401
823000,A_w100_T10000_std_lr0.01_s3_vzero,0.565886
823000,A_w100_T10000_std_lr0.01_s4_vzero,0.655551
823000,A_w100_T10000_std_lr0.01_s5_vzero,0.0201366
823000,A_w100_T10000_std_lr0.01_s6_vzero,0.387021
823000,A_w100_T10000_std_lr0.01_s7_vzero,0.476757
823000,A_w100_T10000_std_lr0.01_s8_vzero,1.2738
823000,A_w100_T10000_std_lr0.01_s9_vzero,0.139775
824000,A_w100_T10000_std_lr0.01_s0_vzero,0.140595
824000,A_w100_T10000_std_lr0.01_s1_vzero,1.19221
824000,A_w100_T10000_std_lr0.01_s2_vzero,0.0358071
824000,A_w100_T10000_std_lr0.01_s3_vzero,0.441016
824000,A_w100_T10000_std_lr0.01_s4_vzero,0.574577
824000,A_w100_T10000_std_lr0.01_s5_vzero,0.00774308
824000,A_w100_T10000_std_lr0.01_s6_vzero,0.372085
824000,A_w100_T10000_std_lr0.01_s7_vzero,0.494263
824000,A_w100_T10000_std_lr0.01_s8_vzero,1.31476
824000,A_w100_T10000_std_lr0.01_s9_vzero,0.109686
825000,A_w100_T10000_std_lr0.01_s0_vzero,0.123125
825000,A_w100_T10000_std_lr0.01_s1_vzero,1.01515
825000,A_w100_T10000_std_lr0.01_s2_vzero,0.0184612
825000,A_w100_T10000_std_lr0.01_s3_vzero,0.481991
825000,A_w100_T10000_std_lr0.01_s4_vzero,0.609206
825000,A_w100_T10000_std_lr0.01_s5_vzero,0.0047585
825000,A_w100_T10000_std_lr0.01_s6_vzero,0.373594
825000,A_w100_T10000_std_lr0.01_s7_vzero,0.406979
825000,A_w100_T10000_std_lr0.01_s8_vzero,1.24162
825000,A_w100_T10000_std_lr0.01_s9_vzero,0.0870349
826000,A_w100_T10000_std_lr0.01_s0_vzero,0.066197
826000,A_w100_T10000_std_lr0.01_s1_vzero,1.05094
826000,A_w100_T10000_std_lr0.01_s2_vzero,0.00829453
826000,A_w100_T10000_std_lr0.01_s3_vzero,0.415179
826000,A_w100_T10000_std_lr0.01_s4_vzero,0.58524
826000,A_w100_T10000_std_lr0.01_s5_vzero,0.0025762
826000,A_w100_T10000_std_lr0.01_s6_vzero,0.328917
826000,A_w100_T10000_std_lr0.01_s7_vzero,0.360721
826000,A_w100_T10000_std_lr0.01_s8_vzero,1.26288
826000,A_w100_T10000_std_lr0.01_s9_vzero,0.0787077
827000,A_w100_T10000_std_lr0.01_s0_vzero,0.0417355
827000,A_w100_T10000_std_lr0.01_s1_vzero,1.08146
827000,A_w100_T10000_std_lr0.01_s2_vzero,0.00447392
827000,A_w100_T10000_std_lr0.01_s3_vzero,0.471735
827000,A_w100_T10000_std_lr0.01_s4_vzero,0.500647
827000,A_w100_T10000_std_lr0.01_s5_vzero,0.0015674
827000,A_w100_T10000_std_lr0.01_s6_vzero,0.376229
827000,A_w100_T10000_std_lr0.01_s7_vzero,0.353442
827000,A_w100_T10000_std_lr0.01_s8_vzero,1.28949
827000,A_w100_T10000_std_lr0.01_s9_vzero,0.081326
828000,A_w100_T10000_std_lr0.01_s0_vzero,0.0226645
828000,A_w100_T10000_std_lr0.01_s1_vzero,0.860629
828000,A_w100_T10000_std_lr0.01_s2_vzero,0.00281679
828000,A_w100_T10000_std_lr0.01_s3_vzero,0.462761
828000,A_w100_T10000_std_lr0.01_s4_vzero,0.429697
828000,A_w100_T10000_std_lr0.01_s5_vzero,0.00245496
828000,A_w100_T10000_std_lr0.01_s6_vzero,0.364254
828000,A_w100_T10000_std_lr0.01_s7_vzero,0.314272
828000,A_w100_T10000_std_lr0.01_s8_vzero,1.30589
828000,A_w100_T10000_std_lr0.01_s9_vzero,0.0807609
829000,A_w100_T10000_std_lr0.01_s0_vzero,0.0189134
829000,A_w100_T10000_std_lr0.01_s1_vzero,0.993546
829000,A_w100_T10000_std_lr0.01_s2_vzero,0.00189529
829000,A_w100_T10000_std_lr0.01_s3_vzero,0.47682
829000,A_w100_T10000_std_lr0.01_s4_vzero,0.389456
829000,A_w100_T10000_std_lr0.01_s5_vzero,0.000624499
829000,A_w100_T10000_std_lr0.01_s6_vzero,0.380483
829000,A_w100_T10000_std_lr0.01_s7_vzero,0.285163
829000,A_w100_T10000_std_lr0.01_s8_vzero,1.30473
829000,A_w100_T10000_std_lr0.01_s9_vzero,0.0708496
830000,A_w100_T10000_std_lr0.01_s0_vzero,0.0167414
830000,A_w100_T10000_std_lr0.01_s1_vzero,0.864875
830000,A_w100_T10000_std_lr0.01_s2_vzero,0.00136446
830000,A_w100_T10000_std_lr0.01_s3_vzero,0.439369
830000,A_w100_T10000_std_lr0.01_s4_vzero,0.391401
830000,A_w100_T10000_std_lr0.01_s5_vzero,0.000385071
830000,A_w100_T10000_std_lr0.01_s6_vzero,0.381554
830000,A_w100_T10000_std_lr0.01_s7_vzero,0.246469
830000,A_w100_T10000_std_lr0.01_s8_vzero,1.2915
830000,A_w100_T10000_std_lr0.01_s9_vzero,0.0656681
831000,A_w100_T10000_std_lr0.01_s0_vzero,0.195812
831000,A_w100_T10000_std_lr0.01_s1_vzero,1.49469
831000,A_w100_T10000_std_lr0.01_s2_vzero,0.318579
831000,A_w100_T10000_std_lr0.01_s3_vzero,1.37578
831000,A_w100_T10000_std_lr0.01_s4_vzero,0.514633
831000,A_w100_T10000_std_lr0.01_s5_vzero,0.430342
831000,A_w100_T10000_std_lr0.01_s6_vzero,0.534285
831000,A_w100_T10000_std_lr0.01_s7_vzero,0.316493
831000,A_w100_T10000_std_lr0.01_s8_vzero,1.54098
831000,A_w100_T10000_std_lr0.01_s9_vzero,0.361956
832000,A_w100_T10000_std_lr0.01_s0_vzero,0.103759
832000,A_w100_T10000_std_lr0.01_s1_vzero,1.13982
832000,A_w100_T10000_std_lr0.01_s2_vzero,0.163948
832000,A_w100_T10000_std_lr0.01_s3_vzero,1.1796
832000,A_w100_T10000_std_lr0.01_s4_vzero,0.372694
832000,A_w100_T10000_std_lr0.01_s5_vzero,0.143783
832000,A_w100_T10000_std_lr0.01_s6_vzero,0.377006
832000,A_w100_T10000_std_lr0.01_s7_vzero,0.238398
832000,A_w100_T10000_std_lr0.01_s8_vzero,1.01006
832000,A_w100_T10000_std_lr0.01_s9_vzero,0.10042
833000,A_w100_T10000_std_lr0.01_s0_vzero,0.0782387
833000,A_w100_T10000_std_lr0.01_s1_vzero,1.21654
833000,A_w100_T10000_std_lr0.01_s2_vzero,0.114797
833000,A_w100_T10000_std_lr0.01_s3_vzero,1.18135
833000,A_w100_T10000_std_lr0.01_s4_vzero,0.346237
833000,A_w100_T10000_std_lr0.01_s5_vzero,0.128526
833000,A_w100_T10000_std_lr0.01_s6_vzero,0.352486
833000,A_w100_T10000_std_lr0.01_s7_vzero,0.232977
833000,A_w100_T10000_std_lr0.01_s8_vzero,0.828902
833000,A_w100_T10000_std_lr0.01_s9_vzero,0.0359062
834000,A_w100_T10000_std_lr0.01_s0_vzero,0.0663979
834000,A_w100_T10000_std_lr0.01_s1_vzero,1.086
834000,A_w100_T10000_std_lr0.01_s2_vzero,0.086949
834000,A_w100_T10000_std_lr0.01_s3_vzero,1.12895
834000,A_w100_T10000_std_lr0.01_s4_vzero,0.34509
834000,A_w100_T10000_std_lr0.01_s5_vzero,0.10077
834000,A_w100_T10000_std_lr0.01_s6_vzero,0.319532
834000,A_w100_T10000_std_lr0.01_s7_vzero,0.194375
834000,A_w100_T10000_std_lr0.01_s8_vzero,0.730495
834000,A_w100_T10000_std_lr0.01_s9_vzero,0.0221264
835000,A_w100_T10000_std_lr0.01_s0_vzero,0.055629
835000,A_w100_T10000_std_lr0.01_s1_vzero,1.14102
835000,A_w100_T10000_std_lr0.01_s2_vzero,0.0683611
835000,A_w100_T10000_std_lr0.01_s3_vzero,1.06198
835000,A_w100_T10000_std_lr0.01_s4_vzero,0.369098
835000,A_w100_T10000_std_lr0.01_s5_vzero,0.0753449
835000,A_w100_T10000_std_lr0.01_s6_vzero,0.326217
835000,A_w100_T10000_std_lr0.01_s7_vzero,0.236053
835000,A_w100_T10000_std_lr0.01_s8_vzero,0.750713
835000,A_w100_T10000_std_lr0.01_s9_vzero,0.0153047
836000,A_w100_T10000_std_lr0.01_s0_vzero,0.0497153
836000,A_w100_T10000_std_lr0.01_s1_vzero,1.16334
836000,A_w100_T10000_std_lr0.01_s2_vzero,0.055947
836000,A_w100_T10000_std_lr0.01_s3_vzero,0.986089
836000,A_w100_T10000_std_lr0.01_s4_vzero,0.336082
836000,A_w100_T10000_std_lr0.01_s5_vzero,0.0712705
836000,A_w100_T10000_std_lr0.01_s6_vzero,0.30598
836000,A_w100_T10000_std_lr0.01_s7_vzero,0.228217
836000,A_w100_T10000_std_lr0.01_s8_vzero,0.738245
836000,A_w100_T10000_std_lr0.01_s9_vzero,0.0118121
837000,A_w100_T10000_std_lr0.01_s0_vzero,0.0401544
837000,A_w100_T10000_std_lr0.01_s1_vzero,1.10764
837000,A_w100_T10000_std_lr0.01_s2_vzero,0.0494239
837000,A_w100_T10000_std_lr0.01_s3_vzero,1.01514
837000,A_w100_T10000_std_lr0.01_s4_vzero,0.336883
837000,A_w100_T10000_std_lr0.01_s5_vzero,0.0528399
837000,A_w100_T10000_std_lr0.01_s6_vzero,0.348129
837000,A_w100_T10000_std_lr0.01_s7_vzero,0.224584
837000,A_w100_T10000_std_lr0.01_s8_vzero,0.77073
837000,A_w100_T10000_std_lr0.01_s9_vzero,0.00954557
838000,A_w100_T10000_std_lr0.01_s0_vzero,0.036002
838000,A_w100_T10000_std_lr0.01_s1_vzero,1.09804
838000,A_w100_T10000_std_lr0.01_s2_vzero,0.0502666
838000,A_w100_T10000_std_lr0.01_s3_vzero,1.01625
838000,A_w100_T10000_std_lr0.01_s4_vzero,0.309887
838000,A_w100_T10000_std_lr0.01_s5_vzero,0.0382492
838000,A_w100_T10000_std_lr0.01_s6_vzero,0.328942
838000,A_w100_T10000_std_lr0.01_s7_vzero,0.194373
838000,A_w100_T10000_std_lr0.01_s8_vzero,0.772196
838000,A_w100_T10000_std_lr0.01_s9_vzero,0.00511353
839000,A_w100_T10000_std_lr0.01_s0_vzero,0.0319011
839000,A_w100_T10000_std_lr0.01_s1_vzero,1.12133
839000,A_w100_T10000_std_lr0.01_s2_vzero,0.0474652
839000,A_w100_T10000_std_lr0.01_s3_vzero,1.04066
839000,A_w100_T10000_std_lr0.01_s4_vzero,0.295479
839000,A_w100_T10000_std_lr0.01_s5_vzero,0.0260601
839000,A_w100_T10000_std_lr0.01_s6_vzero,0.285011
839000,A_w100_T10000_std_lr0.01_s7_vzero,0.210199
839000,A_w100_T10000_std_lr0.01_s8_vzero,0.696939
839000,A_w100_T10000_std_lr0.01_s9_vzero,0.00291908
840000,A_w100_T10000_std_lr0.01_s0_vzero,0.0307055
840000,A_w100_T10000_std_lr0.01_s1_vzero,1.02152
840000,A_w100_T10000_std_lr0.01_s2_vzero,0.0435067
840000,A_w100_T10000_std_lr0.01_s3_vzero,1.00821
840000,A_w100_T10000_std_lr0.01_s4_vzero,0.319511
840000,A_w100_T10000_std_lr0.01_s5_vzero,0.019563
840000,A_w100_T10000_std_lr0.01_s6_vzero,0.292729
840000,A_w100_T10000_std_lr0.01_s7_vzero,0.207162
840000,A_w100_T10000_std_lr0.01_s8_vzero,0.759083
840000,A_w100_T10000_std_lr0.01_s9_vzero,0.00219038
841000,A_w100_T10000_std_lr0.01_s0_vzero,0.335593
841000,A_w100_T10000_std_lr0.01_s1_vzero,0.623202
841000,A_w100_T10000_std_lr0.01_s2_vzero,0.657384
841000,A_w100_T10000_std_lr0.01_s3_vzero,1.44527
841000,A_w100_T10000_std_lr0.01_s4_vzero,0.55067
841000,A_w100_T10000_std_lr0.01_s5_vzero,0.713804
841000,A_w100_T10000_std_lr0.01_s6_vzero,0.716249
841000,A_w100_T10000_std_lr0.01_s7_vzero,0.271645
841000,A_w100_T10000_std_lr0.01_s8_vzero,1.0821
841000,A_w100_T10000_std_lr0.01_s9_vzero,0.70873
842000,A_w100_T10000_std_lr0.01_s0_vzero,0.223846
842000,A_w100_T10000_std_lr0.01_s1_vzero,0.307902
842000,A_w100_T10000_std_lr0.01_s2_vzero,0.370915
842000,A_w100_T10000_std_lr0.01_s3_vzero,1.17748
842000,A_w100_T10000_std_lr0.01_s4_vzero,0.330751
842000,A_w100_T10000_std_lr0.01_s5_vzero,0.0828837
842000,A_w100_T10000_std_lr0.01_s6_vzero,0.368594
842000,A_w100_T10000_std_lr0.01_s7_vzero,0.218939
842000,A_w100_T10000_std_lr0.01_s8_vzero,0.98021
842000,A_w100_T10000_std_lr0.01_s9_vzero,0.188769
843000,A_w100_T10000_std_lr0.01_s0_vzero,0.210137
843000,A_w100_T10000_std_lr0.01_s1_vzero,0.27503
843000,A_w100_T10000_std_lr0.01_s2_vzero,0.39255
843000,A_w100_T10000_std_lr0.01_s3_vzero,1.03826
843000,A_w100_T10000_std_lr0.01_s4_vzero,0.34004
843000,A_w100_T10000_std_lr0.01_s5_vzero,0.0312327
843000,A_w100_T10000_std_lr0.01_s6_vzero,0.250435
843000,A_w100_T10000_std_lr0.01_s7_vzero,0.195409
843000,A_w100_T10000_std_lr0.01_s8_vzero,1.09693
843000,A_w100_T10000_std_lr0.01_s9_vzero,0.0370244
844000,A_w100_T10000_std_lr0.01_s0_vzero,0.185383
844000,A_w100_T10000_std_lr0.01_s1_vzero,0.227046
844000,A_w100_T10000_std_lr0.01_s2_vzero,0.332792
844000,A_w100_T10000_std_lr0.01_s3_vzero,0.950973
844000,A_w100_T10000_std_lr0.01_s4_vzero,0.368825
844000,A_w100_T10000_std_lr0.01_s5_vzero,0.0144742
844000,A_w100_T10000_std_lr0.01_s6_vzero,0.19515
844000,A_w100_T10000_std_lr0.01_s7_vzero,0.180694
844000,A_w100_T10000_std_lr0.01_s8_vzero,1.00658
844000,A_w100_T10000_std_lr0.01_s9_vzero,0.0130451
845000,A_w100_T10000_std_lr0.01_s0_vzero,0.191689
845000,A_w100_T10000_std_lr0.01_s1_vzero,0.241302
845000,A_w100_T10000_std_lr0.01_s2_vzero,0.266071
845000,A_w100_T10000_std_lr0.01_s3_vzero,0.93668
845000,A_w100_T10000_std_lr0.01_s4_vzero,0.298339
845000,A_w100_T10000_std_lr0.01_s5_vzero,0.011826
845000,A_w100_T10000_std_lr0.01_s6_vzero,0.18002
845000,A_w100_T10000_std_lr0.01_s7_vzero,0.182896
845000,A_w100_T10000_std_lr0.01_s8_vzero,0.993859
845000,A_w100_T10000_std_lr0.01_s9_vzero,0.00587127
846000,A_w100_T10000_std_lr0.01_s0_vzero,0.161481
846000,A_w100_T10000_std_lr0.01_s1_vzero,0.228924
846000,A_w100_T10000_std_lr0.01_s2_vzero,0.289221
846000,A_w100_T10000_std_lr0.01_s3_vzero,1.00924
846000,A_w100_T10000_std_lr0.01_s4_vzero,0.342606
846000,A_w100_T10000_std_lr0.01_s5_vzero,0.00922246
846000,A_w100_T10000_std_lr0.01_s6_vzero,0.174193
846000,A_w100_T10000_std_lr0.01_s7_vzero,0.180032
846000,A_w100_T10000_std_lr0.01_s8_vzero,0.978817
846000,A_w100_T10000_std_lr0.01_s9_vzero,0.00266053
847000,A_w100_T10000_std_lr0.01_s0_vzero,0.179097
847000,A_w100_T10000_std_lr0.01_s1_vzero,0.215747
847000,A_w100_T10000_std_lr0.01_s2_vzero,0.248393
847000,A_w100_T10000_std_lr0.01_s3_vzero,0.94694
847000,A_w100_T10000_std_lr0.01_s4_vzero,0.291391
847000,A_w100_T10000_std_lr0.01_s5_vzero,0.00734897
847000,A_w100_T10000_std_lr0.01_s6_vzero,0.161629
847000,A_w100_T10000_std_lr0.01_s7_vzero,0.184048
847000,A_w100_T10000_std_lr0.01_s8_vzero,0.977743
847000,A_w100_T10000_std_lr0.01_s9_vzero,0.000876928
848000,A_w100_T10000_std_lr0.01_s0_vzero,0.159549
848000,A_w100_T10000_std_lr0.01_s1_vzero,0.183455
848000,A_w100_T10000_std_lr0.01_s2_vzero,0.229521
848000,A_w100_T10000_std_lr0.01_s3_vzero,1.00249
848000,A_w100_T10000_std_lr0.01_s4_vzero,0.28225
848000,A_w100_T10000_std_lr0.01_s5_vzero,0.00565296
848000,A_w100_T10000_std_lr0.01_s6_vzero,0.154532
848000,A_w100_T10000_std_lr0.01_s7_vzero,0.196149
848000,A_w100_T10000_std_lr0.01_s8_vzero,1.0032
848000,A_w100_T10000_std_lr0.01_s9_vzero,0.000367028
849000,A_w100_T10000_std_lr0.01_s0_vzero,0.173792
849000,A_w100_T10000_std_lr0.01_s1_vzero,0.194705
849000,A_w100_T10000_std_lr0.01_s2_vzero,0.212732
849000,A_w100_T10000_std_lr0.01_s3_vzero,0.993618
849000,A_w100_T10000_std_lr0.01_s4_vzero,0.271926
849000,A_w100_T10000_std_lr0.01_s5_vzero,0.00401168
849000,A_w100_T10000_std_lr0.01_s6_vzero,0.144868
849000,A_w100_T10000_std_lr0.01_s7_vzero,0.168287
849000,A_w100_T10000_std_lr0.01_s8_vzero,0.984525
849000,A_w100_T10000_std_lr0.01_s9_vzero,0.000143303
850000,A_w100_T10000_std_lr0.01_s0_vzero,0.174611
850000,A_w100_T10000_std_lr0.01_s1_vzero,0.189245
850000,A_w100_T10000_std_lr0.01_s2_vzero,0.184596
850000,A_w100_T10000_std_lr0.01_s3_vzero,0.985294
850000,A_w100_T10000_std_lr0.01_s4_vzero,0.278692
850000,A_w100_T10000_std_lr0.01_s5_vzero,0.00375629
850000,A_w100_T10000_std_lr0.01_s6_vzero,0.177243
850000,A_w100_T10000_std_lr0.01_s7_vzero,0.164671
850000,A_w100_T10000_std_lr0.01_s8_vzero,0.956938
850000,A_w100_T10000_std_lr0.01_s9_vzero,6.66767e-05
851000,A_w100_T10000_std_lr0.01_s0_vzero,0.209644
851000,A_w100_T10000_std_lr0.01_s1_vzero,0.551075
851000,A_w100_T10000_std_lr0.01_s2_vzero,0.245326
851000,A_w100_T10000_std_lr0.01_s3_vzero,0.994925
851000,A_w100_T10000_std_lr0.01_s4_vzero,0.776065
851000,A_w100_T10000_std_lr0.01_s5_vzero,0.433328
851000,A_w100_T10000_std_lr0.01_s6_vzero,0.483982
851000,A_w100_T10000_std_lr0.01_s7_vzero,0.288639
851000,A_w100_T10000_std_lr0.01_s8_vzero,0.792872
851000,A_w100_T10000_std_lr0.01_s9_vzero,0.517389
852000,A_w100_T10000_std_lr0.01_s0_vzero,0.171562
852000,A_w100_T10000_std_lr0.01_s1_vzero,0.153581
852000,A_w100_T10000_std_lr0.01_s2_vzero,0.195012
852000,A_w100_T10000_std_lr0.01_s3_vzero,1.04442
852000,A_w100_T10000_std_lr0.01_s4_vzero,0.373378
852000,A_w100_T10000_std_lr0.01_s5_vzero,0.226873
852000,A_w100_T10000_std_lr0.01_s6_vzero,0.31887
852000,A_w100_T10000_std_lr0.01_s7_vzero,0.282353
852000,A_w100_T10000_std_lr0.01_s8_vzero,0.713494
852000,A_w100_T10000_std_lr0.01_s9_vzero,0.0547479
853000,A_w100_T10000_std_lr0.01_s0_vzero,0.137765
853000,A_w100_T10000_std_lr0.01_s1_vzero,0.0654275
853000,A_w100_T10000_std_lr0.01_s2_vzero,0.185432
853000,A_w100_T10000_std_lr0.01_s3_vzero,1.02587
853000,A_w100_T10000_std_lr0.01_s4_vzero,0.320046
853000,A_w100_T10000_std_lr0.01_s5_vzero,0.209061
853000,A_w100_T10000_std_lr0.01_s6_vzero,0.196964
853000,A_w100_T10000_std_lr0.01_s7_vzero,0.273432
853000,A_w100_T10000_std_lr0.01_s8_vzero,0.747128
853000,A_w100_T10000_std_lr0.01_s9_vzero,0.00649108
854000,A_w100_T10000_std_lr0.01_s0_vzero,0.145221
854000,A_w100_T10000_std_lr0.01_s1_vzero,0.0331686
854000,A_w100_T10000_std_lr0.01_s2_vzero,0.15466
854000,A_w100_T10000_std_lr0.01_s3_vzero,0.943134
854000,A_w100_T10000_std_lr0.01_s4_vzero,0.219115
854000,A_w100_T10000_std_lr0.01_s5_vzero,0.146284
854000,A_w100_T10000_std_lr0.01_s6_vzero,0.162276
854000,A_w100_T10000_std_lr0.01_s7_vzero,0.287925
854000,A_w100_T10000_std_lr0.01_s8_vzero,0.703643
854000,A_w100_T10000_std_lr0.01_s9_vzero,0.00147593
855000,A_w100_T10000_std_lr0.01_s0_vzero,0.168219
855000,A_w100_T10000_std_lr0.01_s1_vzero,0.0197917
855000,A_w100_T10000_std_lr0.01_s2_vzero,0.167329
855000,A_w100_T10000_std_lr0.01_s3_vzero,0.896724
855000,A_w100_T10000_std_lr0.01_s4_vzero,0.242769
855000,A_w100_T10000_std_lr0.01_s5_vzero,0.0702515
855000,A_w100_T10000_std_lr0.01_s6_vzero,0.113896
855000,A_w100_T10000_std_lr0.01_s7_vzero,0.272847
855000,A_w100_T10000_std_lr0.01_s8_vzero,0.714793
855000,A_w100_T10000_std_lr0.01_s9_vzero,0.00050569
856000,A_w100_T10000_std_lr0.01_s0_vzero,0.157324
856000,A_w100_T10000_std_lr0.01_s1_vzero,0.00926556
856000,A_w100_T10000_std_lr0.01_s2_vzero,0.156085
856000,A_w100_T10000_std_lr0.01_s3_vzero,0.888713
856000,A_w100_T10000_std_lr0.01_s4_vzero,0.229386
856000,A_w100_T10000_std_lr0.01_s5_vzero,0.0489871
856000,A_w100_T10000_std_lr0.01_s6_vzero,0.125805
856000,A_w100_T10000_std_lr0.01_s7_vzero,0.283431
856000,A_w100_T10000_std_lr0.01_s8_vzero,0.687615
856000,A_w100_T10000_std_lr0.01_s9_vzero,0.000250969
857000,A_w100_T10000_std_lr0.01_s0_vzero,0.157748
857000,A_w100_T10000_std_lr0.01_s1_vzero,0.00501506
857000,A_w100_T10000_std_lr0.01_s2_vzero,0.158294
857000,A_w100_T10000_std_lr0.01_s3_vzero,0.91407
857000,A_w100_T10000_std_lr0.01_s4_vzero,0.217905
857000,A_w100_T10000_std_lr0.01_s5_vzero,0.0404086
857000,A_w100_T10000_std_lr0.01_s6_vzero,0.112256
857000,A_w100_T10000_std_lr0.01_s7_vzero,0.281559
857000,A_w100_T10000_std_lr0.01_s8_vzero,0.759801
857000,A_w100_T10000_std_lr0.01_s9_vzero,8.76412e-05
858000,A_w100_T10000_std_lr0.01_s0_vzero,0.171864
858000,A_w100_T10000_std_lr0.01_s1_vzero,0.00261582
858000,A_w100_T10000_std_lr0.01_s2_vzero,0.155086
858000,A_w100_T10000_std_lr0.01_s3_vzero,0.815373
858000,A_w100_T10000_std_lr0.01_s4_vzero,0.24927
858000,A_w100_T10000_std_lr0.01_s5_vzero,0.0287721
858000,A_w100_T10000_std_lr0.01_s6_vzero,0.115969
858000,A_w100_T10000_std_lr0.01_s7_vzero,0.263095
858000,A_w100_T10000_std_lr0.01_s8_vzero,0.691093
858000,A_w100_T10000_std_lr0.01_s9_vzero,4.65592e-05
859000,A_w100_T10000_std_lr0.01_s0_vzero,0.16723
859000,A_w100_T10000_std_lr0.01_s1_vzero,0.0017019
859000,A_w100_T10000_std_lr0.01_s2_vzero,0.154484
859000,A_w100_T10000_std_lr0.01_s3_vzero,0.912138
859000,A_w100_T10000_std_lr0.01_s4_vzero,0.209034
859000,A_w100_T10000_std_lr0.01_s5_vzero,0.0215297
859000,A_w100_T10000_std_lr0.01_s6_vzero,0.121427
859000,A_w100_T10000_std_lr0.01_s7_vzero,0.282323
859000,A_w100_T10000_std_lr0.01_s8_vzero,0.684163
859000,A_w100_T10000_std_lr0.01_s9_vzero,1.08868e-05
860000,A_w100_T10000_std_lr0.01_s0_vzero,0.165601
860000,A_w100_T10000_std_lr0.01_s1_vzero,0.00107314
860000,A_w100_T10000_std_lr0.01_s2_vzero,0.150139
860000,A_w100_T10000_std_lr0.01_s3_vzero,0.742768
860000,A_w100_T10000_std_lr0.01_s4_vzero,0.215208
860000,A_w100_T10000_std_lr0.01_s5_vzero,0.0152153
860000,A_w100_T10000_std_lr0.01_s6_vzero,0.119265
860000,A_w100_T10000_std_lr0.01_s7_vzero,0.256548
860000,A_w100_T10000_std_lr0.01_s8_vzero,0.671767
860000,A_w100_T10000_std_lr0.01_s9_vzero,7.17616e-06
861000,A_w100_T10000_std_lr0.01_s0_vzero,0.542139
861000,A_w100_T10000_std_lr0.01_s1_vzero,0.293407
861000,A_w100_T10000_std_lr0.01_s2_vzero,0.770988
861000,A_w100_T10000_std_lr0.01_s3_vzero,1.88809
861000,A_w100_T10000_std_lr0.01_s4_vzero,1.89917
861000,A_w100_T10000_std_lr0.01_s5_vzero,0.412685
861000,A_w100_T10000_std_lr0.01_s6_vzero,1.07283
861000,A_w100_T10000_std_lr0.01_s7_vzero,0.267307
861000,A_w100_T10000_std_lr0.01_s8_vzero,2.16853
861000,A_w100_T10000_std_lr0.01_s9_vzero,0.786154
862000,A_w100_T10000_std_lr0.01_s0_vzero,0.428352
862000,A_w100_T10000_std_lr0.01_s1_vzero,0.0840985
862000,A_w100_T10000_std_lr0.01_s2_vzero,0.754559
862000,A_w100_T10000_std_lr0.01_s3_vzero,1.71979
862000,A_w100_T10000_std_lr0.01_s4_vzero,1.65569
862000,A_w100_T10000_std_lr0.01_s5_vzero,0.204224
862000,A_w100_T10000_std_lr0.01_s6_vzero,0.801569
862000,A_w100_T10000_std_lr0.01_s7_vzero,0.255234
862000,A_w100_T10000_std_lr0.01_s8_vzero,1.96568
862000,A_w100_T10000_std_lr0.01_s9_vzero,0.480047
863000,A_w100_T10000_std_lr0.01_s0_vzero,0.398285
863000,A_w100_T10000_std_lr0.01_s1_vzero,0.0594667
863000,A_w100_T10000_std_lr0.01_s2_vzero,0.610517
863000,A_w100_T10000_std_lr0.01_s3_vzero,1.72317
863000,A_w100_T10000_std_lr0.01_s4_vzero,1.41195
863000,A_w100_T10000_std_lr0.01_s5_vzero,0.150956
863000,A_w100_T10000_std_lr0.01_s6_vzero,0.687035
863000,A_w100_T10000_std_lr0.01_s7_vzero,0.245654
863000,A_w100_T10000_std_lr0.01_s8_vzero,2.15937
863000,A_w100_T10000_std_lr0.01_s9_vzero,0.431271
864000,A_w100_T10000_std_lr0.01_s0_vzero,0.344296
864000,A_w100_T10000_std_lr0.01_s1_vzero,0.0451202
864000,A_w100_T10000_std_lr0.01_s2_vzero,0.539057
864000,A_w100_T10000_std_lr0.01_s3_vzero,1.54834
864000,A_w100_T10000_std_lr0.01_s4_vzero,1.40161
864000,A_w100_T10000_std_lr0.01_s5_vzero,0.0859124
864000,A_w100_T10000_std_lr0.01_s6_vzero,0.659593
864000,A_w100_T10000_std_lr0.01_s7_vzero,0.268469
864000,A_w100_T10000_std_lr0.01_s8_vzero,2.00293
864000,A_w100_T10000_std_lr0.01_s9_vzero,0.371275
865000,A_w100_T10000_std_lr0.01_s0_vzero,0.365731
865000,A_w100_T10000_std_lr0.01_s1_vzero,0.0317928
865000,A_w100_T10000_std_lr0.01_s2_vzero,0.497326
865000,A_w100_T10000_std_lr0.01_s3_vzero,1.68743
865000,A_w100_T10000_std_lr0.01_s4_vzero,1.34565
865000,A_w100_T10000_std_lr0.01_s5_vzero,0.0491453
865000,A_w100_T10000_std_lr0.01_s6_vzero,0.570463
865000,A_w100_T10000_std_lr0.01_s7_vzero,0.220565
865000,A_w100_T10000_std_lr0.01_s8_vzero,2.01222
865000,A_w100_T10000_std_lr0.01_s9_vzero,0.271645
866000,A_w100_T10000_std_lr0.01_s0_vzero,0.390424
866000,A_w100_T10000_std_lr0.01_s1_vzero,0.0249849
866000,A_w100_T10000_std_lr0.01_s2_vzero,0.548021
866000,A_w100_T10000_std_lr0.01_s3_vzero,1.62887
866000,A_w100_T10000_std_lr0.01_s4_vzero,1.43947
866000,A_w100_T10000_std_lr0.01_s5_vzero,0.0352763
866000,A_w100_T10000_std_lr0.01_s6_vzero,0.571641
866000,A_w100_T10000_std_lr0.01_s7_vzero,0.262007
866000,A_w100_T10000_std_lr0.01_s8_vzero,2.05509
866000,A_w100_T10000_std_lr0.01_s9_vzero,0.282853
867000,A_w100_T10000_std_lr0.01_s0_vzero,0.329317
867000,A_w100_T10000_std_lr0.01_s1_vzero,0.0200284
867000,A_w100_T10000_std_lr0.01_s2_vzero,0.539613
867000,A_w100_T10000_std_lr0.01_s3_vzero,1.56279
867000,A_w100_T10000_std_lr0.01_s4_vzero,1.31071
867000,A_w100_T10000_std_lr0.01_s5_vzero,0.0208141
867000,A_w100_T10000_std_lr0.01_s6_vzero,0.619115
867000,A_w100_T10000_std_lr0.01_s7_vzero,0.256537
867000,A_w100_T10000_std_lr0.01_s8_vzero,1.90441
867000,A_w100_T10000_std_lr0.01_s9_vzero,0.267568
868000,A_w100_T10000_std_lr0.01_s0_vzero,0.323758
868000,A_w100_T10000_std_lr0.01_s1_vzero,0.0192701
868000,A_w100_T10000_std_lr0.01_s2_vzero,0.467371
868000,A_w100_T10000_std_lr0.01_s3_vzero,1.67228
868000,A_w100_T10000_std_lr0.01_s4_vzero,1.31352
868000,A_w100_T10000_std_lr0.01_s5_vzero,0.0161307
868000,A_w100_T10000_std_lr0.01_s6_vzero,0.594584
868000,A_w100_T10000_std_lr0.01_s7_vzero,0.246168
868000,A_w100_T10000_std_lr0.01_s8_vzero,2.02823
868000,A_w100_T10000_std_lr0.01_s9_vzero,0.253067
869000,A_w100_T10000_std_lr0.01_s0_vzero,0.360575
869000,A_w100_T10000_std_lr0.01_s1_vzero,0.0187343
869000,A_w100_T10000_std_lr0.01_s2_vzero,0.439133
869000,A_w100_T10000_std_lr0.01_s3_vzero,1.52277
869000,A_w100_T10000_std_lr0.01_s4_vzero,1.38985
869000,A_w100_T10000_std_lr0.01_s5_vzero,0.0107165
869000,A_w100_T10000_std_lr0.01_s6_vzero,0.594067
869000,A_w100_T10000_std_lr0.01_s7_vzero,0.244676
869000,A_w100_T10000_std_lr0.01_s8_vzero,2.09216
869000,A_w100_T10000_std_lr0.01_s9_vzero,0.259829
870000,A_w100_T10000_std_lr0.01_s0_vzero,0.356305
870000,A_w100_T10000_std_lr0.01_s1_vzero,0.0154625
870000,A_w100_T10000_std_lr0.01_s2_vzero,0.452262
870000,A_w100_T10000_std_lr0.01_s3_vzero,1.55498
870000,A_w100_T10000_std_lr0.01_s4_vzero,1.28945
870000,A_w100_T10000_std_lr0.01_s5_vzero,0.00603462
870000,A_w100_T10000_std_lr0.01_s6_vzero,0.573801
870000,A_w100_T10000_std_lr0.01_s7_vzero,0.251081
870000,A_w100_T10000_std_lr0.01_s8_vzero,2.05988
870000,A_w100_T10000_std_lr0.01_s9_vzero,0.265055
871000,A_w100_T10000_std_lr0.01_s0_vzero,0.936367
871000,A_w100_T10000_std_lr0.01_s1_vzero,0.38108
871000,A_w100_T10000_std_lr0.01_s2_vzero,0.562354
871000,A_w100_T10000_std_lr0.01_s3_vzero,1.87387
871000,A_w100_T10000_std_lr0.01_s4_vzero,1.55167
871000,A_w100_T10000_std_lr0.01_s5_vzero,0.561478
871000,A_w100_T10000_std_lr0.01_s6_vzero,0.852939
871000,A_w100_T10000_std_lr0.01_s7_vzero,0.562085
871000,A_w100_T10000_std_lr0.01_s8_vzero,1.555
871000,A_w100_T10000_std_lr0.01_s9_vzero,0.451885
872000,A_w100_T10000_std_lr0.01_s0_vzero,0.53031
872000,A_w100_T10000_std_lr0.01_s1_vzero,0.0136154
872000,A_w100_T10000_std_lr0.01_s2_vzero,0.401938
872000,A_w100_T10000_std_lr0.01_s3_vzero,1.93271
872000,A_w100_T10000_std_lr0.01_s4_vzero,1.24312
872000,A_w100_T10000_std_lr0.01_s5_vzero,0.190053
872000,A_w100_T10000_std_lr0.01_s6_vzero,0.614935
872000,A_w100_T10000_std_lr0.01_s7_vzero,0.378982
872000,A_w100_T10000_std_lr0.01_s8_vzero,1.07706
872000,A_w100_T10000_std_lr0.01_s9_vzero,0.0158284
873000,A_w100_T10000_std_lr0.01_s0_vzero,0.462095
873000,A_w100_T10000_std_lr0.01_s1_vzero,0.00182607
873000,A_w100_T10000_std_lr0.01_s2_vzero,0.347058
873000,A_w100_T10000_std_lr0.01_s3_vzero,1.82243
873000,A_w100_T10000_std_lr0.01_s4_vzero,1.20053
873000,A_w100_T10000_std_lr0.01_s5_vzero,0.154013
873000,A_w100_T10000_std_lr0.01_s6_vzero,0.608134
873000,A_w100_T10000_std_lr0.01_s7_vzero,0.309858
873000,A_w100_T10000_std_lr0.01_s8_vzero,1.0973
873000,A_w100_T10000_std_lr0.01_s9_vzero,0.00552928
874000,A_w100_T10000_std_lr0.01_s0_vzero,0.488568
874000,A_w100_T10000_std_lr0.01_s1_vzero,0.000458797
874000,A_w100_T10000_std_lr0.01_s2_vzero,0.357432
874000,A_w100_T10000_std_lr0.01_s3_vzero,1.94469
874000,A_w100_T10000_std_lr0.01_s4_vzero,1.10865
874000,A_w100_T10000_std_lr0.01_s5_vzero,0.128694
874000,A_w100_T10000_std_lr0.01_s6_vzero,0.588277
874000,A_w100_T10000_std_lr0.01_s7_vzero,0.287304
874000,A_w100_T10000_std_lr0.01_s8_vzero,1.08045
874000,A_w100_T10000_std_lr0.01_s9_vzero,0.00179073
875000,A_w100_T10000_std_lr0.01_s0_vzero,0.41007
875000,A_w100_T10000_std_lr0.01_s1_vzero,9.1954e-05
875000,A_w100_T10000_std_lr0.01_s2_vzero,0.285058
875000,A_w100_T10000_std_lr0.01_s3_vzero,1.8378
875000,A_w100_T10000_std_lr0.01_s4_vzero,1.029
875000,A_w100_T10000_std_lr0.01_s5_vzero,0.0919794
875000,A_w100_T10000_std_lr0.01_s6_vzero,0.577924
875000,A_w100_T10000_std_lr0.01_s7_vzero,0.262317
875000,A_w100_T10000_std_lr0.01_s8_vzero,1.04352
875000,A_w100_T10000_std_lr0.01_s9_vzero,0.000703837
876000,A_w100_T10000_std_lr0.01_s0_vzero,0.445582
876000,A_w100_T10000_std_lr0.01_s1_vzero,2.73419e-05
876000,A_w100_T10000_std_lr0.01_s2_vzero,0.250395
876000,A_w100_T10000_std_lr0.01_s3_vzero,1.75196
876000,A_w100_T10000_std_lr0.01_s4_vzero,1.06985
876000,A_w100_T10000_std_lr0.01_s5_vzero,0.0603677
876000,A_w100_T10000_std_lr0.01_s6_vzero,0.568362
876000,A_w100_T10000_std_lr0.01_s7_vzero,0.273772
876000,A_w100_T10000_std_lr0.01_s8_vzero,0.786281
876000,A_w100_T10000_std_lr0.01_s9_vzero,0.000297254
877000,A_w100_T10000_std_lr0.01_s0_vzero,0.428167
877000,A_w100_T10000_std_lr0.01_s1_vzero,8.8115e-06
877000,A_w100_T10000_std_lr0.01_s2_vzero,0.217309
877000,A_w100_T10000_std_lr0.01_s3_vzero,1.88004
877000,A_w100_T10000_std_lr0.01_s4_vzero,1.08016
877000,A_w100_T10000_std_lr0.01_s5_vzero,0.0462042
877000,A_w100_T10000_std_lr0.01_s6_vzero,0.598354
877000,A_w100_T10000_std_lr0.01_s7_vzero,0.237468
877000,A_w100_T10000_std_lr0.01_s8_vzero,0.582253
877000,A_w100_T10000_std_lr0.01_s9_vzero,0.000123634
878000,A_w100_T10000_std_lr0.01_s0_vzero,0.463227
878000,A_w100_T10000_std_lr0.01_s1_vzero,2.14389e-06
878000,A_w100_T10000_std_lr0.01_s2_vzero,0.192209
878000,A_w100_T10000_std_lr0.01_s3_vzero,1.73616
878000,A_w100_T10000_std_lr0.01_s4_vzero,1.19568
878000,A_w100_T10000_std_lr0.01_s5_vzero,0.0410988
878000,A_w100_T10000_std_lr0.01_s6_vzero,0.598862
878000,A_w100_T10000_std_lr0.01_s7_vzero,0.224668
878000,A_w100_T10000_std_lr0.01_s8_vzero,0.558803
878000,A_w100_T10000_std_lr0.01_s9_vzero,8.02869e-05
879000,A_w100_T10000_std_lr0.01_s0_vzero,0.452093
879000,A_w100_T10000_std_lr0.01_s1_vzero,6.6112e-07
879000,A_w100_T10000_std_lr0.01_s2_vzero,0.175098
879000,A_w100_T10000_std_lr0.01_s3_vzero,1.7939
879000,A_w100_T10000_std_lr0.01_s4_vzero,1.08845
879000,A_w100_T10000_std_lr0.01_s5_vzero,0.030306
879000,A_w100_T10000_std_lr0.01_s6_vzero,0.604339
879000,A_w100_T10000_std_lr0.01_s7_vzero,0.218937
879000,A_w100_T10000_std_lr0.01_s8_vzero,0.547866
879000,A_w100_T10000_std_lr0.01_s9_vzero,3.53641e-05
880000,A_w100_T10000_std_lr0.01_s0_vzero,0.470042
880000,A_w100_T10000_std_lr0.01_s1_vzero,2.51692e-07
880000,A_w100_T10000_std_lr0.01_s2_vzero,0.170471
880000,A_w100_T10000_std_lr0.01_s3_vzero,1.65145
880000,A_w100_T10000_std_lr0.01_s4_vzero,1.11514
880000,A_w100_T10000_std_lr0.01_s5_vzero,0.027331
880000,A_w100_T10000_std_lr0.01_s6_vzero,0.56075
880000,A_w100_T10000_std_lr0.01_s7_vzero,0.206537
880000,A_w100_T10000_std_lr0.01_s8_vzero,0.610949
880000,A_w100_T10000_std_lr0.01_s9_vzero,1.80507e-05
881000,A_w100_T10000_std_lr0.01_s0_vzero,1.01647
881000,A_w100_T10000_std_lr0.01_s1_vzero,0.84694
881000,A_w100_T10000_std_lr0.01_s2_vzero,0.837927
881000,A_w100_T10000_std_lr0.01_s3_vzero,1.35315
881000,A_w100_T10000_std_lr0.01_s4_vzero,1.60163
881000,A_w100_T10000_std_lr0.01_s5_vzero,0.391142
881000,A_w100_T10000_std_lr0.01_s6_vzero,0.68774
881000,A_w100_T10000_std_lr0.01_s7_vzero,0.350256
881000,A_w100_T10000_std_lr0.01_s8_vzero,0.61801
881000,A_w100_T10000_std_lr0.01_s9_vzero,0.637416
882000,A_w100_T10000_std_lr0.01_s0_vzero,0.886407
882000,A_w100_T10000_std_lr0.01_s1_vzero,0.214589
882000,A_w100_T10000_std_lr0.01_s2_vzero,0.576279
882000,A_w100_T10000_std_lr0.01_s3_vzero,1.38352
882000,A_w100_T10000_std_lr0.01_s4_vzero,1.04469
882000,A_w100_T10000_std_lr0.01_s5_vzero,0.150303
882000,A_w100_T10000_std_lr0.01_s6_vzero,0.47566
882000,A_w100_T10000_std_lr0.01_s7_vzero,0.220679
882000,A_w100_T10000_std_lr0.01_s8_vzero,0.573571
882000,A_w100_T10000_std_lr0.01_s9_vzero,0.0184866
883000,A_w100_T10000_std_lr0.01_s0_vzero,0.815464
883000,A_w100_T10000_std_lr0.01_s1_vzero,0.0967091
883000,A_w100_T10000_std_lr0.01_s2_vzero,0.515431
883000,A_w100_T10000_std_lr0.01_s3_vzero,1.2406
883000,A_w100_T10000_std_lr0.01_s4_vzero,0.935171
883000,A_w100_T10000_std_lr0.01_s5_vzero,0.111565
883000,A_w100_T10000_std_lr0.01_s6_vzero,0.454753
883000,A_w100_T10000_std_lr0.01_s7_vzero,0.242591
883000,A_w100_T10000_std_lr0.01_s8_vzero,0.520792
883000,A_w100_T10000_std_lr0.01_s9_vzero,0.00233819
884000,A_w100_T10000_std_lr0.01_s0_vzero,0.812428
884000,A_w100_T10000_std_lr0.01_s1_vzero,0.0550358
884000,A_w100_T10000_std_lr0.01_s2_vzero,0.468049
884000,A_w100_T10000_std_lr0.01_s3_vzero,1.33357
884000,A_w100_T10000_std_lr0.01_s4_vzero,0.703928
884000,A_w100_T10000_std_lr0.01_s5_vzero,0.0971173
884000,A_w100_T10000_std_lr0.01_s6_vzero,0.420451
884000,A_w100_T10000_std_lr0.01_s7_vzero,0.212952
884000,A_w100_T10000_std_lr0.01_s8_vzero,0.520093
884000,A_w100_T10000_std_lr0.01_s9_vzero,0.000294257
885000,A_w100_T10000_std_lr0.01_s0_vzero,0.844898
885000,A_w100_T10000_std_lr0.01_s1_vzero,0.0441776
885000,A_w100_T10000_std_lr0.01_s2_vzero,0.373916
885000,A_w100_T10000_std_lr0.01_s3_vzero,1.40017
885000,A_w100_T10000_std_lr0.01_s4_vzero,0.700541
885000,A_w100_T10000_std_lr0.01_s5_vzero,0.089957
885000,A_w100_T10000_std_lr0.01_s6_vzero,0.408347
885000,A_w100_T10000_std_lr0.01_s7_vzero,0.197389
885000,A_w100_T10000_std_lr0.01_s8_vzero,0.55873
885000,A_w100_T10000_std_lr0.01_s9_vzero,1.28417e-05
886000,A_w100_T10000_std_lr0.01_s0_vzero,0.82519
886000,A_w100_T10000_std_lr0.01_s1_vzero,0.0324519
886000,A_w100_T10000_std_lr0.01_s2_vzero,0.360266
886000,A_w100_T10000_std_lr0.01_s3_vzero,1.29945
886000,A_w100_T10000_std_lr0.01_s4_vzero,0.721895
886000,A_w100_T10000_std_lr0.01_s5_vzero,0.0929785
886000,A_w100_T10000_std_lr0.01_s6_vzero,0.439679
886000,A_w100_T10000_std_lr0.01_s7_vzero,0.181975
886000,A_w100_T10000_std_lr0.01_s8_vzero,0.519323
886000,A_w100_T10000_std_lr0.01_s9_vzero,2.93242e-06
887000,A_w100_T10000_std_lr0.01_s0_vzero,0.861424
887000,A_w100_T10000_std_lr0.01_s1_vzero,0.0218797
887000,A_w100_T10000_std_lr0.01_s2_vzero,0.355854
887000,A_w100_T10000_std_lr0.01_s3_vzero,1.3801
887000,A_w100_T10000_std_lr0.01_s4_vzero,0.661472
887000,A_w100_T10000_std_lr0.01_s5_vzero,0.0770298
887000,A_w100_T10000_std_lr0.01_s6_vzero,0.430787
887000,A_w100_T10000_std_lr0.01_s7_vzero,0.176223
887000,A_w100_T10000_std_lr0.01_s8_vzero,0.544666
887000,A_w100_T10000_std_lr0.01_s9_vzero,2.73818e-07
888000,A_w100_T10000_std_lr0.01_s0_vzero,0.738836
888000,A_w100_T10000_std_lr0.01_s1_vzero,0.0157826
888000,A_w100_T10000_std_lr0.01_s2_vzero,0.351735
888000,A_w100_T10000_std_lr0.01_s3_vzero,1.22975
888000,A_w100_T10000_std_lr0.01_s4_vzero,0.658227
888000,A_w100_T10000_std_lr0.01_s5_vzero,0.0559883
888000,A_w100_T10000_std_lr0.01_s6_vzero,0.448693
888000,A_w100_T10000_std_lr0.01_s7_vzero,0.192052
888000,A_w100_T10000_std_lr0.01_s8_vzero,0.538537
888000,A_w100_T10000_std_lr0.01_s9_vzero,4.00699e-08
889000,A_w100_T10000_std_lr0.01_s0_vzero,0.825948
889000,A_w100_T10000_std_lr0.01_s1_vzero,0.00701544
889000,A_w100_T10000_std_lr0.01_s2_vzero,0.341904
889000,A_w100_T10000_std_lr0.01_s3_vzero,1.27592
889000,A_w100_T10000_std_lr0.01_s4_vzero,0.59085
889000,A_w100_T10000_std_lr0.01_s5_vzero,0.0372817
889000,A_w100_T10000_std_lr0.01_s6_vzero,0.43276
889000,A_w100_T10000_std_lr0.01_s7_vzero,0.185911
889000,A_w100_T10000_std_lr0.01_s8_vzero,0.524873
889000,A_w100_T10000_std_lr0.01_s9_vzero,4.56427e-09
890000,A_w100_T10000_std_lr0.01_s0_vzero,0.817729
890000,A_w100_T10000_std_lr0.01_s1_vzero,0.00720149
890000,A_w100_T10000_std_lr0.01_s2_vzero,0.31897
890000,A_w100_T10000_std_lr0.01_s3_vzero,1.32171
890000,A_w100_T10000_std_lr0.01_s4_vzero,0.557597
890000,A_w100_T10000_std_lr0.01_s5_vzero,0.0300835
890000,A_w100_T10000_std_lr0.01_s6_vzero,0.412208
890000,A_w100_T10000_std_lr0.01_s7_vzero,0.179867
890000,A_w100_T10000_std_lr0.01_s8_vzero,0.51924
890000,A_w100_T10000_std_lr0.01_s9_vzero,3.69378e-10
891000,A_w100_T10000_std_lr0.01_s0_vzero,1.68565
891000,A_w100_T10000_std_lr0.01_s1_vzero,0.515058
891000,A_w100_T10000_std_lr0.01_s2_vzero,0.28902
891000,A_w100_T10000_std_lr0.01_s3_vzero,1.61593
891000,A_w100_T10000_std_lr0.01_s4_vzero,0.813983
891000,A_w100_T10000_std_lr0.01_s5_vzero,0.36733
891000,A_w100_T10000_std_lr0.01_s6_vzero,0.412072
891000,A_w100_T10000_std_lr0.01_s7_vzero,0.949367
891000,A_w100_T10000_std_lr0.01_s8_vzero,1.02659
891000,A_w100_T10000_std_lr0.01_s9_vzero,0.776399
892000,A_w100_T10000_std_lr0.01_s0_vzero,1.27016
892000,A_w100_T10000_std_lr0.01_s1_vzero,0.0263942
892000,A_w100_T10000_std_lr0.01_s2_vzero,0.155693
892000,A_w100_T10000_std_lr0.01_s3_vzero,1.47081
892000,A_w100_T10000_std_lr0.01_s4_vzero,0.287309
892000,A_w100_T10000_std_lr0.01_s5_vzero,0.0843917
892000,A_w100_T10000_std_lr0.01_s6_vzero,0.279294
892000,A_w100_T10000_std_lr0.01_s7_vzero,0.868648
892000,A_w100_T10000_std_lr0.01_s8_vzero,0.842704
892000,A_w100_T10000_std_lr0.01_s9_vzero,0.14951
893000,A_w100_T10000_std_lr0.01_s0_vzero,1.3686
893000,A_w100_T10000_std_lr0.01_s1_vzero,0.00605075
893000,A_w100_T10000_std_lr0.01_s2_vzero,0.138237
893000,A_w100_T10000_std_lr0.01_s3_vzero,1.48348
893000,A_w100_T10000_std_lr0.01_s4_vzero,0.227925
893000,A_w100_T10000_std_lr0.01_s5_vzero,0.0279127
893000,A_w100_T10000_std_lr0.01_s6_vzero,0.303105
893000,A_w100_T10000_std_lr0.01_s7_vzero,0.858121
893000,A_w100_T10000_std_lr0.01_s8_vzero,0.782077
893000,A_w100_T10000_std_lr0.01_s9_vzero,0.0494943
894000,A_w100_T10000_std_lr0.01_s0_vzero,1.33575
894000,A_w100_T10000_std_lr0.01_s1_vzero,0.00178768
894000,A_w100_T10000_std_lr0.01_s2_vzero,0.108839
894000,A_w100_T10000_std_lr0.01_s3_vzero,1.43042
894000,A_w100_T10000_std_lr0.01_s4_vzero,0.182832
894000,A_w100_T10000_std_lr0.01_s5_vzero,0.0215307
894000,A_w100_T10000_std_lr0.01_s6_vzero,0.284108
894000,A_w100_T10000_std_lr0.01_s7_vzero,0.853975
894000,A_w100_T10000_std_lr0.01_s8_vzero,0.787003
894000,A_w100_T10000_std_lr0.01_s9_vzero,0.011677
895000,A_w100_T10000_std_lr0.01_s0_vzero,1.24819
895000,A_w100_T10000_std_lr0.01_s1_vzero,0.000548458
895000,A_w100_T10000_std_lr0.01_s2_vzero,0.094841
895000,A_w100_T10000_std_lr0.01_s3_vzero,1.5093
895000,A_w100_T10000_std_lr0.01_s4_vzero,0.147988
895000,A_w100_T10000_std_lr0.01_s5_vzero,0.0165446
895000,A_w100_T10000_std_lr0.01_s6_vzero,0.291734
895000,A_w100_T10000_std_lr0.01_s7_vzero,0.871829
895000,A_w100_T10000_std_lr0.01_s8_vzero,0.691607
895000,A_w100_T10000_std_lr0.01_s9_vzero,0.00326054
896000,A_w100_T10000_std_lr0.01_s0_vzero,1.39666
896000,A_w100_T10000_std_lr0.01_s1_vzero,0.000207418
896000,A_w100_T10000_std_lr0.01_s2_vzero,0.100019
896000,A_w100_T10000_std_lr0.01_s3_vzero,1.51323
896000,A_w100_T10000_std_lr0.01_s4_vzero,0.115678
896000,A_w100_T10000_std_lr0.01_s5_vzero,0.016541
896000,A_w100_T10000_std_lr0.01_s6_vzero,0.306868
896000,A_w100_T10000_std_lr0.01_s7_vzero,0.863589
896000,A_w100_T10000_std_lr0.01_s8_vzero,0.702096
896000,A_w100_T10000_std_lr0.01_s9_vzero,0.000917314
897000,A_w100_T10000_std_lr0.01_s0_vzero,1.33625
897000,A_w100_T10000_std_lr0.01_s1_vzero,6.54005e-05
897000,A_w100_T10000_std_lr0.01_s2_vzero,0.0848467
897000,A_w100_T10000_std_lr0.01_s3_vzero,1.43178
897000,A_w100_T10000_std_lr0.01_s4_vzero,0.0972787
897000,A_w100_T10000_std_lr0.01_s5_vzero,0.0128353
897000,A_w100_T10000_std_lr0.01_s6_vzero,0.294621
897000,A_w100_T10000_std_lr0.01_s7_vzero,0.828236
897000,A_w100_T10000_std_lr0.01_s8_vzero,0.662432
897000,A_w100_T10000_std_lr0.01_s9_vzero,0.000278802
898000,A_w100_T10000_std_lr0.01_s0_vzero,1.38413
898000,A_w100_T10000_std_lr0.01_s1_vzero,3.26871e-05
898000,A_w100_T10000_std_lr0.01_s2_vzero,0.084066
898000,A_w100_T10000_std_lr0.01_s3_vzero,1.50983
898000,A_w100_T10000_std_lr0.01_s4_vzero,0.0802244
898000,A_w100_T10000_std_lr0.01_s5_vzero,0.00978133
898000,A_w100_T10000_std_lr0.01_s6_vzero,0.288095
898000,A_w100_T10000_std_lr0.01_s7_vzero,0.77001
898000,A_w100_T10000_std_lr0.01_s8_vzero,0.654563
898000,A_w100_T10000_std_lr0.01_s9_vzero,6.53327e-05
899000,A_w100_T10000_std_lr0.01_s0_vzero,1.31973
899000,A_w100_T10000_std_lr0.01_s1_vzero,9.34498e-06
899000,A_w100_T10000_std_lr0.01_s2_vzero,0.082053
899000,A_w100_T10000_std_lr0.01_s3_vzero,1.5591
899000,A_w100_T10000_std_lr0.01_s4_vzero,0.0754703
899000,A_w100_T10000_std_lr0.01_s5_vzero,0.00975286
899000,A_w100_T10000_std_lr0.01_s6_vzero,0.271397
899000,A_w100_T10000_std_lr0.01_s7_vzero,0.777339
899000,A_w100_T10000_std_lr0.01_s8_vzero,0.622792
899000,A_w100_T10000_std_lr0.01_s9_vzero,3.14363e-05
900000,A_w100_T10000_std_lr0.01_s0_vzero,1.32872
900000,A_w100_T10000_std_lr0.01_s1_vzero,3.06818e-06
900000,A_w100_T10000_std_lr0.01_s2_vzero,0.0670175
900000,A_w100_T10000_std_lr0.01_s3_vzero,1.55729
900000,A_w100_T10000_std_lr0.01_s4_vzero,0.0708618
900000,A_w100_T10000_std_lr0.01_s5_vzero,0.00778547
900000,A_w100_T10000_std_lr0.01_s6_vzero,0.279579
900000,A_w100_T10000_std_lr0.01_s7_vzero,0.885058
900000,A_w100_T10000_std_lr0.01_s8_vzero,0.628317
900000,A_w100_T10000_std_lr0.01_s9_vzero,9.7703e-06
901000,A_w100_T10000_std_lr0.01_s0_vzero,0.844039
901000,A_w100_T10000_std_lr0.01_s1_vzero,0.259816
901000,A_w100_T10000_std_lr0.01_s2_vzero,0.754256
901000,A_w100_T10000_std_lr0.01_s3_vzero,1.94823
901000,A_w100_T10000_std_lr0.01_s4_vzero,0.730716
901000,A_w100_T10000_std_lr0.01_s5_vzero,0.357106
901000,A_w100_T10000_std_lr0.01_s6_vzero,0.956533
901000,A_w100_T10000_std_lr0.01_s7_vzero,0.380563
901000,A_w100_T10000_std_lr0.01_s8_vzero,0.847157
901000,A_w100_T10000_std_lr0.01_s9_vzero,0.427425
902000,A_w100_T10000_std_lr0.01_s0_vzero,0.689145
902000,A_w100_T10000_std_lr0.01_s1_vzero,0.00607731
902000,A_w100_T10000_std_lr0.01_s2_vzero,0.309686
902000,A_w100_T10000_std_lr0.01_s3_vzero,1.82266
902000,A_w100_T10000_std_lr0.01_s4_vzero,0.238478
902000,A_w100_T10000_std_lr0.01_s5_vzero,0.170596
902000,A_w100_T10000_std_lr0.01_s6_vzero,0.68411
902000,A_w100_T10000_std_lr0.01_s7_vzero,0.251226
902000,A_w100_T10000_std_lr0.01_s8_vzero,0.841932
902000,A_w100_T10000_std_lr0.01_s9_vzero,0.00585253
903000,A_w100_T10000_std_lr0.01_s0_vzero,0.630108
903000,A_w100_T10000_std_lr0.01_s1_vzero,0.000733759
903000,A_w100_T10000_std_lr0.01_s2_vzero,0.206165
903000,A_w100_T10000_std_lr0.01_s3_vzero,1.77139
903000,A_w100_T10000_std_lr0.01_s4_vzero,0.187599
903000,A_w100_T10000_std_lr0.01_s5_vzero,0.160474
903000,A_w100_T10000_std_lr0.01_s6_vzero,0.634325
903000,A_w100_T10000_std_lr0.01_s7_vzero,0.215689
903000,A_w100_T10000_std_lr0.01_s8_vzero,0.746178
903000,A_w100_T10000_std_lr0.01_s9_vzero,0.000273208
904000,A_w100_T10000_std_lr0.01_s0_vzero,0.685443
904000,A_w100_T10000_std_lr0.01_s1_vzero,9.42123e-05
904000,A_w100_T10000_std_lr0.01_s2_vzero,0.197043
904000,A_w100_T10000_std_lr0.01_s3_vzero,1.56245
904000,A_w100_T10000_std_lr0.01_s4_vzero,0.164847
904000,A_w100_T10000_std_lr0.01_s5_vzero,0.13867
904000,A_w100_T10000_std_lr0.01_s6_vzero,0.634634
904000,A_w100_T10000_std_lr0.01_s7_vzero,0.17842
904000,A_w100_T10000_std_lr0.01_s8_vzero,0.680925
904000,A_w100_T10000_std_lr0.01_s9_vzero,1.16669e-05
905000,A_w100_T10000_std_lr0.01_s0_vzero,0.731681
905000,A_w100_T10000_std_lr0.01_s1_vzero,1.29653e-05
905000,A_w100_T10000_std_lr0.01_s2_vzero,0.203302
905000,A_w100_T10000_std_lr0.01_s3_vzero,0.735358
905000,A_w100_T10000_std_lr0.01_s4_vzero,0.152704
905000,A_w100_T10000_std_lr0.01_s5_vzero,0.142067
905000,A_w100_T10000_std_lr0.01_s6_vzero,0.594281
905000,A_w100_T10000_std_lr0.01_s7_vzero,0.16786
905000,A_w100_T10000_std_lr0.01_s8_vzero,0.71349
905000,A_w100_T10000_std_lr0.01_s9_vzero,1.00317e-06
906000,A_w100_T10000_std_lr0.01_s0_vzero,0.664147
906000,A_w100_T10000_std_lr0.01_s1_vzero,1.68179e-06
906000,A_w100_T10000_std_lr0.01_s2_vzero,0.184557
906000,A_w100_T10000_std_lr0.01_s3_vzero,0.616459
906000,A_w100_T10000_std_lr0.01_s4_vzero,0.13875
906000,A_w100_T10000_std_lr0.01_s5_vzero,0.135132
906000,A_w100_T10000_std_lr0.01_s6_vzero,0.606732
906000,A_w100_T10000_std_lr0.01_s7_vzero,0.156558
906000,A_w100_T10000_std_lr0.01_s8_vzero,0.78138
906000,A_w100_T10000_std_lr0.01_s9_vzero,1.21783e-07
907000,A_w100_T10000_std_lr0.01_s0_vzero,0.67904
907000,A_w100_T10000_std_lr0.01_s1_vzero,2.68581e-07
907000,A_w100_T10000_std_lr0.01_s2_vzero,0.155621
907000,A_w100_T10000_std_lr0.01_s3_vzero,0.60655
907000,A_w100_T10000_std_lr0.01_s4_vzero,0.129579
907000,A_w100_T10000_std_lr0.01_s5_vzero,0.123664
907000,A_w100_T10000_std_lr0.01_s6_vzero,0.635686
907000,A_w100_T10000_std_lr0.01_s7_vzero,0.133657
907000,A_w100_T10000_std_lr0.01_s8_vzero,0.743703
907000,A_w100_T10000_std_lr0.01_s9_vzero,9.2438e-09
908000,A_w100_T10000_std_lr0.01_s0_vzero,0.668012
908000,A_w100_T10000_std_lr0.01_s1_vzero,3.56405e-08
908000,A_w100_T10000_std_lr0.01_s2_vzero,0.173305
908000,A_w100_T10000_std_lr0.01_s3_vzero,0.52296
908000,A_w100_T10000_std_lr0.01_s4_vzero,0.143466
908000,A_w100_T10000_std_lr0.01_s5_vzero,0.107123
908000,A_w100_T10000_std_lr0.01_s6_vzero,0.553042
908000,A_w100_T10000_std_lr0.01_s7_vzero,0.134586
908000,A_w100_T10000_std_lr0.01_s8_vzero,0.714739
908000,A_w100_T10000_std_lr0.01_s9_vzero,1.03682e-09
909000,A_w100_T10000_std_lr0.01_s0_vzero,0.660852
909000,A_w100_T10000_std_lr0.01_s1_vzero,4.69418e-09
909000,A_w100_T10000_std_lr0.01_s2_vzero,0.130434
909000,A_w100_T10000_std_lr0.01_s3_vzero,0.526135
909000,A_w100_T10000_std_lr0.01_s4_vzero,0.146243
909000,A_w100_T10000_std_lr0.01_s5_vzero,0.0998017
909000,A_w100_T10000_std_lr0.01_s6_vzero,0.57581
909000,A_w100_T10000_std_lr0.01_s7_vzero,0.131833
909000,A_w100_T10000_std_lr0.01_s8_vzero,0.72394
909000,A_w100_T10000_std_lr0.01_s9_vzero,1.26254e-10
910000,A_w100_T10000_std_lr0.01_s0_vzero,0.6871
910000,A_w100_T10000_std_lr0.01_s1_vzero,6.28815e-10
910000,A_w100_T10000_std_lr0.01_s2_vzero,0.115559
910000,A_w100_T10000_std_lr0.01_s3_vzero,0.54403
910000,A_w100_T10000_std_lr0.01_s4_vzero,0.135496
910000,A_w100_T10000_std_lr0.01_s5_vzero,0.0947847
910000,A_w100_T10000_std_lr0.01_s6_vzero,0.549622
910000,A_w100_T10000_std_lr0.01_s7_vzero,0.122877
910000,A_w100_T10000_std_lr0.01_s8_vzero,0.680616
910000,A_w100_T10000_std_lr0.01_s9_vzero,1.29853e-11
911000,A_w100_T10000_std_lr0.01_s0_vzero,0.736871
911000,A_w100_T10000_std_lr0.01_s1_vzero,0.267608
911000,A_w100_T10000_std_lr0.01_s2_vzero,0.300502
911000,A_w100_T10000_std_lr0.01_s3_vzero,0.777102
911000,A_w100_T10000_std_lr0.01_s4_vzero,0.657738
911000,A_w100_T10000_std_lr0.01_s5_vzero,0.165294
911000,A_w100_T10000_std_lr0.01_s6_vzero,0.589143
911000,A_w100_T10000_std_lr0.01_s7_vzero,0.845955
911000,A_w100_T10000_std_lr0.01_s8_vzero,0.822034
911000,A_w100_T10000_std_lr0.01_s9_vzero,0.553087
912000,A_w100_T10000_std_lr0.01_s0_vzero,0.607516
912000,A_w100_T10000_std_lr0.01_s1_vzero,0.0533475
912000,A_w100_T10000_std_lr0.01_s2_vzero,0.123253
912000,A_w100_T10000_std_lr0.01_s3_vzero,0.564379
912000,A_w100_T10000_std_lr0.01_s4_vzero,0.487405
912000,A_w100_T10000_std_lr0.01_s5_vzero,0.0639372
912000,A_w100_T10000_std_lr0.01_s6_vzero,0.481711
912000,A_w100_T10000_std_lr0.01_s7_vzero,0.556982
912000,A_w100_T10000_std_lr0.01_s8_vzero,0.553118
912000,A_w100_T10000_std_lr0.01_s9_vzero,0.0477636
913000,A_w100_T10000_std_lr0.01_s0_vzero,0.560739
913000,A_w100_T10000_std_lr0.01_s1_vzero,0.0186776
913000,A_w100_T10000_std_lr0.01_s2_vzero,0.104722
913000,A_w100_T10000_std_lr0.01_s3_vzero,0.555362
913000,A_w100_T10000_std_lr0.01_s4_vzero,0.370883
913000,A_w100_T10000_std_lr0.01_s5_vzero,0.0570962
913000,A_w100_T10000_std_lr0.01_s6_vzero,0.409338
913000,A_w100_T10000_std_lr0.01_s7_vzero,0.585324
913000,A_w100_T10000_std_lr0.01_s8_vzero,0.490478
913000,A_w100_T10000_std_lr0.01_s9_vzero,0.0153406
914000,A_w100_T10000_std_lr0.01_s0_vzero,0.611411
914000,A_w100_T10000_std_lr0.01_s1_vzero,0.00816951
914000,A_w100_T10000_std_lr0.01_s2_vzero,0.0822782
914000,A_w100_T10000_std_lr0.01_s3_vzero,0.508272
914000,A_w100_T10000_std_lr0.01_s4_vzero,0.351879
914000,A_w100_T10000_std_lr0.01_s5_vzero,0.0468931
914000,A_w100_T10000_std_lr0.01_s6_vzero,0.38283
914000,A_w100_T10000_std_lr0.01_s7_vzero,0.514658
914000,A_w100_T10000_std_lr0.01_s8_vzero,0.426217
914000,A_w100_T10000_std_lr0.01_s9_vzero,0.00827234
915000,A_w100_T10000_std_lr0.01_s0_vzero,0.617714
915000,A_w100_T10000_std_lr0.01_s1_vzero,0.00383154
915000,A_w100_T10000_std_lr0.01_s2_vzero,0.0731065
915000,A_w100_T10000_std_lr0.01_s3_vzero,0.461241
915000,A_w100_T10000_std_lr0.01_s4_vzero,0.389976
915000,A_w100_T10000_std_lr0.01_s5_vzero,0.0408974
915000,A_w100_T10000_std_lr0.01_s6_vzero,0.42084
915000,A_w100_T10000_std_lr0.01_s7_vzero,0.538322
915000,A_w100_T10000_std_lr0.01_s8_vzero,0.333801
915000,A_w100_T10000_std_lr0.01_s9_vzero,0.00510319
916000,A_w100_T10000_std_lr0.01_s0_vzero,0.587616
916000,A_w100_T10000_std_lr0.01_s1_vzero,0.00182888
916000,A_w100_T10000_std_lr0.01_s2_vzero,0.0579359
916000,A_w100_T10000_std_lr0.01_s3_vzero,0.457601
916000,A_w100_T10000_std_lr0.01_s4_vzero,0.390213
916000,A_w100_T10000_std_lr0.01_s5_vzero,0.0265958
916000,A_w100_T10000_std_lr0.01_s6_vzero,0.377536
916000,A_w100_T10000_std_lr0.01_s7_vzero,0.464441
916000,A_w100_T10000_std_lr0.01_s8_vzero,0.316985
916000,A_w100_T10000_std_lr0.01_s9_vzero,0.00360321
917000,A_w100_T10000_std_lr0.01_s0_vzero,0.613015
917000,A_w100_T10000_std_lr0.01_s1_vzero,0.00070563
917000,A_w100_T10000_std_lr0.01_s2_vzero,0.0527907
917000,A_w100_T10000_std_lr0.01_s3_vzero,0.432038
917000,A_w100_T10000_std_lr0.01_s4_vzero,0.334956
917000,A_w100_T10000_std_lr0.01_s5_vzero,0.0180483
917000,A_w100_T10000_std_lr0.01_s6_vzero,0.444015
917000,A_w100_T10000_std_lr0.01_s7_vzero,0.488491
917000,A_w100_T10000_std_lr0.01_s8_vzero,0.301034
917000,A_w100_T10000_std_lr0.01_s9_vzero,0.00131864
918000,A_w100_T10000_std_lr0.01_s0_vzero,0.578315
918000,A_w100_T10000_std_lr0.01_s1_vzero,0.000298565
918000,A_w100_T10000_std_lr0.01_s2_vzero,0.0493506
918000,A_w100_T10000_std_lr0.01_s3_vzero,0.437136
918000,A_w100_T10000_std_lr0.01_s4_vzero,0.347576
918000,A_w100_T10000_std_lr0.01_s5_vzero,0.0102377
918000,A_w100_T10000_std_lr0.01_s6_vzero,0.377084
918000,A_w100_T10000_std_lr0.01_s7_vzero,0.483644
918000,A_w100_T10000_std_lr0.01_s8_vzero,0.287193
918000,A_w100_T10000_std_lr0.01_s9_vzero,0.00122609
919000,A_w100_T10000_std_lr0.01_s0_vzero,0.586956
919000,A_w100_T10000_std_lr0.01_s1_vzero,0.000125331
919000,A_w100_T10000_std_lr0.01_s2_vzero,0.0396034
919000,A_w100_T10000_std_lr0.01_s3_vzero,0.349912
919000,A_w100_T10000_std_lr0.01_s4_vzero,0.343709
919000,A_w100_T10000_std_lr0.01_s5_vzero,0.00675733
919000,A_w100_T10000_std_lr0.01_s6_vzero,0.375164
919000,A_w100_T10000_std_lr0.01_s7_vzero,0.477419
919000,A_w100_T10000_std_lr0.01_s8_vzero,0.280383
919000,A_w100_T10000_std_lr0.01_s9_vzero,0.000918846
920000,A_w100_T10000_std_lr0.01_s0_vzero,0.590229
920000,A_w100_T10000_std_lr0.01_s1_vzero,4.98608e-05
920000,A_w100_T10000_std_lr0.01_s2_vzero,0.0424264
920000,A_w100_T10000_std_lr0.01_s3_vzero,0.386926
920000,A_w100_T10000_std_lr0.01_s4_vzero,0.286462
920000,A_w100_T10000_std_lr0.01_s5_vzero,0.00452665
920000,A_w100_T10000_std_lr0.01_s6_vzero,0.345455
920000,A_w100_T10000_std_lr0.01_s7_vzero,0.445487
920000,A_w100_T10000_std_lr0.01_s8_vzero,0.314029
920000,A_w100_T10000_std_lr0.01_s9_vzero,0.000360633
921000,A_w100_T10000_std_lr0.01_s0_vzero,0.906756
921000,A_w100_T10000_std_lr0.01_s1_vzero,0.15056
921000,A_w100_T10000_std_lr0.01_s2_vzero,0.622193
921000,A_w100_T10000_std_lr0.01_s3_vzero,0.677154
921000,A_w100_T10000_std_lr0.01_s4_vzero,1.11217
921000,A_w100_T10000_std_lr0.01_s5_vzero,0.311495
921000,A_w100_T10000_std_lr0.01_s6_vzero,0.324477
921000,A_w100_T10000_std_lr0.01_s7_vzero,0.479282
921000,A_w100_T10000_std_lr0.01_s8_vzero,0.729215
921000,A_w100_T10000_std_lr0.01_s9_vzero,0.835333
922000,A_w100_T10000_std_lr0.01_s0_vzero,0.727163
922000,A_w100_T10000_std_lr0.01_s1_vzero,0.00248683
922000,A_w100_T10000_std_lr0.01_s2_vzero,0.285135
922000,A_w100_T10000_std_lr0.01_s3_vzero,0.357257
922000,A_w100_T10000_std_lr0.01_s4_vzero,0.959891
922000,A_w100_T10000_std_lr0.01_s5_vzero,0.0908807
922000,A_w100_T10000_std_lr0.01_s6_vzero,0.216344
922000,A_w100_T10000_std_lr0.01_s7_vzero,0.241943
922000,A_w100_T10000_std_lr0.01_s8_vzero,0.613833
922000,A_w100_T10000_std_lr0.01_s9_vzero,0.312079
923000,A_w100_T10000_std_lr0.01_s0_vzero,0.713462
923000,A_w100_T10000_std_lr0.01_s1_vzero,0.000110897
923000,A_w100_T10000_std_lr0.01_s2_vzero,0.215319
923000,A_w100_T10000_std_lr0.01_s3_vzero,0.325924
923000,A_w100_T10000_std_lr0.01_s4_vzero,0.916827
923000,A_w100_T10000_std_lr0.01_s5_vzero,0.0532996
923000,A_w100_T10000_std_lr0.01_s6_vzero,0.211856
923000,A_w100_T10000_std_lr0.01_s7_vzero,0.243479
923000,A_w100_T10000_std_lr0.01_s8_vzero,0.477821
923000,A_w100_T10000_std_lr0.01_s9_vzero,0.1934
924000,A_w100_T10000_std_lr0.01_s0_vzero,0.732193
924000,A_w100_T10000_std_lr0.01_s1_vzero,5.27125e-06
924000,A_w100_T10000_std_lr0.01_s2_vzero,0.179309
924000,A_w100_T10000_std_lr0.01_s3_vzero,0.302768
924000,A_w100_T10000_std_lr0.01_s4_vzero,0.777722
924000,A_w100_T10000_std_lr0.01_s5_vzero,0.0294556
924000,A_w100_T10000_std_lr0.01_s6_vzero,0.234726
924000,A_w100_T10000_std_lr0.01_s7_vzero,0.226426
924000,A_w100_T10000_std_lr0.01_s8_vzero,0.437564
924000,A_w100_T10000_std_lr0.01_s9_vzero,0.144328
925000,A_w100_T10000_std_lr0.01_s0_vzero,0.704148
925000,A_w100_T10000_std_lr0.01_s1_vzero,5.86786e-07
925000,A_w100_T10000_std_lr0.01_s2_vzero,0.166281
925000,A_w100_T10000_std_lr0.01_s3_vzero,0.244559
925000,A_w100_T10000_std_lr0.01_s4_vzero,0.758186
925000,A_w100_T10000_std_lr0.01_s5_vzero,0.0209986
925000,A_w100_T10000_std_lr0.01_s6_vzero,0.187346
925000,A_w100_T10000_std_lr0.01_s7_vzero,0.230516
925000,A_w100_T10000_std_lr0.01_s8_vzero,0.35345
925000,A_w100_T10000_std_lr0.01_s9_vzero,0.109952
926000,A_w100_T10000_std_lr0.01_s0_vzero,0.669845
926000,A_w100_T10000_std_lr0.01_s1_vzero,3.9915e-08
926000,A_w100_T10000_std_lr0.01_s2_vzero,0.140617
926000,A_w100_T10000_std_lr0.01_s3_vzero,0.2469
926000,A_w100_T10000_std_lr0.01_s4_vzero,0.739864
926000,A_w100_T10000_std_lr0.01_s5_vzero,0.0136339
926000,A_w100_T10000_std_lr0.01_s6_vzero,0.194299
926000,A_w100_T10000_std_lr0.01_s7_vzero,0.148969
926000,A_w100_T10000_std_lr0.01_s8_vzero,0.345862
926000,A_w100_T10000_std_lr0.01_s9_vzero,0.0911431
927000,A_w100_T10000_std_lr0.01_s0_vzero,0.696386
927000,A_w100_T10000_std_lr0.01_s1_vzero,2.49069e-09
927000,A_w100_T10000_std_lr0.01_s2_vzero,0.153937
927000,A_w100_T10000_std_lr0.01_s3_vzero,0.215267
927000,A_w100_T10000_std_lr0.01_s4_vzero,0.69103
927000,A_w100_T10000_std_lr0.01_s5_vzero,0.0115482
927000,A_w100_T10000_std_lr0.01_s6_vzero,0.195819
927000,A_w100_T10000_std_lr0.01_s7_vzero,0.128069
927000,A_w100_T10000_std_lr0.01_s8_vzero,0.320811
927000,A_w100_T10000_std_lr0.01_s9_vzero,0.069924
928000,A_w100_T10000_std_lr0.01_s0_vzero,0.691196
928000,A_w100_T10000_std_lr0.01_s1_vzero,2.23897e-10
928000,A_w100_T10000_std_lr0.01_s2_vzero,0.129276
928000,A_w100_T10000_std_lr0.01_s3_vzero,0.174697
928000,A_w100_T10000_std_lr0.01_s4_vzero,0.70127
928000,A_w100_T10000_std_lr0.01_s5_vzero,0.0100788
928000,A_w100_T10000_std_lr0.01_s6_vzero,0.172481
928000,A_w100_T10000_std_lr0.01_s7_vzero,0.12526
928000,A_w100_T10000_std_lr0.01_s8_vzero,0.348376
928000,A_w100_T10000_std_lr0.01_s9_vzero,0.0604598
929000,A_w100_T10000_std_lr0.01_s0_vzero,0.688755
929000,A_w100_T10000_std_lr0.01_s1_vzero,2.16408e-11
929000,A_w100_T10000_std_lr0.01_s2_vzero,0.129019
929000,A_w100_T10000_std_lr0.01_s3_vzero,0.148256
929000,A_w100_T10000_std_lr0.01_s4_vzero,0.684079
929000,A_w100_T10000_std_lr0.01_s5_vzero,0.00546686
929000,A_w100_T10000_std_lr0.01_s6_vzero,0.176794
929000,A_w100_T10000_std_lr0.01_s7_vzero,0.0949414
929000,A_w100_T10000_std_lr0.01_s8_vzero,0.312327
929000,A_w100_T10000_std_lr0.01_s9_vzero,0.0451815
930000,A_w100_T10000_std_lr0.01_s0_vzero,0.747971
930000,A_w100_T10000_std_lr0.01_s1_vzero,2.82897e-12
930000,A_w100_T10000_std_lr0.01_s2_vzero,0.132215
930000,A_w100_T10000_std_lr0.01_s3_vzero,0.133334
930000,A_w100_T10000_std_lr0.01_s4_vzero,0.646881
930000,A_w100_T10000_std_lr0.01_s5_vzero,0.0058225
930000,A_w100_T10000_std_lr0.01_s6_vzero,0.178789
930000,A_w100_T10000_std_lr0.01_s7_vzero,0.103856
930000,A_w100_T10000_std_lr0.01_s8_vzero,0.318207
930000,A_w100_T10000_std_lr0.01_s9_vzero,0.0438976
931000,A_w100_T10000_std_lr0.01_s0_vzero,0.891475
931000,A_w100_T10000_std_lr0.01_s1_vzero,0.263794
931000,A_w100_T10000_std_lr0.01_s2_vzero,0.455797
931000,A_w100_T10000_std_lr0.01_s3_vzero,0.416269
931000,A_w100_T10000_std_lr0.01_s4_vzero,1.40777
931000,A_w100_T10000_std_lr0.01_s5_vzero,0.510487
931000,A_w100_T10000_std_lr0.01_s6_vzero,0.482151
931000,A_w100_T10000_std_lr0.01_s7_vzero,0.908349
931000,A_w100_T10000_std_lr0.01_s8_vzero,0.474904
931000,A_w100_T10000_std_lr0.01_s9_vzero,0.680554
932000,A_w100_T10000_std_lr0.01_s0_vzero,0.59462
932000,A_w100_T10000_std_lr0.01_s1_vzero,0.0458181
932000,A_w100_T10000_std_lr0.01_s2_vzero,0.277028
932000,A_w100_T10000_std_lr0.01_s3_vzero,0.141932
932000,A_w100_T10000_std_lr0.01_s4_vzero,1.29922
932000,A_w100_T10000_std_lr0.01_s5_vzero,0.246185
932000,A_w100_T10000_std_lr0.01_s6_vzero,0.435631
932000,A_w100_T10000_std_lr0.01_s7_vzero,0.653275
932000,A_w100_T10000_std_lr0.01_s8_vzero,0.250843
932000,A_w100_T10000_std_lr0.01_s9_vzero,0.0905365
933000,A_w100_T10000_std_lr0.01_s0_vzero,0.548118
933000,A_w100_T10000_std_lr0.01_s1_vzero,0.0168952
933000,A_w100_T10000_std_lr0.01_s2_vzero,0.224461
933000,A_w100_T10000_std_lr0.01_s3_vzero,0.135973
933000,A_w100_T10000_std_lr0.01_s4_vzero,1.28431
933000,A_w100_T10000_std_lr0.01_s5_vzero,0.108484
933000,A_w100_T10000_std_lr0.01_s6_vzero,0.304879
933000,A_w100_T10000_std_lr0.01_s7_vzero,0.519625
933000,A_w100_T10000_std_lr0.01_s8_vzero,0.200087
933000,A_w100_T10000_std_lr0.01_s9_vzero,0.0189768
934000,A_w100_T10000_std_lr0.01_s0_vzero,0.432301
934000,A_w100_T10000_std_lr0.01_s1_vzero,0.00692797
934000,A_w100_T10000_std_lr0.01_s2_vzero,0.217943
934000,A_w100_T10000_std_lr0.01_s3_vzero,0.123361
934000,A_w100_T10000_std_lr0.01_s4_vzero,1.2522
934000,A_w100_T10000_std_lr0.01_s5_vzero,0.0754027
934000,A_w100_T10000_std_lr0.01_s6_vzero,0.296269
934000,A_w100_T10000_std_lr0.01_s7_vzero,0.501958
934000,A_w100_T10000_std_lr0.01_s8_vzero,0.150971
934000,A_w100_T10000_std_lr0.01_s9_vzero,0.00526728
935000,A_w100_T10000_std_lr0.01_s0_vzero,0.452978
935000,A_w100_T10000_std_lr0.01_s1_vzero,0.0025976
935000,A_w100_T10000_std_lr0.01_s2_vzero,0.197667
935000,A_w100_T10000_std_lr0.01_s3_vzero,0.121621
935000,A_w100_T10000_std_lr0.01_s4_vzero,1.15449
935000,A_w100_T10000_std_lr0.01_s5_vzero,0.0500461
935000,A_w100_T10000_std_lr0.01_s6_vzero,0.322424
935000,A_w100_T10000_std_lr0.01_s7_vzero,0.450018
935000,A_w100_T10000_std_lr0.01_s8_vzero,0.135387
935000,A_w100_T10000_std_lr0.01_s9_vzero,0.00256873
936000,A_w100_T10000_std_lr0.01_s0_vzero,0.417022
936000,A_w100_T10000_std_lr0.01_s1_vzero,0.00125591
936000,A_w100_T10000_std_lr0.01_s2_vzero,0.178047
936000,A_w100_T10000_std_lr0.01_s3_vzero,0.123223
936000,A_w100_T10000_std_lr0.01_s4_vzero,1.07962
936000,A_w100_T10000_std_lr0.01_s5_vzero,0.039244
936000,A_w100_T10000_std_lr0.01_s6_vzero,0.309694
936000,A_w100_T10000_std_lr0.01_s7_vzero,0.429225
936000,A_w100_T10000_std_lr0.01_s8_vzero,0.121988
936000,A_w100_T10000_std_lr0.01_s9_vzero,0.00114704
937000,A_w100_T10000_std_lr0.01_s0_vzero,0.409648
937000,A_w100_T10000_std_lr0.01_s1_vzero,0.000497632
937000,A_w100_T10000_std_lr0.01_s2_vzero,0.156879
937000,A_w100_T10000_std_lr0.01_s3_vzero,0.112822
937000,A_w100_T10000_std_lr0.01_s4_vzero,1.23492
937000,A_w100_T10000_std_lr0.01_s5_vzero,0.0317513
937000,A_w100_T10000_std_lr0.01_s6_vzero,0.205335
937000,A_w100_T10000_std_lr0.01_s7_vzero,0.445151
937000,A_w100_T10000_std_lr0.01_s8_vzero,0.109181
937000,A_w100_T10000_std_lr0.01_s9_vzero,0.000647646
938000,A_w100_T10000_std_lr0.01_s0_vzero,0.40702
938000,A_w100_T10000_std_lr0.01_s1_vzero,0.000217458
938000,A_w100_T10000_std_lr0.01_s2_vzero,0.126981
938000,A_w100_T10000_std_lr0.01_s3_vzero,0.0885033
938000,A_w100_T10000_std_lr0.01_s4_vzero,1.15358
938000,A_w100_T10000_std_lr0.01_s5_vzero,0.0271879
938000,A_w100_T10000_std_lr0.01_s6_vzero,0.220956
938000,A_w100_T10000_std_lr0.01_s7_vzero,0.460283
938000,A_w100_T10000_std_lr0.01_s8_vzero,0.108722
938000,A_w100_T10000_std_lr0.01_s9_vzero,0.000272912
939000,A_w100_T10000_std_lr0.01_s0_vzero,0.45668
939000,A_w100_T10000_std_lr0.01_s1_vzero,6.60192e-05
939000,A_w100_T10000_std_lr0.01_s2_vzero,0.115629
939000,A_w100_T10000_std_lr0.01_s3_vzero,0.0853693
939000,A_w100_T10000_std_lr0.01_s4_vzero,1.16783
939000,A_w100_T10000_std_lr0.01_s5_vzero,0.0282687
939000,A_w100_T10000_std_lr0.01_s6_vzero,0.183779
939000,A_w100_T10000_std_lr0.01_s7_vzero,0.458163
939000,A_w100_T10000_std_lr0.01_s8_vzero,0.105865
939000,A_w100_T10000_std_lr0.01_s9_vzero,0.000134111
940000,A_w100_T10000_std_lr0.01_s0_vzero,0.380063
940000,A_w100_T10000_std_lr0.01_s1_vzero,3.2064e-05
940000,A_w100_T10000_std_lr0.01_s2_vzero,0.104859
940000,A_w100_T10000_std_lr0.01_s3_vzero,0.0812482
940000,A_w100_T10000_std_lr0.01_s4_vzero,1.13158
940000,A_w100_T10000_std_lr0.01_s5_vzero,0.0209742
940000,A_w100_T10000_std_lr0.01_s6_vzero,0.154349
940000,A_w100_T10000_std_lr0.01_s7_vzero,0.424402
940000,A_w100_T10000_std_lr0.01_s8_vzero,0.0816455
940000,A_w100_T10000_std_lr0.01_s9_vzero,8.03355e-05
941000,A_w100_T10000_std_lr0.01_s0_vzero,1.17444
941000,A_w100_T10000_std_lr0.01_s1_vzero,0.163427
941000,A_w100_T10000_std_lr0.01_s2_vzero,0.415356
941000,A_w100_T10000_std_lr0.01_s3_vzero,1.0792
941000,A_w100_T10000_std_lr0.01_s4_vzero,1.11435
941000,A_w100_T10000_std_lr0.01_s5_vzero,0.219556
941000,A_w100_T10000_std_lr0.01_s6_vzero,0.735717
941000,A_w100_T10000_std_lr0.01_s7_vzero,1.01908
941000,A_w100_T10000_std_lr0.01_s8_vzero,0.548119
941000,A_w100_T10000_std_lr0.01_s9_vzero,0.448299
942000,A_w100_T10000_std_lr0.01_s0_vzero,0.599677
942000,A_w100_T10000_std_lr0.01_s1_vzero,0.00944899
942000,A_w100_T10000_std_lr0.01_s2_vzero,0.307066
942000,A_w100_T10000_std_lr0.01_s3_vzero,0.789445
942000,A_w100_T10000_std_lr0.01_s4_vzero,0.621088
942000,A_w100_T10000_std_lr0.01_s5_vzero,0.0605613
942000,A_w100_T10000_std_lr0.01_s6_vzero,0.708571
942000,A_w100_T10000_std_lr0.01_s7_vzero,0.63325
942000,A_w100_T10000_std_lr0.01_s8_vzero,0.106697
942000,A_w100_T10000_std_lr0.01_s9_vzero,0.0258513
943000,A_w100_T10000_std_lr0.01_s0_vzero,0.543023
943000,A_w100_T10000_std_lr0.01_s1_vzero,0.00191213
943000,A_w100_T10000_std_lr0.01_s2_vzero,0.267586
943000,A_w100_T10000_std_lr0.01_s3_vzero,0.669389
943000,A_w100_T10000_std_lr0.01_s4_vzero,0.737078
943000,A_w100_T10000_std_lr0.01_s5_vzero,0.0362185
943000,A_w100_T10000_std_lr0.01_s6_vzero,0.721956
943000,A_w100_T10000_std_lr0.01_s7_vzero,0.530667
943000,A_w100_T10000_std_lr0.01_s8_vzero,0.0343278
943000,A_w100_T10000_std_lr0.01_s9_vzero,0.00629484
944000,A_w100_T10000_std_lr0.01_s0_vzero,0.480468
944000,A_w100_T10000_std_lr0.01_s1_vzero,0.000394027
944000,A_w100_T10000_std_lr0.01_s2_vzero,0.275726
944000,A_w100_T10000_std_lr0.01_s3_vzero,0.621819
944000,A_w100_T10000_std_lr0.01_s4_vzero,0.587063
944000,A_w100_T10000_std_lr0.01_s5_vzero,0.0232526
944000,A_w100_T10000_std_lr0.01_s6_vzero,0.760353
944000,A_w100_T10000_std_lr0.01_s7_vzero,0.443305
944000,A_w100_T10000_std_lr0.01_s8_vzero,0.0172696
944000,A_w100_T10000_std_lr0.01_s9_vzero,0.00132558
945000,A_w100_T10000_std_lr0.01_s0_vzero,0.522801
945000,A_w100_T10000_std_lr0.01_s1_vzero,8.86325e-05
945000,A_w100_T10000_std_lr0.01_s2_vzero,0.258682
945000,A_w100_T10000_std_lr0.01_s3_vzero,0.527552
945000,A_w100_T10000_std_lr0.01_s4_vzero,0.665074
945000,A_w100_T10000_std_lr0.01_s5_vzero,0.0174089
945000,A_w100_T10000_std_lr0.01_s6_vzero,0.709934
945000,A_w100_T10000_std_lr0.01_s7_vzero,0.374393
945000,A_w100_T10000_std_lr0.01_s8_vzero,0.00747079
945000,A_w100_T10000_std_lr0.01_s9_vzero,0.000319038
946000,A_w100_T10000_std_lr0.01_s0_vzero,0.488464
946000,A_w100_T10000_std_lr0.01_s1_vzero,3.0387e-05
946000,A_w100_T10000_std_lr0.01_s2_vzero,0.275172
946000,A_w100_T10000_std_lr0.01_s3_vzero,0.495218
946000,A_w100_T10000_std_lr0.01_s4_vzero,0.566379
946000,A_w100_T10000_std_lr0.01_s5_vzero,0.0137853
946000,A_w100_T10000_std_lr0.01_s6_vzero,0.730359
946000,A_w100_T10000_std_lr0.01_s7_vzero,0.343279
946000,A_w100_T10000_std_lr0.01_s8_vzero,0.00399566
946000,A_w100_T10000_std_lr0.01_s9_vzero,6.0652e-05
947000,A_w100_T10000_std_lr0.01_s0_vzero,0.511456
947000,A_w100_T10000_std_lr0.01_s1_vzero,9.20576e-06
947000,A_w100_T10000_std_lr0.01_s2_vzero,0.243392
947000,A_w100_T10000_std_lr0.01_s3_vzero,0.441666
947000,A_w100_T10000_std_lr0.01_s4_vzero,0.532802
947000,A_w100_T10000_std_lr0.01_s5_vzero,0.0107718
947000,A_w100_T10000_std_lr0.01_s6_vzero,0.738271
947000,A_w100_T10000_std_lr0.01_s7_vzero,0.300794
947000,A_w100_T10000_std_lr0.01_s8_vzero,0.00209371
947000,A_w100_T10000_std_lr0.01_s9_vzero,2.80521e-05
948000,A_w100_T10000_std_lr0.01_s0_vzero,0.490844
948000,A_w100_T10000_std_lr0.01_s1_vzero,2.64253e-06
948000,A_w100_T10000_std_lr0.01_s2_vzero,0.233421
948000,A_w100_T10000_std_lr0.01_s3_vzero,0.413138
948000,A_w100_T10000_std_lr0.01_s4_vzero,0.539707
948000,A_w100_T10000_std_lr0.01_s5_vzero,0.00918517
948000,A_w100_T10000_std_lr0.01_s6_vzero,0.728644
948000,A_w100_T10000_std_lr0.01_s7_vzero,0.250644
948000,A_w100_T10000_std_lr0.01_s8_vzero,0.000787261
948000,A_w100_T10000_std_lr0.01_s9_vzero,1.08695e-05
949000,A_w100_T10000_std_lr0.01_s0_vzero,0.478576
949000,A_w100_T10000_std_lr0.01_s1_vzero,7.77477e-07
949000,A_w100_T10000_std_lr0.01_s2_vzero,0.186048
949000,A_w100_T10000_std_lr0.01_s3_vzero,0.404219
949000,A_w100_T10000_std_lr0.01_s4_vzero,0.474919
949000,A_w100_T10000_std_lr0.01_s5_vzero,0.00906228
949000,A_w100_T10000_std_lr0.01_s6_vzero,0.731031
949000,A_w100_T10000_std_lr0.01_s7_vzero,0.2441
949000,A_w100_T10000_std_lr0.01_s8_vzero,0.000401406
949000,A_w100_T10000_std_lr0.01_s9_vzero,5.6484e-06
950000,A_w100_T10000_std_lr0.01_s0_vzero,0.421219
950000,A_w100_T10000_std_lr0.01_s1_vzero,2.18006e-07
950000,A_w100_T10000_std_lr0.01_s2_vzero,0.214634
950000,A_w100_T10000_std_lr0.01_s3_vzero,0.398436
950000,A_w100_T10000_std_lr0.01_s4_vzero,0.536103
950000,A_w100_T10000_std_lr0.01_s5_vzero,0.00780961
950000,A_w100_T10000_std_lr0.01_s6_vzero,0.686857
950000,A_w100_T10000_std_lr0.01_s7_vzero,0.253265
950000,A_w100_T10000_std_lr0.01_s8_vzero,0.000261648
950000,A_w100_T10000_std_lr0.01_s9_vzero,2.65465e-06
951000,A_w100_T10000_std_lr0.01_s0_vzero,0.296277
951000,A_w100_T10000_std_lr0.01_s1_vzero,0.1421
951000,A_w100_T10000_std_lr0.01_s2_vzero,0.465113
951000,A_w100_T10000_std_lr0.01_s3_vzero,0.693848
951000,A_w100_T10000_std_lr0.01_s4_vzero,0.624896
951000,A_w100_T10000_std_lr0.01_s5_vzero,0.204249
951000,A_w100_T10000_std_lr0.01_s6_vzero,0.613195
951000,A_w100_T10000_std_lr0.01_s7_vzero,0.682175
951000,A_w100_T10000_std_lr0.01_s8_vzero,1.48604
951000,A_w100_T10000_std_lr0.01_s9_vzero,0.360547
952000,A_w100_T10000_std_lr0.01_s0_vzero,0.0715467
952000,A_w100_T10000_std_lr0.01_s1_vzero,0.00252798
952000,A_w100_T10000_std_lr0.01_s2_vzero,0.349445
952000,A_w100_T10000_std_lr0.01_s3_vzero,0.370622
952000,A_w100_T10000_std_lr0.01_s4_vzero,0.471232
952000,A_w100_T10000_std_lr0.01_s5_vzero,0.0282179
952000,A_w100_T10000_std_lr0.01_s6_vzero,0.319366
952000,A_w100_T10000_std_lr0.01_s7_vzero,0.260723
952000,A_w100_T10000_std_lr0.01_s8_vzero,1.04135
952000,A_w100_T10000_std_lr0.01_s9_vzero,0.0447421
953000,A_w100_T10000_std_lr0.01_s0_vzero,0.0454013
953000,A_w100_T10000_std_lr0.01_s1_vzero,0.000329475
953000,A_w100_T10000_std_lr0.01_s2_vzero,0.299824
953000,A_w100_T10000_std_lr0.01_s3_vzero,0.365086
953000,A_w100_T10000_std_lr0.01_s4_vzero,0.441415
953000,A_w100_T10000_std_lr0.01_s5_vzero,0.0141734
953000,A_w100_T10000_std_lr0.01_s6_vzero,0.186466
953000,A_w100_T10000_std_lr0.01_s7_vzero,0.234017
953000,A_w100_T10000_std_lr0.01_s8_vzero,0.759256
953000,A_w100_T10000_std_lr0.01_s9_vzero,0.0209793
954000,A_w100_T10000_std_lr0.01_s0_vzero,0.0265397
954000,A_w100_T10000_std_lr0.01_s1_vzero,4.42428e-05
954000,A_w100_T10000_std_lr0.01_s2_vzero,0.276048
954000,A_w100_T10000_std_lr0.01_s3_vzero,0.335834
954000,A_w100_T10000_std_lr0.01_s4_vzero,0.422037
954000,A_w100_T10000_std_lr0.01_s5_vzero,0.00893298
954000,A_w100_T10000_std_lr0.01_s6_vzero,0.176989
954000,A_w100_T10000_std_lr0.01_s7_vzero,0.21694
954000,A_w100_T10000_std_lr0.01_s8_vzero,0.702654
954000,A_w100_T10000_std_lr0.01_s9_vzero,0.00782471
955000,A_w100_T10000_std_lr0.01_s0_vzero,0.0204864
955000,A_w100_T10000_std_lr0.01_s1_vzero,9.55199e-06
955000,A_w100_T10000_std_lr0.01_s2_vzero,0.245445
955000,A_w100_T10000_std_lr0.01_s3_vzero,0.33006
955000,A_w100_T10000_std_lr0.01_s4_vzero,0.423667
955000,A_w100_T10000_std_lr0.01_s5_vzero,0.00440474
955000,A_w100_T10000_std_lr0.01_s6_vzero,0.166156
955000,A_w100_T10000_std_lr0.01_s7_vzero,0.0987197
955000,A_w100_T10000_std_lr0.01_s8_vzero,0.767442
955000,A_w100_T10000_std_lr0.01_s9_vzero,0.0035089
956000,A_w100_T10000_std_lr0.01_s0_vzero,0.0200899
956000,A_w100_T10000_std_lr0.01_s1_vzero,1.93962e-06
956000,A_w100_T10000_std_lr0.01_s2_vzero,0.185466
956000,A_w100_T10000_std_lr0.01_s3_vzero,0.351108
956000,A_w100_T10000_std_lr0.01_s4_vzero,0.388334
956000,A_w100_T10000_std_lr0.01_s5_vzero,0.00318695
956000,A_w100_T10000_std_lr0.01_s6_vzero,0.147997
956000,A_w100_T10000_std_lr0.01_s7_vzero,0.0568684
956000,A_w100_T10000_std_lr0.01_s8_vzero,0.696029
956000,A_w100_T10000_std_lr0.01_s9_vzero,0.00179334
957000,A_w100_T10000_std_lr0.01_s0_vzero,0.0220939
957000,A_w100_T10000_std_lr0.01_s1_vzero,3.97271e-07
957000,A_w100_T10000_std_lr0.01_s2_vzero,0.150232
957000,A_w100_T10000_std_lr0.01_s3_vzero,0.342931
957000,A_w100_T10000_std_lr0.01_s4_vzero,0.436047
957000,A_w100_T10000_std_lr0.01_s5_vzero,0.00281741
957000,A_w100_T10000_std_lr0.01_s6_vzero,0.165872
957000,A_w100_T10000_std_lr0.01_s7_vzero,0.0455895
957000,A_w100_T10000_std_lr0.01_s8_vzero,0.696647
957000,A_w100_T10000_std_lr0.01_s9_vzero,0.000819387
958000,A_w100_T10000_std_lr0.01_s0_vzero,0.021256
958000,A_w100_T10000_std_lr0.01_s1_vzero,1.00806e-07
958000,A_w100_T10000_std_lr0.01_s2_vzero,0.143227
958000,A_w100_T10000_std_lr0.01_s3_vzero,0.3506
958000,A_w100_T10000_std_lr0.01_s4_vzero,0.406518
958000,A_w100_T10000_std_lr0.01_s5_vzero,0.00186179
958000,A_w100_T10000_std_lr0.01_s6_vzero,0.170041
958000,A_w100_T10000_std_lr0.01_s7_vzero,0.0360656
958000,A_w100_T10000_std_lr0.01_s8_vzero,0.695577
958000,A_w100_T10000_std_lr0.01_s9_vzero,0.00037222
959000,A_w100_T10000_std_lr0.01_s0_vzero,0.0233831
959000,A_w100_T10000_std_lr0.01_s1_vzero,2.04182e-08
959000,A_w100_T10000_std_lr0.01_s2_vzero,0.135488
959000,A_w100_T10000_std_lr0.01_s3_vzero,0.338081
959000,A_w100_T10000_std_lr0.01_s4_vzero,0.387915
959000,A_w100_T10000_std_lr0.01_s5_vzero,0.00160735
959000,A_w100_T10000_std_lr0.01_s6_vzero,0.162571
959000,A_w100_T10000_std_lr0.01_s7_vzero,0.037552
959000,A_w100_T10000_std_lr0.01_s8_vzero,0.669178
959000,A_w100_T10000_std_lr0.01_s9_vzero,0.000181614
960000,A_w100_T10000_std_lr0.01_s0_vzero,0.0195128
960000,A_w100_T10000_std_lr0.01_s1_vzero,4.25656e-09
960000,A_w100_T10000_std_lr0.01_s2_vzero,0.147291
960000,A_w100_T10000_std_lr0.01_s3_vzero,0.319048
960000,A_w100_T10000_std_lr0.01_s4_vzero,0.395038
960000,A_w100_T10000_std_lr0.01_s5_vzero,0.000975109
960000,A_w100_T10000_std_lr0.01_s6_vzero,0.150224
960000,A_w100_T10000_std_lr0.01_s7_vzero,0.0338575
960000,A_w100_T10000_std_lr0.01_s8_vzero,0.537884
960000,A_w100_T10000_std_lr0.01_s9_vzero,7.69707e-05
961000,A_w100_T10000_std_lr0.01_s0_vzero,0.81336
961000,A_w100_T10000_std_lr0.01_s1_vzero,0.530498
961000,A_w100_T10000_std_lr0.01_s2_vzero,0.610847
961000,A_w100_T10000_std_lr0.01_s3_vzero,0.56036
961000,A_w100_T10000_std_lr0.01_s4_vzero,0.330924
961000,A_w100_T10000_std_lr0.01_s5_vzero,0.228034
961000,A_w100_T10000_std_lr0.01_s6_vzero,0.470202
961000,A_w100_T10000_std_lr0.01_s7_vzero,0.467919
961000,A_w100_T10000_std_lr0.01_s8_vzero,0.794446
961000,A_w100_T10000_std_lr0.01_s9_vzero,1.01842
962000,A_w100_T10000_std_lr0.01_s0_vzero,0.464025
962000,A_w100_T10000_std_lr0.01_s1_vzero,0.106762
962000,A_w100_T10000_std_lr0.01_s2_vzero,0.3385
962000,A_w100_T10000_std_lr0.01_s3_vzero,0.492263
962000,A_w100_T10000_std_lr0.01_s4_vzero,0.168663
962000,A_w100_T10000_std_lr0.01_s5_vzero,0.044909
962000,A_w100_T10000_std_lr0.01_s6_vzero,0.408205
962000,A_w100_T10000_std_lr0.01_s7_vzero,0.0480649
962000,A_w100_T10000_std_lr0.01_s8_vzero,0.43756
962000,A_w100_T10000_std_lr0.01_s9_vzero,0.25387
963000,A_w100_T10000_std_lr0.01_s0_vzero,0.390051
963000,A_w100_T10000_std_lr0.01_s1_vzero,0.0375778
963000,A_w100_T10000_std_lr0.01_s2_vzero,0.311157
963000,A_w100_T10000_std_lr0.01_s3_vzero,0.442447
963000,A_w100_T10000_std_lr0.01_s4_vzero,0.121818
963000,A_w100_T10000_std_lr0.01_s5_vzero,0.0191504
963000,A_w100_T10000_std_lr0.01_s6_vzero,0.340701
963000,A_w100_T10000_std_lr0.01_s7_vzero,0.016686
963000,A_w100_T10000_std_lr0.01_s8_vzero,0.386558
963000,A_w100_T10000_std_lr0.01_s9_vzero,0.117456
964000,A_w100_T10000_std_lr0.01_s0_vzero,0.351966
964000,A_w100_T10000_std_lr0.01_s1_vzero,0.0123162
964000,A_w100_T10000_std_lr0.01_s2_vzero,0.285536
964000,A_w100_T10000_std_lr0.01_s3_vzero,0.369775
964000,A_w100_T10000_std_lr0.01_s4_vzero,0.110454
964000,A_w100_T10000_std_lr0.01_s5_vzero,0.00752612
964000,A_w100_T10000_std_lr0.01_s6_vzero,0.328298
964000,A_w100_T10000_std_lr0.01_s7_vzero,0.00720868
964000,A_w100_T10000_std_lr0.01_s8_vzero,0.31025
964000,A_w100_T10000_std_lr0.01_s9_vzero,0.0568851
965000,A_w100_T10000_std_lr0.01_s0_vzero,0.330524
965000,A_w100_T10000_std_lr0.01_s1_vzero,0.00393232
965000,A_w100_T10000_std_lr0.01_s2_vzero,0.279313
965000,A_w100_T10000_std_lr0.01_s3_vzero,0.28964
965000,A_w100_T10000_std_lr0.01_s4_vzero,0.0999122
965000,A_w100_T10000_std_lr0.01_s5_vzero,0.00420588
965000,A_w100_T10000_std_lr0.01_s6_vzero,0.355906
965000,A_w100_T10000_std_lr0.01_s7_vzero,0.00368076
965000,A_w100_T10000_std_lr0.01_s8_vzero,0.302892
965000,A_w100_T10000_std_lr0.01_s9_vzero,0.0255888
966000,A_w100_T10000_std_lr0.01_s0_vzero,0.284894
966000,A_w100_T10000_std_lr0.01_s1_vzero,0.001035
966000,A_w100_T10000_std_lr0.01_s2_vzero,0.273173
966000,A_w100_T10000_std_lr0.01_s3_vzero,0.29
966000,A_w100_T10000_std_lr0.01_s4_vzero,0.0807595
966000,A_w100_T10000_std_lr0.01_s5_vzero,0.00212765
966000,A_w100_T10000_std_lr0.01_s6_vzero,0.358032
966000,A_w100_T10000_std_lr0.01_s7_vzero,0.00226009
966000,A_w100_T10000_std_lr0.01_s8_vzero,0.35516
966000,A_w100_T10000_std_lr0.01_s9_vzero,0.00923036
967000,A_w100_T10000_std_lr0.01_s0_vzero,0.250661
967000,A_w100_T10000_std_lr0.01_s1_vzero,0.000271362
967000,A_w100_T10000_std_lr0.01_s2_vzero,0.27493
967000,A_w100_T10000_std_lr0.01_s3_vzero,0.283152
967000,A_w100_T10000_std_lr0.01_s4_vzero,0.0834717
967000,A_w100_T10000_std_lr0.01_s5_vzero,0.000910003
967000,A_w100_T10000_std_lr0.01_s6_vzero,0.349783
967000,A_w100_T10000_std_lr0.01_s7_vzero,0.00115928
967000,A_w100_T10000_std_lr0.01_s8_vzero,0.307961
967000,A_w100_T10000_std_lr0.01_s9_vzero,0.00445762
968000,A_w100_T10000_std_lr0.01_s0_vzero,0.182668
968000,A_w100_T10000_std_lr0.01_s1_vzero,8.64554e-05
968000,A_w100_T10000_std_lr0.01_s2_vzero,0.259508
968000,A_w100_T10000_std_lr0.01_s3_vzero,0.258482
968000,A_w100_T10000_std_lr0.01_s4_vzero,0.089949
968000,A_w100_T10000_std_lr0.01_s5_vzero,0.000606635
968000,A_w100_T10000_std_lr0.01_s6_vzero,0.342983
968000,A_w100_T10000_std_lr0.01_s7_vzero,0.000546379
968000,A_w100_T10000_std_lr0.01_s8_vzero,0.247507
968000,A_w100_T10000_std_lr0.01_s9_vzero,0.00179993
969000,A_w100_T10000_std_lr0.01_s0_vzero,0.192367
969000,A_w100_T10000_std_lr0.01_s1_vzero,1.79163e-05
969000,A_w100_T10000_std_lr0.01_s2_vzero,0.261149
969000,A_w100_T10000_std_lr0.01_s3_vzero,0.247696
969000,A_w100_T10000_std_lr0.01_s4_vzero,0.0803343
969000,A_w100_T10000_std_lr0.01_s5_vzero,0.000318833
969000,A_w100_T10000_std_lr0.01_s6_vzero,0.339381
969000,A_w100_T10000_std_lr0.01_s7_vzero,0.000392872
969000,A_w100_T10000_std_lr0.01_s8_vzero,0.271195
969000,A_w100_T10000_std_lr0.01_s9_vzero,0.000685418
970000,A_w100_T10000_std_lr0.01_s0_vzero,0.170486
970000,A_w100_T10000_std_lr0.01_s1_vzero,5.27491e-06
970000,A_w100_T10000_std_lr0.01_s2_vzero,0.240227
970000,A_w100_T10000_std_lr0.01_s3_vzero,0.236514
970000,A_w100_T10000_std_lr0.01_s4_vzero,0.0741311
970000,A_w100_T10000_std_lr0.01_s5_vzero,0.000177687
970000,A_w100_T10000_std_lr0.01_s6_vzero,0.364805
970000,A_w100_T10000_std_lr0.01_s7_vzero,0.00020736
970000,A_w100_T10000_std_lr0.01_s8_vzero,0.272962
970000,A_w100_T10000_std_lr0.01_s9_vzero,0.000256969
971000,A_w100_T10000_std_lr0.01_s0_vzero,0.508736
971000,A_w100_T10000_std_lr0.01_s1_vzero,0.444831
971000,A_w100_T10000_std_lr0.01_s2_vzero,0.186191
971000,A_w100_T10000_std_lr0.01_s3_vzero,0.555077
971000,A_w100_T10000_std_lr0.01_s4_vzero,0.774172
971000,A_w100_T10000_std_lr0.01_s5_vzero,0.144583
971000,A_w100_T10000_std_lr0.01_s6_vzero,0.480773
971000,A_w100_T10000_std_lr0.01_s7_vzero,0.302993
971000,A_w100_T10000_std_lr0.01_s8_vzero,0.967337
971000,A_w100_T10000_std_lr0.01_s9_vzero,1.24409
972000,A_w100_T10000_std_lr0.01_s0_vzero,0.347033
972000,A_w100_T10000_std_lr0.01_s1_vzero,0.0824557
972000,A_w100_T10000_std_lr0.01_s2_vzero,0.0411825
972000,A_w100_T10000_std_lr0.01_s3_vzero,0.390391
972000,A_w100_T10000_std_lr0.01_s4_vzero,0.506596
972000,A_w100_T10000_std_lr0.01_s5_vzero,0.00576836
972000,A_w100_T10000_std_lr0.01_s6_vzero,0.312794
972000,A_w100_T10000_std_lr0.01_s7_vzero,0.06988
972000,A_w100_T10000_std_lr0.01_s8_vzero,0.711342
972000,A_w100_T10000_std_lr0.01_s9_vzero,0.564104
973000,A_w100_T10000_std_lr0.01_s0_vzero,0.293069
973000,A_w100_T10000_std_lr0.01_s1_vzero,0.034261
973000,A_w100_T10000_std_lr0.01_s2_vzero,0.0210218
973000,A_w100_T10000_std_lr0.01_s3_vzero,0.360317
973000,A_w100_T10000_std_lr0.01_s4_vzero,0.435613
973000,A_w100_T10000_std_lr0.01_s5_vzero,0.00329854
973000,A_w100_T10000_std_lr0.01_s6_vzero,0.213171
973000,A_w100_T10000_std_lr0.01_s7_vzero,0.0239112
973000,A_w100_T10000_std_lr0.01_s8_vzero,0.590006
973000,A_w100_T10000_std_lr0.01_s9_vzero,0.511331
974000,A_w100_T10000_std_lr0.01_s0_vzero,0.307085
974000,A_w100_T10000_std_lr0.01_s1_vzero,0.0139828
974000,A_w100_T10000_std_lr0.01_s2_vzero,0.0126716
974000,A_w100_T10000_std_lr0.01_s3_vzero,0.350569
974000,A_w100_T10000_std_lr0.01_s4_vzero,0.404083
974000,A_w100_T10000_std_lr0.01_s5_vzero,0.00187974
974000,A_w100_T10000_std_lr0.01_s6_vzero,0.145843
974000,A_w100_T10000_std_lr0.01_s7_vzero,0.00817689
974000,A_w100_T10000_std_lr0.01_s8_vzero,0.504867
974000,A_w100_T10000_std_lr0.01_s9_vzero,0.406163
975000,A_w100_T10000_std_lr0.01_s0_vzero,0.252908
975000,A_w100_T10000_std_lr0.01_s1_vzero,0.00543904
975000,A_w100_T10000_std_lr0.01_s2_vzero,0.00901276
975000,A_w100_T10000_std_lr0.01_s3_vzero,0.355147
975000,A_w100_T10000_std_lr0.01_s4_vzero,0.323863
975000,A_w100_T10000_std_lr0.01_s5_vzero,0.000982972
975000,A_w100_T10000_std_lr0.01_s6_vzero,0.123998
975000,A_w100_T10000_std_lr0.01_s7_vzero,0.0023482
975000,A_w100_T10000_std_lr0.01_s8_vzero,0.548945
975000,A_w100_T10000_std_lr0.01_s9_vzero,0.344614
976000,A_w100_T10000_std_lr0.01_s0_vzero,0.257585
976000,A_w100_T10000_std_lr0.01_s1_vzero,0.00189105
976000,A_w100_T10000_std_lr0.01_s2_vzero,0.00920355
976000,A_w100_T10000_std_lr0.01_s3_vzero,0.32999
976000,A_w100_T10000_std_lr0.01_s4_vzero,0.346377
976000,A_w100_T10000_std_lr0.01_s5_vzero,0.000541043
976000,A_w100_T10000_std_lr0.01_s6_vzero,0.108893
976000,A_w100_T10000_std_lr0.01_s7_vzero,0.000607299
976000,A_w100_T10000_std_lr0.01_s8_vzero,0.457642
976000,A_w100_T10000_std_lr0.01_s9_vzero,0.192066
977000,A_w100_T10000_std_lr0.01_s0_vzero,0.251994
977000,A_w100_T10000_std_lr0.01_s1_vzero,0.00130529
977000,A_w100_T10000_std_lr0.01_s2_vzero,0.00647058
977000,A_w100_T10000_std_lr0.01_s3_vzero,0.34124
977000,A_w100_T10000_std_lr0.01_s4_vzero,0.359545
977000,A_w100_T10000_std_lr0.01_s5_vzero,0.000345281
977000,A_w100_T10000_std_lr0.01_s6_vzero,0.0765588
977000,A_w100_T10000_std_lr0.01_s7_vzero,0.000266498
977000,A_w100_T10000_std_lr0.01_s8_vzero,0.466079
977000,A_w100_T10000_std_lr0.01_s9_vzero,0.197849
978000,A_w100_T10000_std_lr0.01_s0_vzero,0.266364
978000,A_w100_T10000_std_lr0.01_s1_vzero,0.000716074
978000,A_w100_T10000_std_lr0.01_s2_vzero,0.00701489
978000,A_w100_T10000_std_lr0.01_s3_vzero,0.306855
978000,A_w100_T10000_std_lr0.01_s4_vzero,0.320397
978000,A_w100_T10000_std_lr0.01_s5_vzero,0.000246493
978000,A_w100_T10000_std_lr0.01_s6_vzero,0.0750619
978000,A_w100_T10000_std_lr0.01_s7_vzero,0.000112715
978000,A_w100_T10000_std_lr0.01_s8_vzero,0.480662
978000,A_w100_T10000_std_lr0.01_s9_vzero,0.15127
979000,A_w100_T10000_std_lr0.01_s0_vzero,0.250945
979000,A_w100_T10000_std_lr0.01_s1_vzero,0.000417186
979000,A_w100_T10000_std_lr0.01_s2_vzero,0.00557996
979000,A_w100_T10000_std_lr0.01_s3_vzero,0.329317
979000,A_w100_T10000_std_lr0.01_s4_vzero,0.342955
979000,A_w100_T10000_std_lr0.01_s5_vzero,0.000132794
979000,A_w100_T10000_std_lr0.01_s6_vzero,0.0682158
979000,A_w100_T10000_std_lr0.01_s7_vzero,5.49724e-05
979000,A_w100_T10000_std_lr0.01_s8_vzero,0.405881
979000,A_w100_T10000_std_lr0.01_s9_vzero,0.148047
980000,A_w100_T10000_std_lr0.01_s0_vzero,0.244094
980000,A_w100_T10000_std_lr0.01_s1_vzero,0.000123702
980000,A_w100_T10000_std_lr0.01_s2_vzero,0.00579985
980000,A_w100_T10000_std_lr0.01_s3_vzero,0.337201
980000,A_w100_T10000_std_lr0.01_s4_vzero,0.303516
980000,A_w100_T10000_std_lr0.01_s5_vzero,8.05421e-05
980000,A_w100_T10000_std_lr0.01_s6_vzero,0.0600956
980000,A_w100_T10000_std_lr0.01_s7_vzero,2.98812e-05
980000,A_w100_T10000_std_lr0.01_s8_vzero,0.428338
980000,A_w100_T10000_std_lr0.01_s9_vzero,0.11641
981000,A_w100_T10000_std_lr0.01_s0_vzero,0.442668
981000,A_w100_T10000_std_lr0.01_s1_vzero,0.404541
981000,A_w100_T10000_std_lr0.01_s2_vzero,0.359573
981000,A_w100_T10000_std_lr0.01_s3_vzero,0.786651
981000,A_w100_T10000_std_lr0.01_s4_vzero,0.70349
981000,A_w100_T10000_std_lr0.01_s5_vzero,0.0985453
981000,A_w100_T10000_std_lr0.01_s6_vzero,1.0349
981000,A_w100_T10000_std_lr0.01_s7_vzero,0.190611
981000,A_w100_T10000_std_lr0.01_s8_vzero,0.751405
981000,A_w100_T10000_std_lr0.01_s9_vzero,2.47861
982000,A_w100_T10000_std_lr0.01_s0_vzero,0.331138
982000,A_w100_T10000_std_lr0.01_s1_vzero,0.123283
982000,A_w100_T10000_std_lr0.01_s2_vzero,0.240637
982000,A_w100_T10000_std_lr0.01_s3_vzero,0.731447
982000,A_w100_T10000_std_lr0.01_s4_vzero,0.493662
982000,A_w100_T10000_std_lr0.01_s5_vzero,0.0143755
982000,A_w100_T10000_std_lr0.01_s6_vzero,0.608827
982000,A_w100_T10000_std_lr0.01_s7_vzero,0.0115365
982000,A_w100_T10000_std_lr0.01_s8_vzero,0.455357
982000,A_w100_T10000_std_lr0.01_s9_vzero,1.34679
983000,A_w100_T10000_std_lr0.01_s0_vzero,0.346333
983000,A_w100_T10000_std_lr0.01_s1_vzero,0.103416
983000,A_w100_T10000_std_lr0.01_s2_vzero,0.247177
983000,A_w100_T10000_std_lr0.01_s3_vzero,0.727834
983000,A_w100_T10000_std_lr0.01_s4_vzero,0.456096
983000,A_w100_T10000_std_lr0.01_s5_vzero,0.00665642
983000,A_w100_T10000_std_lr0.01_s6_vzero,0.544194
983000,A_w100_T10000_std_lr0.01_s7_vzero,0.00263423
983000,A_w100_T10000_std_lr0.01_s8_vzero,0.34067
983000,A_w100_T10000_std_lr0.01_s9_vzero,1.14601
984000,A_w100_T10000_std_lr0.01_s0_vzero,0.329962
984000,A_w100_T10000_std_lr0.01_s1_vzero,0.0890395
984000,A_w100_T10000_std_lr0.01_s2_vzero,0.238162
984000,A_w100_T10000_std_lr0.01_s3_vzero,0.664936
984000,A_w100_T10000_std_lr0.01_s4_vzero,0.427852
984000,A_w100_T10000_std_lr0.01_s5_vzero,0.00325933
984000,A_w100_T10000_std_lr0.01_s6_vzero,0.551129
984000,A_w100_T10000_std_lr0.01_s7_vzero,0.000940921
984000,A_w100_T10000_std_lr0.01_s8_vzero,0.297496
984000,A_w100_T10000_std_lr0.01_s9_vzero,1.18206
985000,A_w100_T10000_std_lr0.01_s0_vzero,0.300581
985000,A_w100_T10000_std_lr0.01_s1_vzero,0.0780068
985000,A_w100_T10000_std_lr0.01_s2_vzero,0.237614
985000,A_w100_T10000_std_lr0.01_s3_vzero,0.682506
985000,A_w100_T10000_std_lr0.01_s4_vzero,0.370028
985000,A_w100_T10000_std_lr0.01_s5_vzero,0.00179082
985000,A_w100_T10000_std_lr0.01_s6_vzero,0.466594
985000,A_w100_T10000_std_lr0.01_s7_vzero,0.000304819
985000,A_w100_T10000_std_lr0.01_s8_vzero,0.274727
985000,A_w100_T10000_std_lr0.01_s9_vzero,0.961741
986000,A_w100_T10000_std_lr0.01_s0_vzero,0.311386
986000,A_w100_T10000_std_lr0.01_s1_vzero,0.0599223
986000,A_w100_T10000_std_lr0.01_s2_vzero,0.23496
986000,A_w100_T10000_std_lr0.01_s3_vzero,0.678036
986000,A_w100_T10000_std_lr0.01_s4_vzero,0.349628
986000,A_w100_T10000_std_lr0.01_s5_vzero,0.000959564
986000,A_w100_T10000_std_lr0.01_s6_vzero,0.506082
986000,A_w100_T10000_std_lr0.01_s7_vzero,0.000147513
986000,A_w100_T10000_std_lr0.01_s8_vzero,0.246196
986000,A_w100_T10000_std_lr0.01_s9_vzero,1.2772
987000,A_w100_T10000_std_lr0.01_s0_vzero,0.294635
987000,A_w100_T10000_std_lr0.01_s1_vzero,0.0602307
987000,A_w100_T10000_std_lr0.01_s2_vzero,0.209448
987000,A_w100_T10000_std_lr0.01_s3_vzero,0.671472
987000,A_w100_T10000_std_lr0.01_s4_vzero,0.365676
987000,A_w100_T10000_std_lr0.01_s5_vzero,0.000544055
987000,A_w100_T10000_std_lr0.01_s6_vzero,0.416967
987000,A_w100_T10000_std_lr0.01_s7_vzero,5.42921e-05
987000,A_w100_T10000_std_lr0.01_s8_vzero,0.231496
987000,A_w100_T10000_std_lr0.01_s9_vzero,1.1234
988000,A_w100_T10000_std_lr0.01_s0_vzero,0.301743
988000,A_w100_T10000_std_lr0.01_s1_vzero,0.0517753
988000,A_w100_T10000_std_lr0.01_s2_vzero,0.226216
988000,A_w100_T10000_std_lr0.01_s3_vzero,0.641669
988000,A_w100_T10000_std_lr0.01_s4_vzero,0.34507
988000,A_w100_T10000_std_lr0.01_s5_vzero,0.000324983
988000,A_w100_T10000_std_lr0.01_s6_vzero,0.436921
988000,A_w100_T10000_std_lr0.01_s7_vzero,2.6783e-05
988000,A_w100_T10000_std_lr0.01_s8_vzero,0.227147
988000,A_w100_T10000_std_lr0.01_s9_vzero,0.938163
989000,A_w100_T10000_std_lr0.01_s0_vzero,0.321426
989000,A_w100_T10000_std_lr0.01_s1_vzero,0.0436907
989000,A_w100_T10000_std_lr0.01_s2_vzero,0.196707
989000,A_w100_T10000_std_lr0.01_s3_vzero,0.694187
989000,A_w100_T10000_std_lr0.01_s4_vzero,0.352182
989000,A_w100_T10000_std_lr0.01_s5_vzero,0.000192121
989000,A_w100_T10000_std_lr0.01_s6_vzero,0.424196
989000,A_w100_T10000_std_lr0.01_s7_vzero,1.09173e-05
989000,A_w100_T10000_std_lr0.01_s8_vzero,0.224523
989000,A_w100_T10000_std_lr0.01_s9_vzero,0.682038
990000,A_w100_T10000_std_lr0.01_s0_vzero,0.291173
990000,A_w100_T10000_std_lr0.01_s1_vzero,0.0418699
990000,A_w100_T10000_std_lr0.01_s2_vzero,0.229211
990000,A_w100_T10000_std_lr0.01_s3_vzero,0.689683
990000,A_w100_T10000_std_lr0.01_s4_vzero,0.347851
990000,A_w100_T10000_std_lr0.01_s5_vzero,0.000132597
990000,A_w100_T10000_std_lr0.01_s6_vzero,0.385467
990000,A_w100_T10000_std_lr0.01_s7_vzero,5.57112e-06
990000,A_w100_T10000_std_lr0.01_s8_vzero,0.239427
990000,A_w100_T10000_std_lr0.01_s9_vzero,0.334969
991000,A_w100_T10000_std_lr0.01_s0_vzero,0.611074
991000,A_w100_T10000_std_lr0.01_s1_vzero,0.586603
991000,A_w100_T10000_std_lr0.01_s2_vzero,0.700266
991000,A_w100_T10000_std_lr0.01_s3_vzero,0.983002
991000,A_w100_T10000_std_lr0.01_s4_vzero,0.662129
991000,A_w100_T10000_std_lr0.01_s5_vzero,0.350556
991000,A_w100_T10000_std_lr0.01_s6_vzero,0.611083
991000,A_w100_T10000_std_lr0.01_s7_vzero,0.323519
991000,A_w100_T10000_std_lr0.01_s8_vzero,0.823366
991000,A_w100_T10000_std_lr0.01_s9_vzero,0.669552
992000,A_w100_T10000_std_lr0.01_s0_vzero,0.413223
992000,A_w100_T10000_std_lr0.01_s1_vzero,0.198594
992000,A_w100_T10000_std_lr0.01_s2_vzero,0.428036
992000,A_w100_T10000_std_lr0.01_s3_vzero,0.545589
992000,A_w100_T10000_std_lr0.01_s4_vzero,0.397476
992000,A_w100_T10000_std_lr0.01_s5_vzero,0.0420979
992000,A_w100_T10000_std_lr0.01_s6_vzero,0.280223
992000,A_w100_T10000_std_lr0.01_s7_vzero,0.0641909
992000,A_w100_T10000_std_lr0.01_s8_vzero,0.513726
992000,A_w100_T10000_std_lr0.01_s9_vzero,0.170738
993000,A_w100_T10000_std_lr0.01_s0_vzero,0.342106
993000,A_w100_T10000_std_lr0.01_s1_vzero,0.170967
993000,A_w100_T10000_std_lr0.01_s2_vzero,0.309521
993000,A_w100_T10000_std_lr0.01_s3_vzero,0.36797
993000,A_w100_T10000_std_lr0.01_s4_vzero,0.316367
993000,A_w100_T10000_std_lr0.01_s5_vzero,0.0102638
993000,A_w100_T10000_std_lr0.01_s6_vzero,0.246411
993000,A_w100_T10000_std_lr0.01_s7_vzero,0.045122
993000,A_w100_T10000_std_lr0.01_s8_vzero,0.431662
993000,A_w100_T10000_std_lr0.01_s9_vzero,0.142257
994000,A_w100_T10000_std_lr0.01_s0_vzero,0.279388
994000,A_w100_T10000_std_lr0.01_s1_vzero,0.136227
994000,A_w100_T10000_std_lr0.01_s2_vzero,0.216651
994000,A_w100_T10000_std_lr0.01_s3_vzero,0.306317
994000,A_w100_T10000_std_lr0.01_s4_vzero,0.303126
994000,A_w100_T10000_std_lr0.01_s5_vzero,0.00495621
994000,A_w100_T10000_std_lr0.01_s6_vzero,0.224444
994000,A_w100_T10000_std_lr0.01_s7_vzero,0.0382534
994000,A_w100_T10000_std_lr0.01_s8_vzero,0.314717
994000,A_w100_T10000_std_lr0.01_s9_vzero,0.161546
995000,A_w100_T10000_std_lr0.01_s0_vzero,0.254713
995000,A_w100_T10000_std_lr0.01_s1_vzero,0.110511
995000,A_w100_T10000_std_lr0.01_s2_vzero,0.221462
995000,A_w100_T10000_std_lr0.01_s3_vzero,0.264446
995000,A_w100_T10000_std_lr0.01_s4_vzero,0.287033
995000,A_w100_T10000_std_lr0.01_s5_vzero,0.00195275
995000,A_w100_T10000_std_lr0.01_s6_vzero,0.23213
995000,A_w100_T10000_std_lr0.01_s7_vzero,0.0330162
995000,A_w100_T10000_std_lr0.01_s8_vzero,0.268918
995000,A_w100_T10000_std_lr0.01_s9_vzero,0.150412
996000,A_w100_T10000_std_lr0.01_s0_vzero,0.258284
996000,A_w100_T10000_std_lr0.01_s1_vzero,0.0970189
996000,A_w100_T10000_std_lr0.01_s2_vzero,0.202049
996000,A_w100_T10000_std_lr0.01_s3_vzero,0.250766
996000,A_w100_T10000_std_lr0.01_s4_vzero,0.294046
996000,A_w100_T10000_std_lr0.01_s5_vzero,0.000800364
996000,A_w100_T10000_std_lr0.01_s6_vzero,0.226256
996000,A_w100_T10000_std_lr0.01_s7_vzero,0.028814
996000,A_w100_T10000_std_lr0.01_s8_vzero,0.25075
996000,A_w100_T10000_std_lr0.01_s9_vzero,0.152514
997000,A_w100_T10000_std_lr0.01_s0_vzero,0.269987
997000,A_w100_T10000_std_lr0.01_s1_vzero,0.090484
997000,A_w100_T10000_std_lr0.01_s2_vzero,0.18907
997000,A_w100_T10000_std_lr0.01_s3_vzero,0.27304
997000,A_w100_T10000_std_lr0.01_s4_vzero,0.308363
997000,A_w100_T10000_std_lr0.01_s5_vzero,0.000333012
997000,A_w100_T10000_std_lr0.01_s6_vzero,0.229011
997000,A_w100_T10000_std_lr0.01_s7_vzero,0.0283736
997000,A_w100_T10000_std_lr0.01_s8_vzero,0.243712
997000,A_w100_T10000_std_lr0.01_s9_vzero,0.106653
998000,A_w100_T10000_std_lr0.01_s0_vzero,0.26626
998000,A_w100_T10000_std_lr0.01_s1_vzero,0.0731801
998000,A_w100_T10000_std_lr0.01_s2_vzero,0.159961
998000,A_w100_T10000_std_lr0.01_s3_vzero,0.260372
998000,A_w100_T10000_std_lr0.01_s4_vzero,0.303852
998000,A_w100_T10000_std_lr0.01_s5_vzero,0.000154543
998000,A_w100_T10000_std_lr0.01_s6_vzero,0.214519
998000,A_w100_T10000_std_lr0.01_s7_vzero,0.0238568
998000,A_w100_T10000_std_lr0.01_s8_vzero,0.220426
998000,A_w100_T10000_std_lr0.01_s9_vzero,0.108575
999000,A_w100_T10000_std_lr0.01_s0_vzero,0.267983
999000,A_w100_T10000_std_lr0.01_s1_vzero,0.0572407
999000,A_w100_T10000_std_lr0.01_s2_vzero,0.189155
999000,A_w100_T10000_std_lr0.01_s3_vzero,0.295193
999000,A_w100_T10000_std_lr0.01_s4_vzero,0.31939
999000,A_w100_T10000_std_lr0.01_s5_vzero,6.62093e-05
999000,A_w100_T10000_std_lr0.01_s6_vzero,0.212825
999000,A_w100_T10000_std_lr0.01_s7_vzero,0.0231508
999000,A_w100_T10000_std_lr0.01_s8_vzero,0.231623
999000,A_w100_T10000_std_lr0.01_s9_vzero,0.0943664
1000000,A_w100_T10000_std_lr0.01_s0_vzero,0.238181
1000000,A_w100_T10000_std_lr0.01_s1_vzero,0.0458449
1000000,A_w100_T10000_std_lr0.01_s2_vzero,0.146872
1000000,A_w100_T10000_std_lr0.01_s3_vzero,0.246402
1000000,A_w100_T10000_std_lr0.01_s4_vzero,0.279644
1000000,A_w100_T10000_std_lr0.01_s5_vzero,2.79224e-05
1000000,A_w100_T10000_std_lr0.01_s6_vzero,0.229712
1000000,A_w100_T10000_std_lr0.01_s7_vzero,0.0219826
1000000,A_w100_T10000_std_lr0.01_s8_vzero,0.213997
1000000,A_w100_T10000_std_lr0.01_s9_vzero,0.105225
