zbar_cur,sigma_cur,between_cur,pos_frac,zbar_inv,sigma_inv,between_inv,pos_frac_inv,var_off,var_wid,var_cross,rowmean,rowmean_sd,cnorm,bias,bias_sd,star,star_sd,eps_max,w2col,gate_mean,ce_probe,acc,gbar,gvar_mean,gbar_var,pooled_var,g3_ident,cov,cov_abs,cov10,cov50,q10_med,hard_dead,gmin,gmax,gcorr,gcorr_degenerate,task,step,clamp,correct_seq,acc_seq,ce0,ce20,correct_fresh,acc_fresh,param_sha,fresh_param_sha,secs,vmrss_kb,maxrss_kb,cpu,arm,seed
0.456349487323409,1.1149986653146557,0.5429199525201617,0.63087890625,0.08960134304957089,0.37335502488211825,0.4241803489001294,0.56332275390625,0.048333628235117096,0.0957170976851165,-0.00465675131550646,0.0006924566546068463,0.006349401505362752,1.1797914955475104,0.0196649660076946,0.0272219009105269,0.09059871050763085,0.6452264983236501,0.18012164963613148,0.6219481619297242,1.1461213780776598,0.3001514673233032,0.8996000289916992,1.146121377061354,0.3909636755157769,0.07362250718940266,0.4645861827051756,3.941291737419306e-15,0.158984375,0.158984375,0.09310546875,0.2451171875,0.13783080577850343,0,0.0,2.0,0.06048670361699004,0,1,625,ref,8996,0.8996,2.3195269107818604,2.071897029876709,8996,0.8996,4d15669048dfeaddacf87bf22af2f9c239e5e92aa4e3282a5b7087a880de6c7b,4d15669048dfeaddacf87bf22af2f9c239e5e92aa4e3282a5b7087a880de6c7b,2.204555807984434,1019644,1069856,17,P06c_k1,17
-0.12426450067636098,1.255731931217004,1.2955319589352225,0.46197265625,-0.10120253610711041,0.5222558522907461,0.9253972240192276,0.48484619140624996,0.10719318659217793,0.1715164133812751,-0.005958424721519381,-0.0012614658683141884,0.009427701598431946,1.6089124213795662,0.02108437202546156,0.030447733796559854,-0.10813743124999821,0.9626604435178758,0.24328766684411685,0.6485762438204392,0.9544773432402871,0.31643179059028625,0.890999972820282,0.9544773409853223,0.4310688023360316,0.06565754798295527,0.49672635031899054,3.6637359812630166e-15,0.24783203125,0.24783203125,0.15552734375,0.3559765625,0.04151560068130494,0,0.0,2.0,0.1187620606285066,0,2,625,ref,8910,0.891,4.3273210525512695,1.290314793586731,,,1114a17c6ac306ef27532ffb4e6205ea2eb7a077ae50a1f5567d9296d58c6f81,,3.8114439820637926,1019372,1069856,1,P06c_k1,17
-0.3452396440716964,1.314396800186118,2.141885678027429,0.4105078125,-0.24520860807519054,0.6368827701984016,1.4891073125803616,0.43646972656249994,0.17275918636022644,0.23531410240872916,-0.0024536257933655916,-0.002543728356365744,0.011804283413566149,1.8851473967151613,0.019389372046571225,0.033117773197551714,-0.241184594724152,1.2112092087108561,0.2816545227533313,0.6723641357618362,0.8985565050703008,0.29121842980384827,0.9075000286102295,0.8985565041226801,0.4148150235581833,0.08528169955502465,0.5000967231132063,1.6653345369377348e-15,0.27916015625,0.27916015625,0.176484375,0.39556640625,0.04359283447265625,0,0.0,2.0,0.20495691574705177,0,3,625,ref,9075,0.9075,4.058063507080078,1.3717683553695679,,,44f1e8a09645e4504a4ef3af2897de5559c9f655de4d440ca4724a2ccf5708c9,,5.072310002055019,1065008,1069856,0,P06c_k1,17
-0.5907376186513941,1.3353984619131496,2.117456644947773,0.33908203125,-0.459863729413877,0.7069147602539416,1.7334210076872087,0.36588378906249996,0.21286217248142247,0.2866805400469639,0.0001857657365014248,-0.0045319003849894,0.012614322613071955,2.0864279018726917,0.016548380135791376,0.036630386417999074,-0.44768957883149973,1.297286628409846,0.3543688330165582,0.6972046801184167,0.8287266424077098,0.28694793581962585,0.9057999849319458,0.8287266361224465,0.41162110832594934,0.07273003238135285,0.48435114070730295,7.771561172376096e-16,0.31193359375,0.31193359375,0.198359375,0.4336328125,0.03333532214164734,0,0.0,2.0,0.2240303234885399,0,4,625,ref,9058,0.9058,5.128326892852783,1.461456537246704,,,bf89c2ec790619bd5cf964555dfaf5dbb6dd984edfff693058af67327d21ed6d,,6.580860869958997,1095632,1094312,1,P06c_k1,17
-0.8257896802922977,1.4036850390720246,2.649107806887595,0.31068359375,-0.620169821486237,0.7643854340504218,1.8915649039252493,0.32794189453125,0.24589263410199586,0.33520193636495127,0.0031905213215047083,-0.00607729083938687,0.01306154882303372,2.2546709611455054,0.011857439608866116,0.038356658687223245,-0.6106869359630994,1.3468706005557989,0.3435967195212667,0.714300126665533,0.8334064490068704,0.2673545181751251,0.9185000061988831,0.8334064488159493,0.4179955206311524,0.06647308546249557,0.4844686060936476,3.885780586188048e-16,0.30650390625,0.30650390625,0.19439453125,0.4321484375,0.03015944361686707,0,0.0,2.0,0.16592606072062163,0,5,625,ref,9185,0.9185,5.44277286529541,1.4710439443588257,,,42dac0a4b003cc9ec55becfa1541a0a7512155e913b0b5ecf162362e623b04ae,,7.564606233034283,1034544,1094312,16,P06c_k1,17
-1.0877650599301147,1.4456635232024948,3.075011753784346,0.2635546875,-0.8122276690046499,0.8294151994204166,2.1343818447640066,0.28679931640625,0.2986533818057342,0.3895301948906989,-0.00025400366682357735,-0.007925465106199615,0.013757015791552056,2.399867041718991,0.005375145676080138,0.04281173661850234,-0.806492157708436,1.424054689719454,0.392551467807136,0.7350673509784107,0.8130734770104755,0.2969096601009369,0.9043999910354614,0.813073475563433,0.41687746188046226,0.06168927689771155,0.4785667387781756,1.8318679906315083e-15,0.3164453125,0.3164453125,0.201875,0.44341796875,0.02953287959098816,0,0.0,2.0,0.19025796372608278,0,6,625,ref,9044,0.9044,4.775899887084961,1.5178921222686768,,,c80da387e8ae2a2773fd9d19f02c6d19bcabc994781e68fbe662ab146df39e46,,8.86933835898526,1019420,1094312,10,P06c_k1,17
-1.3694480988588507,1.481233849831344,3.454442726860841,0.2417578125,-1.066896488664811,0.898820728472674,2.3439652187197577,0.23301757812499999,0.36601185648049717,0.4355102373779034,0.006356608073747899,-0.010281198827097462,0.014255424146549718,2.52829761429288,-0.0020190203323727472,0.04630901464000106,-1.05520253139046,1.4801028073938571,0.340705604301788,0.7481292913906995,0.8408385962981265,0.3037215769290924,0.8992999792098999,0.8408385939383879,0.4337251126229522,0.05687859357200014,0.4906037061949543,1.942890293094024e-15,0.30755859375,0.30755859375,0.1991796875,0.42962890625,0.031025803089141848,0,0.0,2.0,0.13032198792848373,0,7,625,ref,8993,0.8993,5.606714248657227,1.858350396156311,,,545c295f4b65223956bc0c6c613f1cb824aba8d9aae81407b6478053093f5b93,,9.81203594605904,1065048,1094312,18,P06c_k1,17
-1.4104106065671158,1.501866827215598,3.286888278555113,0.22408203125,-1.18051389831206,0.9454727439077679,2.5200883706699972,0.21755126953124998,0.40772998006705974,0.4792258349409578,0.006962894464466352,-0.011398773861509217,0.014635536198093942,2.6400336726767444,-0.009050143990607466,0.0484314533379776,-1.1767155961537015,1.5228560139254708,0.37405104374468134,0.7562267714498563,0.7986766844056546,0.3614885210990906,0.89410001039505,0.7986766773555428,0.41919687063187105,0.053466862369294536,0.47266373300116143,4.163336342344337e-15,0.323125,0.323125,0.2068359375,0.45150390625,0.028851550817489625,0,0.0,2.0,0.2253730292944678,0,8,625,ref,8941,0.8941,4.366845607757568,1.348019003868103,,,1a994510c23ae93a5b414fd18408242ae7c2a687c193de0258ccdd5891f7c2bc,,11.874604311073199,1095676,1094596,27,P06c_k1,17
-1.4945873221872115,1.456370031691992,2.850872426936955,0.20576171875,-1.2753722585878202,0.9851137853161808,2.684698197819373,0.20427246093749998,0.4521160346668852,0.5161480306682816,0.0021851046848076227,-0.012226717110210865,0.015234859079315894,2.7466613354823965,-0.01353084905014839,0.052047795759075144,-1.2660089959474625,1.5889946566408166,0.351800427833898,0.768981248362972,0.8186975121952128,0.2931707799434662,0.9067999720573425,0.818697512516519,0.42249569793644876,0.0578235695862438,0.48031926752269505,2.4980018054066022e-15,0.315625,0.315625,0.20142578125,0.4398046875,0.026647245883941652,0,0.0,2.0,0.202252284876105,0,9,625,ref,9068,0.9068,4.048938274383545,1.366601586341858,,,5a0a646ddbcea1f5b5a67ae13ffffd740edd30962ec383fa96cb8feaf4d9b458,,14.9988743980648,1034564,1094596,27,P06c_k1,17
-1.6729438827684318,1.5158866673255424,3.343078110067185,0.1825390625,-1.4029933255541311,1.0211018882463516,2.7654121268314333,0.18238037109375002,0.4982191787616017,0.5476704633232706,-0.003240575904607613,-0.013430541120122678,0.015495997458094216,2.8500416221690488,-0.02069688373885583,0.054900555662367935,-1.3964921280658367,1.6188545901788822,0.3898441320203918,0.783566415907554,0.8152406404307112,0.29488617181777954,0.9059000015258789,0.8152406385121868,0.4281040290256089,0.05367982956214546,0.4817838585877577,3.3306690738754696e-15,0.3177734375,0.3177734375,0.2035546875,0.44291015625,0.030261272192001344,0,0.0,2.0,0.11481723817035074,0,10,625,ref,9059,0.9059,6.167501926422119,1.922587275505066,,,a4b6791da721e19d8823685ee259009adde58ecba5dd7286adb95a76d1b17883,,18.1511920200428,1019440,1094596,27,P06c_k1,17
-1.5662039138780182,1.529681945541514,3.694810402668895,0.20873046875,-1.4463663849590145,1.0488219029593975,2.8192951157206165,0.1733349609375,0.5144070459109948,0.5939199444288064,-0.008299606212429343,-0.013862602447646444,0.015556235331792815,2.9417648605921842,-0.025348718544701113,0.05989098329435349,-1.4454033798488712,1.6318477995707639,0.4286445544923395,0.8030210232948821,0.8106207545707003,0.3118155896663666,0.9027000069618225,0.8106207577930763,0.42297763896088303,0.05341918793342427,0.47639682689431045,3.164135620181696e-15,0.31736328125,0.31736328125,0.2030859375,0.44240234375,0.02700419425964356,0,0.0,2.0,0.15612948951582725,0,11,625,ref,9027,0.9027,4.70071268081665,1.548698902130127,,,ed58e1bcfce471fc44cca5fbeab846e98a20c74fca56de44ac480caa93a0825c,,21.229050836060196,1065068,1094596,27,P06c_k1,17
-1.7695995296350866,1.5506630369472654,3.8320348545878873,0.1880078125,-1.5729488249160517,1.0921493004122294,2.992864135930051,0.16611083984374997,0.5645150976906338,0.6301844989037663,-0.0019095022034778197,-0.014988310797650381,0.015868546965079423,3.023988433072875,-0.03222319184977095,0.06258258581716328,-1.5675929533113087,1.666951965442946,0.4079169182551383,0.8117529651547934,0.8256827175000216,0.3098071217536926,0.8956000208854675,0.8256827124091797,0.42576998595003845,0.05548809854754808,0.48125808449758745,8.881784197001252e-16,0.3119140625,0.3119140625,0.19884765625,0.43466796875,0.031170684099197387,0,0.0,1.9999998807907104,0.1931763988877143,0,12,625,ref,8956,0.8956,4.926041603088379,1.5000113248825073,,,c4450175948c0b2f45cd7eb5f0c7d4bf32a75253b18af4a19a3716fc5c2b4880,,22.345646718051285,1095692,1094596,8,P06c_k1,17
-1.7478400600947743,1.5499667106147703,3.921842276722732,0.19958984375,-1.5878085221459963,1.1144230840259748,3.185658808193452,0.17402343750000004,0.5872971425093685,0.6575049893117592,-0.0028633216111628116,-0.015118455460314713,0.016343836058209722,3.105273867178629,-0.03716654914198443,0.06542576462845491,-1.5858680450710079,1.7184641534637197,0.42310188147770944,0.8239894742456235,0.8415000827540644,0.3089091181755066,0.8995000123977661,0.8415000841033179,0.43669526181200785,0.04857158886530031,0.48526685067730696,1.2212453270876722e-15,0.30380859375,0.30380859375,0.1914453125,0.4275,0.03355391025543213,0,0.0,2.0,0.1979956709940038,0,13,625,ref,8995,0.8995,4.680797100067139,1.5516208410263062,,,2cf91fe510b4d9bb34c7fdde2e5f4b8edd952a06790df4f4c1e4d310ad70f0c7,,23.252046999987215,1034576,1094596,8,P06c_k1,17
-1.8540607379592118,1.5753266000881245,3.7015511356587756,0.18078125,-1.6473424119822087,1.1383213964605408,3.3097387629803676,0.1740185546875,0.6202197576802859,0.6877989551956832,-0.012243111236093588,-0.015711482859939178,0.01663205399952967,3.187131680316906,-0.044884351920336484,0.07091464710920772,-1.6543342770348761,1.7540078963637233,0.47748851970839024,0.8349302809160173,0.8500922389153857,0.3765713572502136,0.8831999897956848,0.8500922373961657,0.4394821418472788,0.047873697922723155,0.48735583977000274,7.771561172376096e-16,0.29994140625,0.29994140625,0.1898046875,0.4208203125,0.03358541131019592,0,0.0,2.0,0.18618853447332304,0,14,625,ref,8832,0.8832,4.256455421447754,1.4617964029312134,,,8c38547fc7ed0f7df92040ff61319240d48bbe7a52318c8d7788b110db3fd95d,,24.454505851026624,1019452,1094596,24,P06c_k1,17
-1.8445373454060026,1.5821288001302944,3.5325841432090423,0.18998046875,-1.6977728716770795,1.1534396397520026,3.2401499332063333,0.17503906249999998,0.6207061536903987,0.7185747505487576,-0.008857901687926793,-0.016012198667379195,0.016355302936860827,3.2811418736844233,-0.04947170125087723,0.07361248223988857,-1.6897262956687298,1.7282843964776882,0.49361079355033244,0.8518804526258172,0.8470613496296573,0.3169618248939514,0.9031999707221985,0.84706135437591,0.44195934625501493,0.045983842491396684,0.4879431887464118,1.6653345369377348e-16,0.29958984375,0.29958984375,0.19287109375,0.4229296875,0.0339662253856659,0,0.0,2.0,0.1872441199867845,0,15,625,ref,9032,0.9032,4.315183162689209,1.5118756294250488,,,990b07b60ad6125883c59e006ff4a9eb49ba274b7295c3d49be7b63e47264ddc,,26.66717765200883,1065080,1094596,24,P06c_k1,17
-1.9911348508782618,1.6377206479155786,3.865666287913123,0.1833203125,-1.7959314716597083,1.1903043647046576,3.372205060090027,0.16415527343749997,0.6671322359419469,0.7544783221331984,-0.004786077440186959,-0.01687945617434742,0.016677973328876102,3.3644393230522973,-0.05564020162099041,0.0764310416076388,-1.7847347573644563,1.763737163430382,0.468079718875845,0.8655717238156369,0.8813384740951006,0.3581286072731018,0.8884000182151794,0.8813384709018283,0.45599367034037136,0.032138931724577546,0.4881326020649485,3.885780586188048e-16,0.28044921875,0.28044921875,0.17626953125,0.39970703125,0.033082115650177005,0,0.0,2.0,0.17657986186868482,0,16,625,ref,8884,0.8884,4.724983215332031,1.189225673675537,8519,0.8519,fc25d4ec4d7c9e156275520d048709ad712e22bf39a45936b90dc0b36baed77e,,30.974246490979567,1095712,1094596,5,P06c_k1,17
-2.0946541114255894,1.6308458263158472,3.5667015809483003,0.15701171875,-1.8604546904499788,1.2101648937043303,3.3189845588737534,0.15877685546874998,0.6946607488860796,0.7852811787982786,-0.01544285772994527,-0.017409451207196808,0.016829033602668103,3.434434668382628,-0.06312002680497245,0.0788267521983402,-1.8465061140056946,1.7816072972428425,0.4704582065114854,0.87280292328187,0.8411802870535757,0.3029031455516815,0.8992999792098999,0.8411802869930398,0.43788838452737217,0.04281344049442672,0.48070182502178993,8.93729534823251e-15,0.29984375,0.29984375,0.18828125,0.42396484375,0.03122678399085999,0,0.0,2.0,0.20324043894519125,0,17,625,ref,8993,0.8993,5.917646408081055,1.384359359741211,8861,0.8861,9aeb74201ecfbbe455066ecadec6cde0f597d344f0e0215cf0209512ee5ffe07,,32.40492288407404,1034600,1094596,5,P06c_k1,17
-2.0241460330781944,1.6359437059729598,3.9028878050759106,0.181953125,-1.9452935563041416,1.228180220893867,3.0515678251233203,0.14901123046875,0.7054515490700998,0.82086548581714,-0.01789037989233171,-0.01820050115270123,0.016252837847360698,3.509271088168423,-0.06890528453746811,0.08126169507002146,-1.9333247972209129,1.7259107874872768,0.4953577318270792,0.8779169672812326,0.8757965948292985,0.301623672246933,0.8971999883651733,0.8757965922553558,0.4591486500456453,0.03374580259112065,0.4928944526367679,1.942890293094024e-15,0.28701171875,0.28701171875,0.18140625,0.40708984375,0.03206389546394348,0,0.0,2.0,0.18863917755113674,0,18,625,ref,8972,0.8972,3.740321636199951,1.2365567684173584,8866,0.8866,d7ef4b6856c3a2fa78db299967340f3c582c03687797bcef219e1b63fea81bc3,,34.00797749101184,1019476,1094596,5,P06c_k1,17
-2.194524649919697,1.673776973182589,3.9791893229424744,0.16154296875,-2.0389718949428053,1.2539848425384226,3.051985704596496,0.14061279296874998,0.7474371969833539,0.849785223649368,-0.024744435316609626,-0.01911717901723195,0.016290581333721663,3.578682116478492,-0.0757071297710354,0.08459964266764959,-2.034029117069714,1.7336494017861621,0.4508371778554432,0.887756737575325,0.8815980957692955,0.3007895052433014,0.8977000117301941,0.8815980992140249,0.457917632474728,0.0323218001989863,0.49023943267371045,3.83026943495679e-15,0.28263671875,0.28263671875,0.176796875,0.40234375,0.03414335250854493,0,0.0,2.0,0.2005502230560224,0,19,625,ref,8977,0.8977,4.691577911376953,1.5053516626358032,9034,0.9034,dd171da8787d214998bf31f4039dff3a56b7298861de0bf9f346524884b78b1c,,35.539919379982166,1065100,1094596,5,P06c_k1,17
-2.0725616732706467,1.6370554484695994,3.9335919449012935,0.175703125,-2.0184709561241054,1.256020318851973,2.988976296969395,0.146181640625,0.7228716929973704,0.875725461392031,-0.02101011302038959,-0.018811542697761998,0.01600755247660887,3.642907079549256,-0.08066582385567017,0.08873386599158316,-2.0076790953655,1.7097138555437534,0.47790581239697705,0.902497424452671,0.8685190654022154,0.2877350449562073,0.9046000242233276,0.8685190655919723,0.45517870253550713,0.03997291455593865,0.4951516170914481,2.3314683517128287e-15,0.293671875,0.293671875,0.185625,0.4126171875,0.0342882513999939,0,0.0,2.0,0.20275383375694406,0,20,625,ref,9046,0.9046,4.290870189666748,1.485310673713684,8965,0.8965,0960e66e86a432822acb924be52e6806f96d297dd5debdf1b3e4548993528150,,37.081882446072996,1095876,1094596,5,P06c_k1,17
-2.3526500426259376,1.7037718875509076,3.6128352615146917,0.147890625,-2.1459311288134506,1.2797096684496094,2.7896997179970184,0.134921875,0.746070267758324,0.9080146804203292,-0.01642811265524353,-0.019861212039130972,0.01533714832791817,3.7032230787180707,-0.08805982681922614,0.08862078485923783,-2.1225989288265,1.6407195986226055,0.5229645583192284,0.9049286275993137,0.9027372476086021,0.3244398534297943,0.8909000158309937,0.9027372483257204,0.4612942485799964,0.03360277620218941,0.4948970247821902,4.385380947269368e-15,0.27412109375,0.27412109375,0.1697265625,0.39091796875,0.03901565074920654,0,0.0,2.0,0.18824097585885508,0,21,625,ref,8909,0.8909,5.016690254211426,1.6562433242797852,,,b64c15fcfac552c2b5f8c63a7ca1ffa584eda03a5216c591874fe426b00c40e0,,37.94554441701621,1034764,1094596,5,P06c_k1,17
-2.307629140711542,1.6861721412418114,3.524767104753382,0.14296875,-2.2026578823529155,1.3027411732033858,2.8313698457369054,0.1324951171875,0.7685931733291258,0.9401437450067432,-0.011602353976535062,-0.020317062195645542,0.015359770753523544,3.772223606639871,-0.09464457041816786,0.0925715795963159,-2.1758799649909593,1.647716821644319,0.6087872148873776,0.9133826383478271,0.867163098094752,0.38783392310142517,0.8815000057220459,0.8671630985965021,0.4546925397436928,0.03598421066710582,0.4906767504107957,2.886579864025407e-15,0.29125,0.29125,0.1828125,0.41119140625,0.03705417513847351,0,0.0,2.0,0.22232904473630793,0,22,625,ref,8815,0.8815,4.871542930603027,1.516696572303772,,,1390f9476ea37d9c517ba05afb97b67eec087ac04f9cd54461ba25457f958353,,38.90098289004527,1019636,1094596,5,P06c_k1,17
-2.608175904139323,1.775828364113026,3.559225208809161,0.12884765625,-2.303440464942329,1.3343566025968745,2.9845474692595375,0.13113525390625003,0.8227460477571387,0.9660737999312619,-0.008312304794526706,-0.021127550419439648,0.015749226157409278,3.833107742221916,-0.10219717769534327,0.09455048113808733,-2.2664572124450126,1.6887877731707865,0.6697313679831582,0.9256825748415409,0.9186293073941488,0.3323041498661041,0.8985999822616577,0.918629307965748,0.4726456607975328,0.023682123327610553,0.4963277841251456,2.275957200481571e-15,0.267109375,0.267109375,0.1677734375,0.38009765625,0.03598724007606507,0,0.0,2.0,0.24402004367871089,0,23,625,ref,8986,0.8986,4.661198616027832,1.275753378868103,,,70e37fca51522c91fd931bad8f15f888dd7b20c22c493e72c9e543bb9c686dc3,,39.84678427805193,1065264,1094596,5,P06c_k1,17
-2.5643962427419256,1.747960602188014,3.5514736660843327,0.12916015625,-2.3871195333328528,1.3616653006484052,3.057842699922532,0.12626220703125002,0.8613426701497525,1.0022348996758128,-0.009445178835653266,-0.021853092685777238,0.015793354622690325,3.900097413840214,-0.1084559495584108,0.09855334134582602,-2.3470389464774826,1.6988910015708965,0.6417340311257484,0.932208198673059,0.911267278434243,0.36737900972366333,0.8885999917984009,0.9112672754155937,0.4671731556730141,0.02997331958289176,0.4971464752559034,2.4424906541753444e-15,0.27072265625,0.27072265625,0.17017578125,0.38568359375,0.03770865201950073,0,0.0,2.0,0.2330761629457545,0,24,625,ref,8886,0.8886,5.013119697570801,1.772592306137085,,,af6f8b95e563bcd93e76f6aa3943b1496b220892f2cc2cf73bcf21699708a421,,40.74380105501041,1095900,1094596,5,P06c_k1,17
-2.6144568201612888,1.7701613060596286,3.456244839315431,0.11974609375,-2.5206425791439693,1.39056199035934,2.9426388713065617,0.11085449218749999,0.9054332501757067,1.037640088197522,-0.009410689341099088,-0.022881159546416195,0.015513008720993576,3.962710422350126,-0.11681352577637881,0.10046106110645386,-2.4607094423363476,1.6714519446054956,0.6216786719612108,0.9435881709005094,0.8986486683797557,0.3863605558872223,0.8759999871253967,0.8986486673878972,0.46123540482240544,0.0328026565478748,0.4940380613702807,4.996003610813204e-16,0.27556640625,0.27556640625,0.173125,0.39123046875,0.03811248540878296,0,0.0,2.0,0.16991203354867448,0,25,625,ref,8760,0.876,5.718326568603516,1.381833553314209,,,fd9e5fe031641e0c7ec6742c6ccbc4388d9e8e91136d6b6f1feb6bd8c53253b9,,41.677587585989386,1034788,1094596,5,P06c_k1,17
-2.8326704299115106,1.8072953982706164,4.003392688507149,0.12107421875,-2.5859190225744864,1.4143357003164203,2.9220461000140476,0.110078125,0.9401639190157721,1.0706205626534229,-0.01043900847965562,-0.02352818330220579,0.015489956787832364,4.024569410497301,-0.12368525796802715,0.10210129508475055,-2.533860872287022,1.6703692475272107,0.5943820578307029,0.9508376950203647,0.9338141578179784,0.3046659827232361,0.8984000086784363,0.9338141518423799,0.4678757694078982,0.026426079963547303,0.4943018493714399,5.6066262743570405e-15,0.25560546875,0.25560546875,0.1622265625,0.3684375,0.04943399429321289,0,0.0,2.0,0.18127363873247565,0,26,625,ref,8984,0.8984,5.421472549438477,1.6817827224731445,,,4092359cd6375ec37736e79dae9cf8a1a9de3f051a24bb2dce5dd4001f303162,,42.523906295071356,1019664,1094596,5,P06c_k1,17
-2.8034677020822985,1.803399089914595,3.8210793527802145,0.11408203125,-2.650062241266531,1.4326516349522085,2.7886216447795853,0.1027880859375,0.9665850347502736,1.1043162965886553,-0.01841062420769272,-0.0241454909468215,0.01525808979133729,4.080786396340101,-0.12950631765183063,0.10305805552987786,-2.6029175763244634,1.644993715027479,0.6637767895718447,0.9588623944935236,0.9266030914185103,0.3721500337123871,0.8794000148773193,0.9266030870622489,0.4708889480583403,0.02719119306247634,0.4980801411208162,4.440892098500626e-16,0.2621875,0.2621875,0.1644921875,0.3777734375,0.03988027572631836,0,0.0,2.0,0.1575388838208188,0,27,625,ref,8794,0.8794,3.8383617401123047,1.4597194194793701,,,4793b1c883523d894629cb9eea568641a4ef733f583726801bc94293906dee16,,43.415040276013315,1065292,1094596,5,P06c_k1,17
-2.9707937433299576,1.8996417565641142,3.3792559011810828,0.10302734375,-2.748475897615409,1.4668843140955392,2.9655397437772537,0.10424560546874999,1.0358782496821244,1.138273343780189,-0.02240200252277265,-0.02504647495410447,0.01571536729248628,4.141111631380806,-0.13706123884534463,0.10336712210839606,-2.7027673277372424,1.6900621594048402,0.6270361990618039,0.971743089053988,0.941085750113707,0.29356539249420166,0.8960999846458435,0.941085757232504,0.4837756523220132,0.016084128613582403,0.4998597809355936,1.9984014443252818e-15,0.2565234375,0.2565234375,0.16078125,0.36779296875,0.041335880756378174,0,0.0,2.0,0.21648306919018115,0,28,625,ref,8961,0.8961,4.152032852172852,1.3113188743591309,,,eaec222bbdcab79e11d88d8a768b14bb12726261c8c3581174ac4d1dc4e66e77,,44.41454040503595,1095924,1094596,5,P06c_k1,17
-2.9509445169792694,1.86705615992512,3.120671686689353,0.09955078125,-2.796322149524424,1.484242863304993,2.9481436844661415,0.10227783203124999,1.0649415412523788,1.1627574044329612,-0.02472206841353526,-0.025520723878885744,0.01573280765433021,4.204137727004156,-0.14374202569480984,0.10596192846303687,-2.7580291367142284,1.694160906793778,0.6617941023587339,0.9805361103657084,0.9421486022532918,0.3615129888057709,0.8833000063896179,0.9421485979179852,0.4828808033041051,0.01627993026463464,0.4991607335687434,3.6637359812630166e-15,0.25576171875,0.25576171875,0.161328125,0.3673828125,0.043125015497207646,0,0.0,2.0,0.2042451420290497,0,29,625,ref,8833,0.8833,4.608520030975342,1.248339295387268,,,c023b48e7006bcc1888632d0e29b60f8f433001fd7730d58841b83a3f4ef9883,,45.918253817013465,1034804,1094596,20,P06c_k1,17
-2.8126263594137786,1.806884913097858,3.3606805014564385,0.10439453125,-2.785610108540249,1.4875357153435471,2.8216947445685463,0.09716552734375,1.0466794867668243,1.194321032031745,-0.028238014375930653,-0.025361190324051076,0.015499197656588474,4.248385191003873,-0.1501354077202268,0.10654112300866954,-2.7480802504654913,1.6704880375861557,0.653564687110328,0.9850766433768257,0.9092357683344744,0.2983384132385254,0.8974000215530396,0.9092357685382012,0.4689560563288792,0.02782610255906968,0.4967821588879503,1.3877787807814457e-15,0.27181640625,0.27181640625,0.1696875,0.38751953125,0.04178576469421387,0,0.0,2.0,0.2024717877645188,0,30,625,ref,8974,0.8974,4.858944416046143,1.4379535913467407,,,c7b03e8f312e955a8851e810ba90ecbcc80d4b010eac29e3ccf47ca4bd28eeb3,,49.16033745696768,1019680,1094596,20,P06c_k1,17
-2.9012324447172126,1.8566353380881186,3.463715067444245,0.11255859375,-2.777869043338734,1.4890913142140811,2.613434958391234,0.09485107421875,1.019566165466074,1.2320979287116995,-0.03427115210995348,-0.025232627585630323,0.014961467450598485,4.303261471093272,-0.15596328754443675,0.10652607170579798,-2.740738444680241,1.613824111648,0.6047521192645118,0.9945407034949595,0.9288663122872822,0.3576693534851074,0.8913000226020813,0.9288663117494435,0.47729828553370324,0.02033376018716147,0.49763204572086794,3.219646771412954e-15,0.26197265625,0.26197265625,0.164921875,0.37443359375,0.04350914359092713,0,0.0,2.0,0.168441488887225,0,31,625,ref,8913,0.8913,5.09976053237915,1.516422152519226,,,7aee9d7b023c773706aa4fa0e96435133fddd34fff8f4b9b0ff536bad3b154c4,,52.4477153000189,1065308,1094596,20,P06c_k1,17
-2.9243984635066704,1.8793017403284384,2.8752110215620315,0.09412109375,-2.7354338976331998,1.4877309466523654,2.5680329458715776,0.0978564453125,0.9966390885322991,1.2621062990091785,-0.04540201791433393,-0.024885370975294408,0.014896257106170345,4.359252991100837,-0.16061476462564314,0.10917221364324074,-2.709817714447667,1.611419102993596,0.5863988115485137,1.0034565826186594,0.9205057305307127,0.3311922550201416,0.892300009727478,0.9205057257320732,0.4720212411632433,0.0225557823484642,0.49457702351170435,3.164135620181696e-15,0.26484375,0.26484375,0.16662109375,0.3785546875,0.042180496454238894,0,0.0,2.0,0.214713662863458,0,32,625,ref,8923,0.8923,5.222598075866699,1.316184163093567,,,2a369f797bed1db49273f0137d9c47e7b68695102b39aee8c8f140af699266a3,,55.80671098001767,1095940,1094596,20,P06c_k1,17
-2.9239053130755734,1.8900932512729076,3.3186788608264397,0.1080078125,-2.74503435822127,1.498134333076128,2.6002934017803625,0.0956884765625,1.0036468346785108,1.2878717218556084,-0.047112076592663685,-0.02493318093377578,0.015014370068833738,4.417265565628864,-0.1660230980347842,0.10959999105751124,-2.7201235953883516,1.6209410510036966,0.6727533129738745,1.0092158729407672,0.9519774412782863,0.366190105676651,0.8931000232696533,0.9519774452887941,0.481123770195606,0.014174052226688282,0.49529782242229103,3.219646771412954e-15,0.24787109375,0.24787109375,0.15357421875,0.35853515625,0.04425573945045471,0,0.0,2.0,0.23431341603336575,0,33,625,ref,8931,0.8931,3.7763867378234863,1.3255493640899658,,,18840d5141b960d24d889504183a78b9419eef23bc4d48e5395a93d1ea5c446f,,59.348711885046214,1034828,1094596,20,P06c_k1,17
-2.8488077558173734,1.8397800934811164,3.254885481320912,0.10572265625,-2.7395428539873605,1.5051680972349941,2.6029493436676296,0.09748291015624999,1.00210825362123,1.3098337572191971,-0.046411009906414086,-0.024913435678718142,0.015003897974049975,4.465042971051003,-0.17156967721646652,0.10884751960414578,-2.7236475138474794,1.6189051604859588,0.6677502717359078,1.0171744867418184,0.9226514852559194,0.3264846205711365,0.891700029373169,0.9226514838344884,0.47297372071891003,0.02368296406828273,0.4966566847871936,8.326672684688674e-16,0.26318359375,0.26318359375,0.16515625,0.3775390625,0.039810317754745486,0,0.0,2.0,0.23178371408817494,0,34,625,ref,8917,0.8917,4.848855018615723,1.378035306930542,,,1dd84fdb548afbe512f1111cedc7be7c3078c427b35bf3634bd5a5044c8d75e3,,62.63528465107083,1019700,1094596,20,P06c_k1,17
-2.9074370182602447,1.844561182931205,3.7691782398069775,0.116015625,-2.8849006323863717,1.5359823670193353,2.5314583547540512,0.08480712890625,1.0752121652758282,1.3377571664468808,-0.05372749992838881,-0.026258000757505152,0.014765316107071073,4.511387325557764,-0.17879254201601724,0.11150042666086392,-2.868604683209912,1.5979580914864373,0.6512618378982062,1.0178247697133957,0.9382174566586037,0.33079108595848083,0.8914999961853027,0.9382174542173743,0.47855075706651873,0.01861560700450709,0.49716636407102344,2.3869795029440866e-15,0.257109375,0.257109375,0.1615625,0.367265625,0.04310732483863831,0,0.0,2.0,0.20594559129961607,0,35,625,ref,8915,0.8915,4.21709680557251,1.2783266305923462,,,b27ce51a70b268ba46270e82ff5142eafaba9fc1b995256549db1621cb67bc7c,,66.08175484801177,1065324,1094596,20,P06c_k1,17
-2.952714270234966,1.914257105712582,4.117141548634948,0.12326171875,-2.8925879248883386,1.5582788029501278,2.781760202474039,0.09149414062500001,1.0985393826908518,1.373932951586711,-0.04423950655387936,-0.026291662875801668,0.01536014944093827,4.563780483122054,-0.18603568495367653,0.11284007765730861,-2.879296099888154,1.6596468850912551,0.6913587730673729,1.0268218511566147,0.950636683582561,0.3406510055065155,0.8924000263214111,0.9506366829946638,0.4769538185011251,0.02481598412475773,0.5017698026258833,4.440892098500626e-16,0.2542578125,0.2542578125,0.15892578125,0.36345703125,0.04464538097381592,0,0.0,2.0,0.18026985520103636,0,36,625,ref,8924,0.8924,4.398251533508301,1.2529308795928955,,,05dc94ad98e73ae5b61069cebbb5434d1effdbf6151081b2b655579d3da77d20,,69.43048436497338,1095948,1094604,20,P06c_k1,17
-2.9468410235706823,1.912523395911501,3.6863713192284653,0.10861328125,-2.864267352902161,1.5643744450715344,2.7375193658130526,0.0964453125,1.0694533808824744,1.4134570046032962,-0.03564298109289921,-0.026025858621052535,0.015009708045475299,4.614101507474277,-0.18989808375481515,0.1138378024363877,-2.8559300924519717,1.626355550642118,0.6643687892822556,1.0320043703798392,0.9245447149884422,0.3613405227661133,0.8927000164985657,0.9245447179616895,0.4790709119449827,0.020010519265852022,0.49908143121083454,1.6653345369377348e-16,0.26494140625,0.26494140625,0.16798828125,0.3759765625,0.03970927596092225,0,0.0,2.0,0.17273700664081876,0,37,625,ref,8927,0.8927,5.803504467010498,1.6870629787445068,,,d45fdb026dd22ff08ad5384b33df05e2576018cc913dd6acbe2dff4dbe174c41,,72.78191390505526,1034832,1094604,20,P06c_k1,17
-2.912532422268762,1.90142548876195,3.5717493925422237,0.1156640625,-2.910273249699375,1.5769709264714808,2.747601978024916,0.09226806640625,1.0933396139183105,1.4350462981363135,-0.04154860911830282,-0.026394096396818858,0.015038241608015613,4.659557230788817,-0.19570063867606222,0.11460097729182647,-2.899454119363785,1.6296864392665444,0.7196022314504136,1.0390831198788448,0.9437655301112682,0.3786918520927429,0.8784000277519226,0.9437655297189486,0.4833502038592276,0.015145667613362002,0.49849587147259194,2.3314683517128287e-15,0.2549609375,0.2549609375,0.161953125,0.36580078125,0.041423249244689944,0,0.0,2.0,0.1261604808096438,0,38,625,ref,8784,0.8784,5.657772541046143,1.4473577737808228,,,eade8dfd09f81aac67c4ab422e5dac98e36924e584194e7aff9bd290f7f679e8,,76.24430361902341,1019708,1094604,20,P06c_k1,17
-2.9784581936922727,1.9226442642412174,3.429978989607938,0.1134375,-2.9388898666239767,1.595871789676206,2.9275930498724643,0.09431396484375,1.1300180496072219,1.456019305543598,-0.03923058606648297,-0.026648711911698618,0.015607703410161444,4.703516435974431,-0.19989191437372938,0.11740049272936692,-2.9297276512691792,1.6895616334204473,0.6745437437739397,1.0446146704434718,0.9459609724429902,0.37296637892723083,0.8873000144958496,0.9459609728120267,0.478144628792224,0.017792826930972616,0.4959374557231955,1.1657341758564144e-15,0.25193359375,0.25193359375,0.15748046875,0.36263671875,0.043828272819519044,0,0.0,2.0,0.21087422400916883,0,39,625,ref,8873,0.8873,4.5752763748168945,1.2314691543579102,,,fae2d8ebaa98555c898bad8ad3cf7b1aac1a4753dc691e45dee7b91d33a3739a,,79.5927085489966,1065336,1094604,20,P06c_k1,17
-3.1460625965391813,1.924126763553037,3.075816691370237,0.0930859375,-2.9505721263964815,1.6069039854395921,2.960654335573758,0.09868652343749998,1.1340040338528308,1.4921201331234866,-0.04398374855467216,-0.026751148402981064,0.015540094890384088,4.7484731308321955,-0.20627801759168507,0.11850244551270409,-2.946607124507853,1.684038399493416,0.6965188315804265,1.0468795306549592,0.9501796149439179,0.32160937786102295,0.8930000066757202,0.9501796113105957,0.48048144412371174,0.018720909276271472,0.4992023533999815,1.7208456881689926e-15,0.251796875,0.251796875,0.15802734375,0.3607421875,0.0431231439113617,0,0.0,2.0,0.2017858054156042,0,40,625,ref,8930,0.893,6.051908493041992,1.5448325872421265,,,8f7196061bc73be76a726cbf00e22292e214ad5958b41ca472ecb4f23ef122da,,82.98847308102995,1095972,1094608,20,P06c_k1,17
-3.347996505025459,1.9903864176546888,3.328186156785189,0.080078125,-3.0980776098791387,1.6381389153777264,2.708223838758572,0.08158447265625,1.2009918154356496,1.5338036199312433,-0.051296329291979345,-0.028069047060994046,0.015026173905604333,4.801878176365261,-0.21400329879019409,0.11836388581751695,-3.0893350604752423,1.6257633509372562,0.7252599067850157,1.0526919001780664,0.961989171630703,0.3350265920162201,0.8920000195503235,0.9619891722837929,0.48118290563679694,0.02135253468882338,0.5025354403256179,2.4424906541753444e-15,0.248203125,0.248203125,0.15619140625,0.35462890625,0.049292796850204476,0,0.0,2.0,0.15417803070067979,0,41,625,ref,8920,0.892,4.510953903198242,1.651795506477356,,,26e4f24d55b8d38216fd0942906a3cbf37f72ce82677fb1d289c614f5e8ac3a5,,86.43276361597236,1034864,1094608,20,P06c_k1,17
-3.1262213461677506,2.000192086911812,3.0862345087524887,0.09671875,-3.0441217490419596,1.636814742290821,2.7617079907070545,0.0904248046875,1.1700701933446924,1.5581405880572146,-0.04904828082133996,-0.027566817957660746,0.015087394850711248,4.845024663938928,-0.21662111491139513,0.12011419442718489,-3.040505626202838,1.6349838554306568,0.8045780352922104,1.0546091164459122,0.9452936181949917,0.3635577857494354,0.888700008392334,0.9452936204755679,0.4868231109376689,0.013490771599956,0.5003138825376214,3.4416913763379853e-15,0.25580078125,0.25580078125,0.16298828125,0.36455078125,0.043324387073516844,0,0.0,2.0,0.15998553107106203,0,42,625,ref,8887,0.8887,6.03785514831543,1.7355080842971802,,,f4a1f58bf44fda64e9edc822c2345ee2b0b2ee553b20adb815cb4cbc92bb121f,,89.63398817298003,1019736,1094608,20,P06c_k1,17
-3.2561343492414836,2.0369479745607326,2.8792446486389474,0.0811328125,-3.045552956187824,1.6379500872514854,2.53573797017433,0.08876220703125001,1.1387820393941102,1.5949158130379173,-0.05081736410487842,-0.027386119777589188,0.014531058141085235,4.893606212120813,-0.22067662126384677,0.12185454827726451,-3.026050806383212,1.5777596919291703,0.8163795613490845,1.0661158544664255,0.9441483887983486,0.42436227202415466,0.8776999711990356,0.9441483894246631,0.48221028913498043,0.016618437766284883,0.49882872690126334,1.9984014443252818e-15,0.254296875,0.254296875,0.16,0.36423828125,0.04423335790634155,0,0.0,2.0,0.1739090405257083,0,43,625,ref,8777,0.8777,5.418360233306885,1.6045204401016235,,,e5c2de710fb4818ed7e82e15ef630cc948aceff2f554ff64bc4a3371c3c8dde4,,92.81843051500618,1065364,1094608,20,P06c_k1,17
-3.2116042337548367,1.960325557394645,2.5164997848717037,0.07640625,-3.0526070809465127,1.6364435280214131,2.2658649657784182,0.08233154296874999,1.1107654043705582,1.6148931392819046,-0.04771112324929293,-0.02742415447066225,0.013616917685585723,4.935961421615654,-0.2258037606626749,0.12058007080912259,-3.035074136514887,1.4813268290620387,0.8271275048878451,1.069910053831003,0.9390788483945652,0.3433837592601776,0.8720999956130981,0.9390788441244513,0.48162739902958435,0.014980914025761643,0.49660831305534464,1.3322676295501878e-15,0.255390625,0.255390625,0.1588671875,0.36642578125,0.0406403124332428,0,0.0,2.0,0.20381850707656424,0,44,625,ref,8721,0.8721,4.414334297180176,1.1745585203170776,,,14e8dd14f402ed13d9b4fef05fcb48c492bbd28e29bff316b6bf58e5d4a25f6f,,94.14776679000352,1095992,1094640,12,P06c_k1,17
-3.3037402812785546,2.022899211899364,3.8695730266011763,0.10455078125,-3.1346185852071837,1.661307156854186,2.297288347586337,0.07975341796875002,1.1646404005605309,1.6461808765737698,-0.050879807719361556,-0.02814121940821863,0.013822006707286463,4.977663656992672,-0.23236988593824207,0.1208891840789226,-3.1150948249491637,1.50122196749518,0.7853387666801436,1.0710059498780842,0.9709817627561279,0.3481504023075104,0.8791000247001648,0.9709817640460097,0.4853881887902585,0.014146636314113155,0.4995348251043722,4.996003610813204e-16,0.24453125,0.24453125,0.15177734375,0.34955078125,0.050316303968429565,0,0.0,2.0,0.16170742003324587,0,45,625,ref,8791,0.8791,4.917105674743652,1.234014630317688,,,b913b43598e188b373eec0a9449ef24fa1885a8c35f1ade405076f9f7b1221e8,,94.86573700502049,1034876,1094640,13,P06c_k1,17
-3.34659573936403,2.015574523052365,2.884743378444849,0.07345703125,-3.2652192800424236,1.6935017060727127,2.360322059586311,0.0694873046875,1.2570828340819427,1.6665141870557627,-0.05564899266651669,-0.02940425863098299,0.014013873243192289,5.020757156522008,-0.240747040361166,0.12146918084303637,-3.2528549536346896,1.5184869379376986,0.7742893099109903,1.078970850037459,0.9552003731101286,0.356360524892807,0.8860999941825867,0.955200375119457,0.4872204598011702,0.011198757322986959,0.49841921712415593,1.2212453270876722e-15,0.24841796875,0.24841796875,0.156328125,0.35701171875,0.04471418261528016,0,0.0,2.0,0.152536689878298,0,46,625,ref,8861,0.8861,5.2117533683776855,1.4855774641036987,,,9b275b39ac231838283362d35c7867978460d85545acf60002e8a39cc1e83293,,95.61638439504895,1019752,1094640,13,P06c_k1,17
-3.311292221015853,2.003876514148709,3.301756741858347,0.086015625,-3.2825427646936434,1.698065150759993,2.1661222269288896,0.06645996093749999,1.250969100671896,1.6883105531953924,-0.055854397641729586,-0.029527329569246058,0.013563767305941325,5.063863833969841,-0.2461881612520665,0.11835264328280734,-3.2709031921437703,1.4636031680448642,0.7644614866531272,1.0810357174974856,0.9600818689807784,0.3509259819984436,0.8865000009536743,0.9600818667944986,0.480582282327436,0.013916075294800687,0.49449835762223526,1.4432899320127035e-15,0.24650390625,0.24650390625,0.1535546875,0.3523828125,0.04946577548980713,0,0.0,2.0,0.20790594289624548,0,47,625,ref,8865,0.8865,4.470497131347656,1.5321857929229736,,,02b5e150bed4adb925e76e0d47b30e60ea36cd38ab7985577bb4508ae82bc4d1,,96.35990714700893,1065380,1094640,13,P06c_k1,17
-3.3468222679032955,2.0637649696847227,3.619099925069145,0.09908203125,-3.339885474637477,1.7160661879775985,2.216450448792417,0.06665283203125,1.2846012966903695,1.7185978165737104,-0.05831595174411323,-0.029957164238035894,0.01366723912543924,5.109698354683432,-0.2518453013151884,0.1174970164871467,-3.3205916551356376,1.4688755057739507,0.8223816400419084,1.0905987628913991,0.9698549391119741,0.4001600444316864,0.8593999743461609,0.9698549392574932,0.4870999147880828,0.011775779592324266,0.4988756943804091,1.9984014443252818e-15,0.24234375,0.24234375,0.15296875,0.3497265625,0.0453891932964325,0,0.0,2.0,0.23157880015447702,0,48,625,ref,8594,0.8594,3.950460433959961,1.3141298294067383,,,99c2801c88ce346e2bf77d8a69843ad33346fa54adb5fcf00bc33bd5986dc5ca,,97.08542728505563,1096004,1094640,13,P06c_k1,17
-3.2119623043860033,1.9990845675619988,3.6128439946073274,0.09927734375,-3.256967020317909,1.7266541435956866,2.842704209742405,0.0836865234375,1.278175680725021,1.7549754178871806,-0.05181656701604684,-0.029120784004155142,0.01519150175133499,5.15014802200019,-0.25466636669822035,0.12163229385252812,-3.237735759484078,1.631281553000143,0.7855139738467821,1.0913031430519182,0.9525797804573085,0.3777022361755371,0.8802000284194946,0.9525797801138833,0.48423891757291543,0.014893573220164578,0.4991324907930782,1.8318679906315083e-15,0.25193359375,0.25193359375,0.15724609375,0.3590234375,0.04135668873786926,0,0.0,2.0,0.18025342628721117,0,49,625,ref,8802,0.8802,5.587700366973877,1.3378337621688843,,,9595267b6b9b7432c616eb009fa3d0789ecc1894fdc8e407682f5875f04dde94,,97.83582197199576,1034888,1094640,13,P06c_k1,17
-3.4597829523066412,2.0904008630860633,3.202452926375146,0.077109375,-3.3203850140756983,1.7383802844885048,2.5101073389492314,0.07418701171875001,1.2836840352792303,1.7954964770969142,-0.05721449887780893,-0.029659632992802137,0.014274351164245157,5.195543153264346,-0.25996252210694365,0.1224056571175607,-3.2982304262081943,1.5353366501515389,0.7691948225263436,1.0962612345037044,0.9476273147691973,0.35353729128837585,0.8877000212669373,0.9476273153664079,0.4869558328805489,0.012599401546401299,0.49955523442694927,9.43689570931383e-16,0.253984375,0.253984375,0.16193359375,0.36265625,0.04296305775642396,0,0.0,2.0,0.2201322203314715,0,50,625,ref,8877,0.8877,4.447845935821533,1.3750661611557007,,,a6c898ebd0ce34b57bd9dece58ebe0b9104983b4b80bddfd69456ef9c7aab468,,98.65408631507307,1019764,1094640,13,P06c_k1,17
-3.1756509133974338,2.00874074741264,3.552277293141773,0.1034765625,-3.282942947111634,1.7387271463729612,2.565118286382244,0.076923828125,1.2552401557953603,1.819050638506358,-0.051118704767457744,-0.0292395321270634,0.014300125118960172,5.235155552457436,-0.263330575148575,0.12268239448097608,-3.2585642658066285,1.5371738804663264,0.7771463679227316,1.0983477487943274,0.9524449948896654,0.371234655380249,0.8916000127792358,0.9524449955672025,0.4849047037198027,0.013069336575978821,0.49797404029578457,3.0531133177191805e-15,0.250234375,0.250234375,0.1548828125,0.35990234375,0.04377432465553284,0,0.0,2.0,0.19890660819602837,0,51,625,ref,8916,0.8916,5.84119987487793,1.5172966718673706,,,bb2b36b0f3800c34124d5af2bae1d7ce44e81a25739b7b870acbf2329e7efb52,,99.43269462196622,1065392,1094640,13,P06c_k1,17
-3.5356879252659312,2.080201135804433,3.197802041315463,0.07154296875,-3.290421163508347,1.7518981365741881,2.697420928499201,0.08108886718750001,1.2641358198652468,1.8517767894343604,-0.046765528367494064,-0.02922743844954569,0.014584538021351566,5.274824546237637,-0.2688335980568081,0.12473182618866427,-3.262828438852709,1.5703944083552392,0.7236274118696141,1.1038563484307855,0.9658733546512667,0.343261182308197,0.8819000124931335,0.9658733587746974,0.4875805289287872,0.013781372449329027,0.5013619013781195,3.3306690738754696e-15,0.24669921875,0.24669921875,0.1528125,0.35521484375,0.04510727524757385,0,0.0,2.0,0.13087271996269015,0,52,625,ref,8819,0.8819,6.054453372955322,1.4140626192092896,,,1ff1fc6c96434ec5884ec320c01f4d4832166a056a07aa91902e2095bb0e4cfb,,100.16276375402231,1096028,1094640,13,P06c_k1,17
-3.406851560809215,2.113668120392199,3.406261225002915,0.08865234375,-3.321163881962998,1.767621788174271,2.786490591822253,0.08171630859375,1.2908641928659141,1.8795027228945116,-0.045880129732017313,-0.029460431488237942,0.014886036436921478,5.317780274735544,-0.2741168485954404,0.12442106365596832,-3.2919789864516082,1.6021319699443652,0.7399678124322406,1.109443968488684,0.9612009852309711,0.3861314356327057,0.8766000270843506,0.9612009835918434,0.4879538210436204,0.009986110428679588,0.49793993147230486,4.884981308350689e-15,0.24626953125,0.24626953125,0.15396484375,0.3531640625,0.04585269093513489,0,0.0,2.0,0.20160906748648846,0,53,625,ref,8766,0.8766,4.886633396148682,1.3251579999923706,,,d0833c75f0052461477c5f2ab6361d3c9c50afab21f1b2a41e1362841b8dbe8e,,100.88325002696365,1034916,1094640,13,P06c_k1,17
-3.5060958249527916,2.093123331380147,3.5973991650042825,0.08087890625,-3.3186228823458293,1.7804148128019608,2.977607532855612,0.08367431640625,1.3057099857315726,1.9104335706293898,-0.04626665071632079,-0.0293618497453177,0.015489447467359916,5.359211578424634,-0.27884851759299634,0.12384127039304639,-3.286612157415907,1.6612004204011315,0.7139613581281268,1.116501782009031,0.9665391275985167,0.351701557636261,0.892300009727478,0.9665391277009622,0.4896316845475455,0.01248067004231923,0.5021123545898631,1.5543122344752192e-15,0.24529296875,0.24529296875,0.15208984375,0.35380859375,0.045064461231231694,0,0.0,2.0,0.22965376783117114,0,54,625,ref,8923,0.8923,4.914486408233643,1.3494969606399536,,,5fc5d78f9f00d951145c6e8692418f062967512465163dd80e5500a3a877a063,,101.68933343701065,1019788,1094640,13,P06c_k1,17
-3.4139206876252164,2.060726670414477,2.673048203830961,0.0677734375,-3.3623713167394125,1.7842286127551903,2.7678300002143974,0.07558105468750001,1.3211419966667504,1.9174401597627,-0.05511041385513952,-0.029804451114059386,0.01505857808869743,5.3989617134723975,-0.28478773405775426,0.12313708024038317,-3.3378904896170436,1.6160407080170394,0.7299262637494539,1.1227044230609813,0.9489491633116267,0.3672274947166443,0.8830000162124634,0.9489491643419024,0.4845870661184877,0.011442828587767245,0.4960298947062551,1.6653345369377348e-16,0.24986328125,0.24986328125,0.15453125,0.3625,0.04438101053237915,0,0.0,2.0,0.18162855919329915,0,55,625,ref,8830,0.883,5.226933002471924,1.224581241607666,,,0691b30b1b5e7e3ea93e535d6a585c545c018e92c1e55941f3190405808c8ccc,,102.48765296803322,1065412,1094640,13,P06c_k1,17
-3.391284410000162,2.080494326578561,3.50995597793972,0.08587890625,-3.382609835945451,1.793041691303453,2.7537757983850866,0.07539794921875001,1.3194171928470153,1.9409556472744336,-0.045374333369101676,-0.02982771009143649,0.01496389078790444,5.439573181305163,-0.28923038953915237,0.12238370341340021,-3.3447157438468555,1.602989179789066,0.7623144133027981,1.12846792705623,0.9528675678395666,0.33400416374206543,0.8881999850273132,0.9528675676009152,0.48402551246463,0.014612394437705588,0.4986379069023353,2.7755575615628914e-16,0.25185546875,0.25185546875,0.159140625,0.3586328125,0.04829421639442444,0,0.0,2.0,0.17013025930639947,0,56,625,ref,8882,0.8882,4.730984687805176,1.1970030069351196,,,205fb4c5f87ff406f1ef93f652ba453a4df15e65cd5e37eda1d77235581433ad,,103.33843537000939,1096040,1094640,12,P06c_k1,17
-3.4806285278789657,2.0736127879852524,3.14348502534667,0.0771484375,-3.3152588647821166,1.7903102233570363,2.942722652743031,0.08514404296875,1.2958634277877907,1.9620859617303845,-0.05273869366145443,-0.02917078905950197,0.015581900023190908,5.47887031326268,-0.29382450031582263,0.12236556111646157,-3.2820163015529227,1.6655151171247768,0.8711685145886543,1.132834564579394,0.9675222792616114,0.34661170840263367,0.8878999948501587,0.9675222792848944,0.4884017858083999,0.010483331071800255,0.49888511688019915,9.992007221626409e-16,0.24392578125,0.24392578125,0.15294921875,0.351953125,0.0449876606464386,0,0.0,2.0,0.16864689004557398,0,57,625,ref,8879,0.8879,5.127206325531006,1.5060150623321533,,,a8bd86c26896055ff60029924de5fb79628d065966e41ec6d627c483801c52c2,,104.1171655820217,1034924,1094640,12,P06c_k1,17
-3.4348062915684907,2.095576334519483,4.003523329395543,0.0995703125,-3.3170191112808443,1.801790835778913,3.0764587574552382,0.08965087890625001,1.3164902436849297,1.9884166230315625,-0.05845665081961788,-0.029156217530100167,0.016157193499945117,5.5184611113051805,-0.2979342536535114,0.12309018473294432,-3.2846333793033606,1.7257749348305242,0.8955850851753921,1.1383563419880398,0.9744409219140653,0.3328743577003479,0.8906999826431274,0.974440920711495,0.4894407962161969,0.009036263009176988,0.49847705922537605,2.1649348980190553e-15,0.2418359375,0.2418359375,0.15103515625,0.346484375,0.047200185060501096,0,0.0,2.0,0.1759239986552268,0,58,625,ref,8907,0.8907,4.844475269317627,1.2493963241577148,,,cdfbbdbc9e96f5629086007bc4e2634fd133647e516fae98d9e886f491171968,,105.26014467596542,1019800,1094640,24,P06c_k1,17
-3.3966730668948593,2.1015935807998516,3.04228897727384,0.08197265625,-3.2993551185258645,1.80281070379634,2.9315026839067384,0.08867919921874999,1.2797882712061601,2.02179320448348,-0.05145504196698523,-0.02899047009678552,0.015482747932817027,5.553112251317412,-0.30271741134114566,0.12239644623655777,-3.2724377326022402,1.6572549101528244,0.9293889376302331,1.1431294564691419,0.9625762643862982,0.3267233371734619,0.8867999911308289,0.9625762646342628,0.4865507686685848,0.011239061972448814,0.4977898306410327,9.43689570931383e-16,0.24357421875,0.24357421875,0.154453125,0.3546484375,0.04512259364128113,0,0.0,2.0,0.26136711318877276,0,59,625,ref,8868,0.8868,4.455497741699219,1.0832343101501465,,,7771b47baf782bd41b90c1bf954e3f3f9e81d6b7a5c73dc458e3c8e298376ff2,,108.37221971398685,1065428,1094640,3,P06c_k1,17
-3.4235193261968413,2.1242271597501428,3.3123268547596503,0.08853515625,-3.2904863724372175,1.8072631539865753,2.8327727394256583,0.08781738281249998,1.2632433031643973,2.052972473165726,-0.05001566857261927,-0.028866629756507778,0.01526159542781107,5.593060038506494,-0.30711441934108735,0.1259643845523019,-3.264148807125184,1.6411964547334077,0.8406649786071645,1.150668213430195,0.9738480021979194,0.3752383887767792,0.8873000144958496,0.9738480057031847,0.489423420951531,0.010081354731533296,0.4995047756830699,5.551115123125783e-15,0.240859375,0.240859375,0.150859375,0.34794921875,0.04802590012550354,0,0.0,2.0,0.1842670829952249,0,60,625,ref,8873,0.8873,4.994264125823975,1.2819607257843018,,,b5a7f10133ece0491b24671e6ca47a6c24ee9b6d6559b92d854edbb98a79ceb8,,109.2222536780173,1096056,1094640,3,P06c_k1,17
-3.423147991110881,2.1375116737800592,3.406464973344751,0.09734375,-3.3126045197112672,1.8196477567274942,2.8275482078648366,0.0905615234375,1.2764754223142396,2.084095997970613,-0.049453461721449814,-0.029102461108558183,0.015179377364962998,5.630669974752857,-0.3115935946814716,0.1275610788256596,-3.2927860301355936,1.6324533060905932,0.8793740625128317,1.1537801885822236,0.9835856880468782,0.3933439254760742,0.8865000009536743,0.9835856859281193,0.49030196292891515,0.007746544863617296,0.49804850779253457,2.1094237467877974e-15,0.2351171875,0.2351171875,0.1460546875,0.34259765625,0.04999067783355713,0,0.0,2.0,0.17702149899784952,0,61,625,ref,8865,0.8865,4.691523551940918,1.095418095588684,,,f366bbd5f3949b7357113d83041360ec76787809ef3e4f38eb7dbf41ac955985,,110.06978490704205,1034940,1094640,3,P06c_k1,17
-3.5246537660861095,2.1523749379348445,3.229226090473946,0.0818359375,-3.3696090813228396,1.8224891410983421,2.3285283557385172,0.0751611328125,1.2719073724591725,2.1002826645445007,-0.05072336758230049,-0.029650146016315104,0.013942025319710217,5.665495942833416,-0.3160365733364597,0.12428032767559005,-3.3533326523252924,1.4958875253434998,0.9181520614863534,1.1569362173995834,0.9693027448293288,0.36041614413261414,0.8845000267028809,0.9693027472170069,0.4909635242515165,0.008460639983453032,0.49942416423497277,3.219646771412954e-15,0.24392578125,0.24392578125,0.152734375,0.3502734375,0.045125043392181395,0,0.0,2.0,0.1665113161718282,0,62,625,ref,8845,0.8845,6.361916542053223,1.3383169174194336,,,ae19ae8986fbb519f5b0bfcedf334b3dcdac13e3ee80359f1905214013f8f588,,110.90848680201452,1019816,1094640,3,P06c_k1,17
-3.4268938857280227,2.1178918126604387,3.076279640660315,0.0878125,-3.3646570057777136,1.8269811678565324,2.3279829116255693,0.0752099609375,1.2671004649302766,2.118767971614298,-0.048008248842155064,-0.029629535970318095,0.01383996806832646,5.7037467740452765,-0.31947297682985665,0.1271521860265915,-3.354657807804597,1.4909118378248845,0.9087634433150045,1.16268360111735,0.9719315567985177,0.367788165807724,0.8894000053405762,0.9719315575435757,0.49021565411426715,0.007667435250396308,0.4978830893646677,4.218847493575595e-15,0.24033203125,0.24033203125,0.1505078125,0.34734375,0.04828544855117798,0,0.0,2.0,0.2066905219562885,0,63,625,ref,8894,0.8894,5.068056583404541,1.4287220239639282,,,b5d2a75d1d25e73150c2088df682604a5fa0fb7936356e5fa445b120b8dd97b2,,111.78847511403728,1065448,1094640,3,P06c_k1,17
-3.51228650313838,2.111729341076768,3.6722861665391093,0.081015625,-3.4032204549139733,1.8388855567611564,2.266239792628963,0.07154541015624999,1.280542124925492,2.1404790523630353,-0.03952108642373905,-0.029967818094041795,0.013517728503443457,5.739117540987772,-0.32370183220133186,0.12770417753744473,-3.393539543718806,1.457299004369798,1.013540491192347,1.1720843171272748,0.953770800383063,0.32508569955825806,0.892799973487854,0.9537708053761161,0.4887684489642059,0.010854621237870635,0.49962307020207747,9.43689570931383e-16,0.250625,0.250625,0.15880859375,0.359296875,0.04024980068206787,0,0.0,2.0,0.23536097230747874,0,64,625,ref,8928,0.8928,4.268819808959961,1.1512700319290161,,,ebbf20bc282245e2a87c046d20fe6acbb9e660e55f0b099e16243a102d3994e1,,112.65080241800752,1096076,1094664,3,P06c_k1,17
-3.252242408587841,2.071552248427401,3.06114946929478,0.0915625,-3.2940814316766835,1.8335177958080269,2.4111404043030165,0.080888671875,1.22726932139512,2.1772331369105418,-0.042714950760935684,-0.028919557696671504,0.014124275028049587,5.774671800977601,-0.3251760543324053,0.12859103887154238,-3.287632264492682,1.5211153015307426,0.9678013386048825,1.1728030364157116,0.9629793858737685,0.3450957238674164,0.883400022983551,0.9629793848074041,0.49088018792499694,0.009151778123630154,0.5000319660486192,7.882583474838611e-15,0.245703125,0.245703125,0.1555078125,0.3550390625,0.045743834972381596,0,0.0,2.0,0.17120068131780697,0,65,625,ref,8834,0.8834,4.825222969055176,1.4397575855255127,,,04959defa58dae6735e3fb141c2c23e44db36cd21df4ad6b3b6fde3300666ea2,,113.59049177798443,1034960,1094664,3,P06c_k1,17
-3.3884441433902013,2.113008228666238,3.410053738005486,0.09177734375,-3.268456948646581,1.8326321043741558,2.1784701882216826,0.080322265625,1.1823882538930284,2.2128309898204064,-0.03667881373058776,-0.028699940858631853,0.013201097712738209,5.817145719527107,-0.32892717311158776,0.12761539414557985,-3.268886314937337,1.4221126854046409,0.9778344184067498,1.1745844010762014,0.9865794600406662,0.38819825649261475,0.8769999742507935,0.9865794674842618,0.49040457703314144,0.00867214641521713,0.49907672344835385,4.718447854656915e-15,0.23529296875,0.23529296875,0.14771484375,0.3401171875,0.04852008223533631,0,0.0,2.0,0.12027950097118807,0,66,625,ref,8770,0.877,5.0588154792785645,1.3712184429168701,,,1141f01f7c177542797ad65b030a9d6195244fe9e6ce41e250302b27f266c733,,114.56669938098639,1019836,1094664,2,P06c_k1,17
-3.4191880373796097,2.0832838349461915,2.5158158389700223,0.07064453125,-3.2489969499911933,1.8365569024132438,2.2245885333176414,0.0838525390625,1.1767541625535598,2.234329049295884,-0.03814195604771513,-0.028510187827370623,0.013430171564239611,5.852806095673489,-0.33381960209459066,0.12812239992228439,-3.2543408586057496,1.4484015841519995,1.0804227745728878,1.1803386533679483,0.9694359864050057,0.37192976474761963,0.8859999775886536,0.9694359849276952,0.492875370038512,0.00872846321931613,0.5016038332578221,5.995204332975845e-15,0.24529296875,0.24529296875,0.15521484375,0.350078125,0.04290033578872681,0,0.0,2.0,0.2142101390271924,0,67,625,ref,8860,0.886,4.332989692687988,1.447066307067871,,,56a83015cc547626833985c0d31dc57dc1136a12106ea18e190818eb87a9cdb1,,115.53673562104814,1065460,1094664,3,P06c_k1,17
-3.492319968366675,2.1620667032698986,2.958554384642934,0.08458984375,-3.3074565361354495,1.8502037004491068,2.24392950317751,0.082744140625,1.2000376347532775,2.2577789648687587,-0.034562866466468306,-0.028869263918124864,0.01339468407333477,5.8824150861130855,-0.33890346257016063,0.1286742278399463,-3.2962076881063753,1.446537907013026,1.1103464410200508,1.1834462218495116,0.9729370940208901,0.39408078789711,0.866100013256073,0.9729370935226325,0.49505936268321166,0.007394437629928939,0.5024538003131437,3.1086244689504383e-15,0.24216796875,0.24216796875,0.1510546875,0.35029296875,0.045071303844451904,0,0.0,2.0,0.1915737502499064,0,68,625,ref,8661,0.8661,5.242869853973389,1.2686349153518677,,,4d86f998024eca947cfcfa88874fa0e5a71bfd1564b722f98ece0f8916c3b410,,116.52873448596802,1096084,1094680,3,P06c_k1,17
-3.467911273465772,2.166934724172988,3.4498284295289046,0.091640625,-3.313274529752708,1.8603117997227092,2.263645450040668,0.08107177734375,1.2102836440731826,2.288327153534265,-0.0378508054199018,-0.028898531928692104,0.013651908924157415,5.9194569583354975,-0.34276936795562507,0.1306563731077742,-3.3030717444515942,1.4759471363338568,1.1547285760391846,1.1880858570498325,0.9818281945283525,0.37279582023620605,0.886900007724762,0.9818281924945768,0.49120544943837585,0.008442722373878173,0.4996481718122498,4.218847493575595e-15,0.23583984375,0.23583984375,0.147890625,0.34408203125,0.04933252930641175,0,0.0,2.0,0.17163222272695375,0,69,625,ref,8869,0.8869,4.2368645668029785,1.3083983659744263,,,60e9571febd0d9b76eb7bd6fffa357d7ab787a975e0d18a2e363e16bc76a0044,,117.49785356107168,1034964,1094680,3,P06c_k1,17
-3.473875975654555,2.161939117898021,3.4156331035328513,0.093984375,-3.34732931329056,1.8748831377262982,2.3111774100941314,0.08083984375,1.2304514750776963,2.318290005372106,-0.033554700319393206,-0.029147405522840925,0.013745926850908235,5.954650718701105,-0.34754393965005875,0.13185209918083207,-3.3333403825582515,1.4856881239298083,1.0075671296980835,1.1901834586276352,0.9796887202362996,0.35661453008651733,0.8894000053405762,0.9796887254121248,0.49606311498926764,0.00560421941909857,0.5016673344083658,4.440892098500626e-16,0.239453125,0.239453125,0.15033203125,0.34556640625,0.04389908313751221,0,0.0,2.0,0.15745259219614688,0,70,625,ref,8894,0.8894,4.310125350952148,1.3404735326766968,,,9f20f77fcb5fe2b3454625b93b748afb7b629e5605c1e6336e040e1f519714ef,,118.40865403402131,1019840,1094680,3,P06c_k1,17
-3.3541351591242017,2.1869146193788964,3.2953237174250334,0.09763671875,-3.3057161514471636,1.8759635785359177,2.408476975650471,0.08322265625000001,1.2043693271302331,2.340196846872655,-0.025326826009602232,-0.028636357354967185,0.014016669337142396,5.988014938992731,-0.35024643629789354,0.13329903018820927,-3.2836922231383823,1.5186842979341817,0.9211221343575589,1.192067301681731,0.9734623347665183,0.3614600896835327,0.8916000127792358,0.9734623353474308,0.48921495455295483,0.007764325400315466,0.4969792799532691,1.1657341758564144e-15,0.24087890625,0.24087890625,0.1512109375,0.346484375,0.04714508652687073,0,0.0,2.0,0.1779043754841863,0,71,625,ref,8916,0.8916,5.205220699310303,1.251983642578125,,,27830f7c6d7b45a013cc9d1f2c65a8519d260045f50d60a79254b3c9b23f2d27,,119.34819330403116,1065468,1094680,3,P06c_k1,17
-3.345938896419233,2.1722166724306518,2.924681078402043,0.0923046875,-3.2884739631283595,1.8727025132672568,2.128873875443534,0.08079833984375001,1.1689891882002916,2.370319546781198,-0.03229403178398888,-0.02849799460812511,0.013210255579357493,6.025330684946814,-0.3546658439934254,0.13207615156078853,-3.273938053805649,1.4350458937069768,1.0071070680155203,1.1986021412671126,0.9611884046590421,0.3469982147216797,0.8853999972343445,0.9611884045042097,0.48938758457600307,0.009078724476205575,0.49846630905221057,1.942890293094024e-15,0.24552734375,0.24552734375,0.1528515625,0.35515625,0.04705305695533753,0,0.0,2.0,0.17191060738328862,0,72,625,ref,8854,0.8854,4.894542217254639,1.2809529304504395,,,cb77e259329fe7e6bf716895734e29dee5a1ee7dec9ab47119b498604d75b6d2,,120.32902103802189,1096096,1094680,3,P06c_k1,17
-3.61717009178823,2.213268938293481,3.087702566499836,0.07681640625,-3.431576048732186,1.900465413258774,2.0254295695691904,0.0712939453125,1.2432018440027384,2.4056507805079645,-0.03708383751786102,-0.02978991200436458,0.012721808929535115,6.061838547373933,-0.36286317959427833,0.1327456093790362,-3.4144765805701627,1.3856851785949775,1.14348916634715,1.2045100978110967,0.9681271908304189,0.3327729105949402,0.8867999911308289,0.9681271901435684,0.4911506789600281,0.0062514235051232695,0.497402102465151,3.885780586188048e-16,0.24341796875,0.24341796875,0.1532421875,0.34900390625,0.0416088342666626,0,0.0,2.0,0.14109023737179777,0,73,625,ref,8868,0.8868,4.424893379211426,1.5593090057373047,,,392dffa83752452ca83eb66a9694272ff731b680093533fc685b56ce1d4d7b96,,121.30202129296958,1034980,1094680,3,P06c_k1,17
-3.582676038598743,2.2470465461679665,3.6016673126706484,0.09681640625,-3.4544075626697204,1.9117586563895088,1.8993833519303898,0.06870849609375,1.2526051929809037,2.4438675473617466,-0.04165158006242969,-0.029971108610381058,0.012607637095423249,6.095612437775388,-0.3668120112642646,0.1316774335607844,-3.4369867960753955,1.368462800489515,1.1671642811985938,1.2074052483694653,0.9725100263964851,0.3605829179286957,0.8899999856948853,0.9725100288214162,0.4925050082433273,0.0065241420164517915,0.4990291502597784,7.216449660063518e-16,0.24103515625,0.24103515625,0.150625,0.34908203125,0.04706274271011353,0,0.0,2.0,0.1417866270987594,0,74,625,ref,8900,0.89,4.371222019195557,1.2240557670593262,,,c9dc0ad5cddccc11aafa3db75cce76068153799f39feabc8c5d402e96aacc6d6,,122.285580135067,1019852,1094680,3,P06c_k1,17
-3.5052207441079326,2.189608946697293,2.980520405661072,0.084765625,-3.501068235767185,1.925933987401407,1.9479416993431382,0.06715820312500001,1.2830808335028894,2.466885464854613,-0.04074457452961952,-0.030342763446446454,0.012738073810810727,6.126739890945235,-0.37300434671342375,0.131511305784657,-3.481250639695122,1.3821373629716218,1.2003136003443426,1.2117596020136043,0.9748605157353449,0.382759153842926,0.8841999769210815,0.9748605143709574,0.4946521975145224,0.007061801888926555,0.5017139994034503,1.3322676295501878e-15,0.24353515625,0.24353515625,0.15240234375,0.3487109375,0.04625458121299744,0,0.0,2.0,0.21192904546460062,0,75,625,ref,8842,0.8842,4.50017786026001,1.3322604894638062,,,28ae8d0d25f9e88f160b73d63a39eb8dfb3b7772b1832fa5a371aaa06d407fa1,,123.26417698897421,1065480,1094680,3,P06c_k1,17
-3.284048703793121,2.167053639148043,2.9366977182724487,0.0992578125,-3.409692070464089,1.9141489736546486,1.9259288893592101,0.07052978515625,1.2058030966065418,2.492964113623267,-0.03480091688666386,-0.029378339154726336,0.012435083270596468,6.157913342678171,-0.3753698020800948,0.13218788599387737,-3.38482258092155,1.3524095524329989,1.2221147538149277,1.2140891169902595,0.9647976047033444,0.3425315022468567,0.8855000138282776,0.9647976031561848,0.4891784894083382,0.008297381984780148,0.497475871393131,1.2656542480726785e-14,0.24419921875,0.24419921875,0.152421875,0.352109375,0.04462487101554871,0,0.0,2.0,0.11782089290315549,0,76,625,ref,8855,0.8855,5.932442665100098,1.5312308073043823,,,cc1dce67b49ab326306e7da8fab1862ddaa6d267c79c139f9bfea22e0d8bb502,,124.19492484105285,1096108,1094680,3,P06c_k1,17
-3.275665504377953,2.184449872161301,3.228856748025816,0.09796875,-3.3575253113162127,1.9111241138104165,1.9087402939941815,0.07252929687500001,1.169346392806788,2.5269182014735105,-0.04386921589264922,-0.0288703964898756,0.012387422749456728,6.193558330389311,-0.3790654829144478,0.12922774991460867,-3.336485726622574,1.3396936408800768,1.2022488914259943,1.2204154456059737,0.971042954120785,0.42865893244743347,0.8632000088691711,0.9710429584141821,0.49732610322326143,0.006888685206854819,0.5042147884301182,1.9984014443252818e-15,0.24494140625,0.24494140625,0.1534375,0.35189453125,0.0443418562412262,0,0.0,2.0,0.18904129137594428,0,77,625,ref,8632,0.8632,4.251205921173096,1.255426287651062,,,e607410a7e595c10f24f6aa6c515a4a22a600b483540af7aefdbb249fb7d5506,,125.07056061900221,1034992,1094680,3,P06c_k1,17
-3.5792407523657794,2.245431393632873,3.1603824343538407,0.08888671875,-3.324369004527172,1.9113259605633008,1.944304683428394,0.08029052734375,1.1458663633905986,2.559518630656744,-0.052218066524117444,-0.028520944695854766,0.0123970242200152,6.226731051624654,-0.38221441335976125,0.1304334704042965,-3.30383757994081,1.3430002582618379,1.2277063784813063,1.224565438097657,0.9797153487987816,0.4187568724155426,0.8719000220298767,0.979715348884929,0.489100812293417,0.006935073480513781,0.49603588577392344,7.327471962526033e-15,0.23720703125,0.23720703125,0.14671875,0.34138671875,0.04930803179740906,0,0.0,2.0,0.19363303904884888,0,78,625,ref,8719,0.8719,4.989439964294434,1.3149510622024536,,,e83952261fe462f42778a13c0ecd93e161d99f98ec815a78546e474c1ddcbf32,,126.07935283903498,1019868,1094680,3,P06c_k1,17
-3.5349359589084814,2.2180510262849897,2.6643353745844536,0.0823828125,-3.329948048467584,1.9180455903920413,1.8438916507608962,0.07949951171875,1.1377082798760538,2.583332937158235,-0.04214233021193521,-0.028544319819126186,0.012060959419991423,6.259102558199986,-0.38561076514422893,0.13050663657178746,-3.3096284282049617,1.307547422488883,1.1978498810021614,1.2240014965065293,0.9828160972706974,0.38101327419281006,0.8865000009536743,0.9828160992520861,0.49422246056789476,0.0049074447488306385,0.4991299053167218,3.608224830031759e-15,0.2375390625,0.2375390625,0.14857421875,0.34330078125,0.04968854784965515,0,0.0,2.0,0.2046052420729019,0,79,625,ref,8865,0.8865,4.467702388763428,1.3720524311065674,,,ad4c99a1e7be96d0a5ca40ed40a04a730838309445894e48e4ff1631f702937f,,127.16664990095887,1065496,1094680,3,P06c_k1,17
-3.4486968918509375,2.233598081270042,2.5979665828361114,0.0826953125,-3.353386067936941,1.9345348579276946,2.1182604269770557,0.0834326171875,1.1662659050900306,2.6084253703169553,-0.0322661588696598,-0.028757829516815957,0.012543336631852678,6.291470441772186,-0.39069625839591027,0.13268285691833312,-3.336585387697059,1.3613494428621666,1.1578177128209166,1.2308424002688705,0.9708662201557309,0.3585427701473236,0.8805999755859375,0.9708662185026333,0.49456210036861953,0.008247969718733782,0.5028100700873585,5.10702591327572e-15,0.24455078125,0.24455078125,0.153203125,0.35193359375,0.046057003736495974,0,0.0,2.0,0.1913938104946727,0,80,625,ref,8806,0.8806,3.7352185249328613,1.1000117063522339,,,f6141f1a1c3cb57c18b540b8f8ac867398c9d56b2a9498881551697eac1ddfc2,,128.31246188597288,1096124,1094680,3,P06c_k1,17
-3.2192755145416685,2.2223414156431924,2.7131253041132948,0.0996484375,-3.346528898235347,1.9346125555023839,2.1156954171676245,0.08537841796875001,1.1485357904920788,2.6267401279115665,-0.0325501784961802,-0.028577106395688348,0.01235850020454686,6.326901553563223,-0.3945454131066799,0.13214572500125996,-3.321921661328542,1.336041083795876,1.1725504886336784,1.2345365602728116,0.9582241670694203,0.3932855427265167,0.8898000121116638,0.9582241724838968,0.49306117893729734,0.007972606524229415,0.5010337854615308,3.9968028886505635e-15,0.2478125,0.2478125,0.15640625,0.3577734375,0.04477647542953491,0,0.0,2.0,0.20799183761462117,0,81,625,ref,8898,0.8898,4.925230026245117,1.2905290126800537,,,94067bd92d6ba27ab928ce1b5692ee28ad1f50ab994cfb9addcd271754d1fcd6,,129.30521857005078,1035004,1094680,3,P06c_k1,17
-3.342962398092662,2.215157863998919,2.8848780857118537,0.0938671875,-3.3502318062825323,1.941482285708373,2.106960057772529,0.088115234375,1.1482702944370777,2.6521647206117644,-0.031081549329433956,-0.02854984522749388,0.01241232418218483,6.359552119794346,-0.39762202970683574,0.1319169251188958,-3.322205703510341,1.3395597525789094,1.1673876661289833,1.2400621105726521,0.9719041652453597,0.41069257259368896,0.8720999956130981,0.9719041708426084,0.49463750268977497,0.0073977928531036765,0.5020352955428814,2.7755575615628914e-15,0.2435546875,0.2435546875,0.15310546875,0.3508203125,0.0472631573677063,0,0.0,2.0,0.1467254184536452,0,82,625,ref,8721,0.8721,4.217885971069336,1.3294131755828857,,,e26e9d2ca708de5eef2d4d65e369e956e1179340637cffbee9361d6837fa70b6,,130.32568415405694,1019880,1094680,3,P06c_k1,17
-3.2331752572142927,2.1959792552041977,2.73309336308283,0.10501953125,-3.2656215666821606,1.9319269018366834,2.0464589499889483,0.09316162109375001,1.0890389828959686,2.6802305031264835,-0.03692793198216605,-0.02771036659228425,0.01230052086797635,6.385065944370686,-0.39807371124625207,0.13216177473845264,-3.2366630305627972,1.3320322558022015,1.1783477510692526,1.2359602825187344,0.9754871944850311,0.3710794448852539,0.8784999847412109,0.9754871961963363,0.4950805094956337,0.005617355163457037,0.5006978646590916,8.881784197001252e-16,0.24171875,0.24171875,0.15140625,0.34859375,0.0487118124961853,0,0.0,2.0,0.1410305879577758,0,83,625,ref,8785,0.8785,6.347428321838379,1.4373623132705688,,,642324d91c8953c711be444d0ea63680be540d210880e88444f00f5d9ed07456,,131.31331059604418,1065508,1094680,3,P06c_k1,17
-3.529229888815241,2.2924434016194613,3.002799060538262,0.0912109375,-3.386510872212873,1.9544560100084787,1.8938724896075225,0.08269042968750001,1.1515262002445237,2.709170899939466,-0.04079880512572724,-0.028771525025830677,0.012004450887255018,6.415384576444333,-0.4031239212304354,0.12951886799948414,-3.3504159885072435,1.295160220519084,1.2084873529274704,1.2374078206517583,0.9824792636651546,0.3730926811695099,0.8769000172615051,0.9824792665499262,0.4922749980070197,0.006313570887572844,0.4985885688945956,3.0531133177191805e-15,0.23658203125,0.23658203125,0.14853515625,0.3433203125,0.04942106604576111,0,0.0,2.0,0.15789372975553095,0,84,625,ref,8769,0.8769,5.697007179260254,1.3678728342056274,,,1c2868e7e202d89f376e63aa579f049a1e0952a24870ac22c28185079aab5168,,132.3081123610027,1096136,1094684,3,P06c_k1,17
-3.5881181861510805,2.2472187515945565,3.7221294538866747,0.09595703125,-3.365827611488869,1.9668775104058944,2.210351683188952,0.09083251953125,1.1675356085951694,2.7464245766687974,-0.045353044323476886,-0.02854355533366764,0.013064652786039757,6.44781223670538,-0.4055915551632643,0.13326955252803382,-3.3295309060064313,1.4102911744085653,1.222330900832991,1.2452657648072354,0.9817448047024664,0.3456290066242218,0.8884000182151794,0.9817448044160847,0.4920747855060288,0.005732266903544742,0.4978070524095739,3.885780586188048e-16,0.23662109375,0.23662109375,0.14654296875,0.34236328125,0.04967051148414612,0,0.0,2.0,0.20266055866237054,0,85,625,ref,8884,0.8884,5.207676410675049,1.3990347385406494,,,85300c7d962b786a8069fb58c0356d785ae2e783aa948789711f9d87bd6e8326,,133.22819591104053,1035020,1094684,3,P06c_k1,17
-3.19454913748624,2.205602172980043,2.8598142533828406,0.1098828125,-3.3015967890140483,1.9625160553210825,2.2801966346114337,0.09821533203124999,1.1369605508637068,2.7670224152904916,-0.052513698761176036,-0.027958086151488697,0.013340137141061555,6.4794739877604135,-0.4076053012162447,0.13442405917477154,-3.271570470130513,1.4455723546150303,1.1378441101567585,1.251282127793691,0.9710329418617767,0.3933620750904083,0.8712000250816345,0.9710329398000613,0.4934452719865559,0.006320332492953721,0.4997656044795057,3.941291737419306e-15,0.24359375,0.24359375,0.1513671875,0.35140625,0.046258389949798584,0,0.0,2.0,0.19572027310852758,0,86,625,ref,8712,0.8712,4.461552619934082,1.265893578529358,,,80a7669840f6fffe0337bcd0f4bb3d1385461c93c9bfeff66fa29bfe33301b45,,134.15779771504458,1019896,1094684,3,P06c_k1,17
-3.249419414989841,2.174169049653211,2.6749259210136014,0.10080078125,-3.3280215565699045,1.966168004795553,2.0650907755602814,0.09302001953124998,1.130726522123119,2.786265297652904,-0.0511751966942966,-0.02817548352722759,0.012668636194411272,6.510144630626448,-0.4120653423666954,0.13530916538266427,-3.2983002227539147,1.3775966016070988,1.1047547041957189,1.2557768147291468,0.9730063807033003,0.32422739267349243,0.8881999850273132,0.9730063815508038,0.49041759928341394,0.00584058890512714,0.4962581881885368,4.274358644806853e-15,0.239765625,0.239765625,0.1492578125,0.3468359375,0.04533463716506958,0,0.0,2.0,0.16942765378291574,0,87,625,ref,8882,0.8882,5.132676124572754,1.1860311031341553,,,97b406baa8df44296b8a39da403c1c49569d5556c22bf1df03a77de4f3119347,,135.10314124298748,1065520,1094684,3,P06c_k1,17
-3.5781885186050073,2.270873632913827,2.4142614077747906,0.08015625,-3.3892803856351894,1.9709454089202416,1.6911123828832098,0.08185546875,1.1416752176663498,2.8018793453843216,-0.05892875810689271,-0.02873146619596602,0.011751423256637786,6.538416468285541,-0.41798814296722414,0.13192152143428362,-3.3611766713673648,1.2779677934698586,1.1460421984464224,1.2527656162992415,0.9828421773621813,0.385425329208374,0.8822000026702881,0.9828421754785813,0.4916024457899815,0.005256670694661761,0.4968591164846378,5.440092820663267e-15,0.2347265625,0.2347265625,0.147265625,0.34095703125,0.047681343555450444,0,0.0,2.0,0.17036056607125513,0,88,625,ref,8822,0.8822,7.261579990386963,1.4791953563690186,,,b7ed68823331a074b646497f6e2aca53596d884cedef0b04273c65db63852c3b,,135.9939845839981,1096148,1094700,3,P06c_k1,17
-3.3500051745757746,2.235155524024684,2.685313755865205,0.09837890625,-3.3305914411663617,1.9714624326269474,1.7302802822235328,0.08755859375000001,1.1067377640207383,2.8314253131125313,-0.051498953873908467,-0.028177411692241385,0.011838022206917867,6.567377755872377,-0.420439555644989,0.13313945689422338,-3.3068719530371102,1.2881450316700944,1.0205977795282188,1.2527482300895978,0.9751187927031424,0.3779289722442627,0.8826000094413757,0.9751188011607155,0.4928360970063131,0.005887729563407217,0.49872382656971787,2.4424906541753444e-15,0.23884765625,0.23884765625,0.14859375,0.34662109375,0.04740422964096069,0,0.0,2.0,0.21188709859881963,0,89,625,ref,8826,0.8826,5.174019813537598,1.3214789628982544,,,17a63323721aac6a9fe991296203b2ae9efeb4098add3ab69e72acc9a62fd7bf,,137.00770110904705,1035032,1094700,9,P06c_k1,17
-3.4848770995047222,2.2264845279069703,2.6395679572899695,0.0876953125,-3.334343398228954,1.979024967754428,1.7849288793262448,0.08744140625,1.1062433263824802,2.8561137479761713,-0.04581725136323616,-0.028133848097838757,0.011923698124537765,6.598263535971996,-0.4249641600251198,0.1350190389517864,-3.306933998130248,1.2990295155147644,0.9711362478346093,1.2561703864422862,0.968489756945055,0.35841262340545654,0.8831999897956848,0.968489755972987,0.4937054803529301,0.006048709605679449,0.4997541899586066,2.942091015256665e-15,0.24376953125,0.24376953125,0.152109375,0.3496484375,0.045261007547378544,0,0.0,2.0,0.19147382845609498,0,90,625,ref,8832,0.8832,4.629039287567139,1.4246258735656738,,,96083d1e9bf372611e0a030ee63c587b1d4cc20d30ef5ae6d9da4a0f576b7b79,,137.86978609405924,1019908,1094700,9,P06c_k1,17
-3.433633967323308,2.265341141196495,2.518184295508825,0.0880859375,-3.3939202672464917,1.9945458368122029,1.8860439437953218,0.085078125,1.1488507814864446,2.87201990416967,-0.04265759051122425,-0.02867355769551415,0.012143989626103219,6.625931492668849,-0.4302503804862499,0.1348530518513343,-3.3675068888125,1.323053919112135,1.0251193480081549,1.2557451724930875,0.9742303455097135,0.36660444736480713,0.8792999982833862,0.9742303453572094,0.4940314770198888,0.00654387593086939,0.5005753529507558,2.3314683517128287e-15,0.24107421875,0.24107421875,0.1523046875,0.34828125,0.0443228006362915,0,0.0,2.0,0.21194680580431424,0,91,625,ref,8793,0.8793,4.351907730102539,1.2693138122558594,,,bd7ec059f49f70de3a98c70c402a3c8998064ab803de8ec989dfc0b678e71e05,,138.67560974496882,1065536,1094700,9,P06c_k1,17
-3.380287247527579,2.263162290162049,3.4023694833807197,0.10935546875,-3.4477366019397904,2.0080644019644858,1.9341755550607054,0.0833935546875,1.1801117685776166,2.8971162974955535,-0.04490542363618069,-0.029155897827437754,0.012081714119541972,6.654157686562992,-0.4343425950407982,0.13589559040633648,-3.4210089710494667,1.3212108355693255,1.1503188742400554,1.2589139499559716,0.9788774791208561,0.2973790466785431,0.8894000053405762,0.9788774792663752,0.4931123196021281,0.0064743517501205635,0.49958667135225043,1.7763568394002505e-15,0.24041015625,0.24041015625,0.1491796875,0.3448046875,0.04588087797164917,0,0.0,2.0,0.21264902832093363,0,92,625,ref,8894,0.8894,4.954343318939209,1.284745693206787,,,effb2dba20778c4a85014ce66b58d8f0175b45794c8d103cd3610c024897fef0,,139.587822413072,1096164,1094712,9,P06c_k1,17
-3.4576589004111424,2.2999085173868425,2.6423667435238265,0.0966015625,-3.4959267642764615,2.018894713501606,1.8058774959439092,0.079716796875,1.1901395255183187,2.92244682582394,-0.03665048713752754,-0.029593676061080473,0.011345136711790485,6.685680698714261,-0.4388088823109865,0.135375383538644,-3.470320302650231,1.2468117819469382,1.1214850642784322,1.2590824888986287,0.9935352004575543,0.38952624797821045,0.8844000101089478,0.9935352009523194,0.49817576160718213,0.0037750314496807686,0.5019507930568543,8.548717289613705e-15,0.23419921875,0.23419921875,0.1458203125,0.338984375,0.04892506003379823,0,0.0,2.0,0.18566104377148335,0,93,625,ref,8844,0.8844,6.096624374389648,1.4322623014450073,,,7175b855600e469c90e5ea9785a3e94cba82add3d93a3774ff8009fd2705f761,,140.46293436700944,1035048,1094712,9,P06c_k1,17
-3.672927124812802,2.3219920641373295,2.6738812939429244,0.07888671875,-3.45201155188082,2.021242040335183,2.0094855992622884,0.08736572265625,1.1765405990264228,2.945020140785143,-0.03614135419323117,-0.02918450646993167,0.011886321932884004,6.714064111001184,-0.44133349768817426,0.13696875256911847,-3.430930480433962,1.3095183334993112,1.1850710113661371,1.2642099326381726,0.9805312825448346,0.4003983736038208,0.8812000155448914,0.9805312824842985,0.4957202963154985,0.004762376384939469,0.5004826727004426,4.551914400963142e-15,0.23814453125,0.23814453125,0.1485546875,0.3450390625,0.0469531774520874,0,0.0,2.0,0.14642937157707742,0,94,625,ref,8812,0.8812,5.928777694702148,1.3799107074737549,,,56dc4a189105e56b392fc007ca984fbef8138bef693fba28ac330d025ae78566,,141.31769421696663,1019920,1094712,9,P06c_k1,17
-3.405272154288599,2.2948035595669816,3.414542556285984,0.105,-3.448657458766748,2.0234001197601557,1.8610161009614978,0.08372802734375,1.1645081404294013,2.9660298693873535,-0.03638996517134209,-0.029121006956606684,0.011611693384446616,6.741746753181084,-0.44349168092012403,0.13815458503021777,-3.426583912467265,1.2812541214097681,1.129190554962673,1.2663587993914391,0.9805418189661578,0.3711104691028595,0.8891000151634216,0.9805418191477656,0.494342030874886,0.005563711527432968,0.49990574240231955,6.106226635438361e-16,0.23732421875,0.23732421875,0.1481640625,0.34412109375,0.04761904478073121,0,0.0,2.0,0.1802614953275319,0,95,625,ref,8891,0.8891,5.020297527313232,1.625680923461914,,,83d662fd13b4c80ef7cc8173ae456de95ac56277debb99f732e7ff38e692529d,,142.14442714606412,1065548,1094712,9,P06c_k1,17
-3.4514570882563462,2.2711802668847407,2.756887602592451,0.09240234375,-3.4059527313273152,2.0252342323503596,1.8210294422479967,0.08729003906249999,1.1279442409243785,3.001079640704571,-0.027450185745199685,-0.02864112234907991,0.011475627801840941,6.771036182606613,-0.44731255419552324,0.13671292052017864,-3.3812464566064047,1.263878775366723,1.120771699101223,1.2651878263292218,0.9756640451855492,0.32816454768180847,0.879800021648407,0.9756640393240378,0.49402192867651934,0.0057782651902981395,0.49980019386681596,1.4988010832439613e-15,0.2409765625,0.2409765625,0.1501953125,0.346640625,0.04469231367111206,0,0.0,2.0,0.09502806412772052,0,96,625,ref,8798,0.8798,7.260528564453125,1.6160486936569214,,,73500cdd13209cc02550fa859b69fc4629db4562c98748864a654722ce5d95d7,,142.9746533849975,1096176,1094728,9,P06c_k1,17
-3.447375093311266,2.3031652509748466,2.523292775287107,0.0950390625,-3.384041238089966,2.030323894468947,1.920725558040826,0.09121337890625,1.1250586659415733,3.0159141199949557,-0.018757669484976165,-0.02841604287338372,0.011920442795009402,6.801339195479624,-0.451242892742157,0.13502807691650417,-3.362120146170038,1.2992238819403175,1.2260396807293485,1.2717558395971884,0.9826800814189482,0.409498393535614,0.8691999912261963,0.9826800807320979,0.4964325993031995,0.005413206888635138,0.501845806191838,3.4416913763379853e-15,0.23818359375,0.23818359375,0.1498046875,0.343515625,0.04664139747619629,0,0.0,2.0,0.1989839832859994,0,97,625,ref,8692,0.8692,4.5939202308654785,1.2357468605041504,,,946a8e849cf901d3c19f6f88947f4c5fc6a83c432653c621af3c2330cf7d3919,,143.78753850096837,1035060,1094728,8,P06c_k1,17
-3.230850153185973,2.279598954884536,2.9615672723920987,0.116953125,-3.3661613489130433,2.0366619668423023,2.099942106431645,0.0953369140625,1.1199260766227213,3.0318594982159466,-0.003793607656713271,-0.028201467868620548,0.012243923688860825,6.828868915414533,-0.45471985824406147,0.1364106594538856,-3.3436165177059776,1.3330581833814092,1.256571773908154,1.2741419134127148,0.9677980512008071,0.4280991852283478,0.8733999729156494,0.9677980460145045,0.4923031245641033,0.006125547890049254,0.4984286724541574,4.829470157119431e-15,0.2428515625,0.2428515625,0.15314453125,0.350234375,0.046106559038162236,0,0.0,2.0,0.1655207404055702,0,98,625,ref,8734,0.8734,4.2925591468811035,1.4331450462341309,,,fa17eb821aa09d8b5a9640775a250831f8b6636133b6288e6153b23bca4b6fe5,,144.66760644805618,1019936,1094728,9,P06c_k1,17
-3.4457214472383013,2.3699444558576768,3.1792707520640335,0.10890625,-3.3535066991196056,2.034946379967313,1.916950911566782,0.0933837890625,1.0919460589311911,3.05859598486271,-0.009535274451829215,-0.028106970318616226,0.011472535504896651,6.854860065061718,-0.457867643609643,0.13530909266337302,-3.3370841808237883,1.2521561952610385,1.1775084078076428,1.2767209578370036,0.9738297401845921,0.3553721606731415,0.8827999830245972,0.9738297422335017,0.4978361272301997,0.003835858675047652,0.5016719859052464,8.881784197001252e-16,0.2437890625,0.2437890625,0.15310546875,0.348984375,0.04647822380065918,0,0.0,2.0,0.15978317425112146,0,99,625,ref,8828,0.8828,5.9890875816345215,1.5079423189163208,,,96768540aa33f81fc740694d7d3ef5bd3547a14a49e1eccb64d49c2d61fc9913,,145.51501351199113,1065564,1094728,9,P06c_k1,17
-3.264530523410672,2.276445362272369,2.992752359444518,0.11431640625,-3.324801105145632,2.041751718974363,2.0592776660506398,0.0993212890625,1.0910721462999426,3.0928199749344274,-0.015142039299604195,-0.027760052589512193,0.012258170118794732,6.884577265284986,-0.4606054036319256,0.1376326186420258,-3.3042844477841613,1.338412957720045,1.187399673931226,1.2756339346738612,0.9777983272285201,0.34967559576034546,0.8848999738693237,0.977798325928161,0.4931055481279864,0.0040321764863737375,0.4971377246143573,2.831068712794149e-15,0.236640625,0.236640625,0.1483984375,0.346328125,0.047238397598266604,0,0.0,2.0,0.17311972653865057,0,100,625,ref,8849,0.8849,4.736799240112305,1.2529491186141968,,,179034f17211eda88490d6fd6ab01d0269267d6a2f0b674d835c2fb3c9b425ef,,146.3493057009764,1096192,1094728,9,P06c_k1,17
-3.5916281645006394,2.315855922804374,2.8523061833973653,0.08970703125,-3.311225322055853,2.04546714944825,2.150769526062436,0.10227539062500002,1.0872383925587743,3.111608354731723,-0.014910887818547689,-0.02759195170705877,0.012503267682840479,6.913057075632413,-0.46425121314823625,0.13821532230879302,-3.2907103707316376,1.3662104421878836,1.1945136289460536,1.278350349076323,0.9825424768519588,0.3601205050945282,0.8873999714851379,0.9825424748193473,0.494427098457293,0.005362103956612915,0.4997892024139043,1.609823385706477e-15,0.23775390625,0.23775390625,0.14853515625,0.34185546875,0.04776779413223267,0,0.0,2.0,0.19509079647237063,0,101,625,ref,8874,0.8874,4.54718017578125,1.245543360710144,9010,0.901,0d4ab1fa5ad494b642c7b1c0c994e40e8a43e3454d56170f419519480b28568d,,147.89798137603793,1035076,1094728,9,P06c_k1,17
-3.5148808355979453,2.3073988751974595,2.469972061261518,0.08515625,-3.4401958735369633,2.0635675529142383,1.932088540703413,0.08999755859375,1.1576085645850815,3.1267001785260917,-0.025997697670714505,-0.028820209927299452,0.012101099579530584,6.93991465742466,-0.4701986566931009,0.1380710642555166,-3.422477898746578,1.3231139531386609,1.281801604290644,1.280056770358503,0.9821564803854562,0.3829319477081299,0.8812999725341797,0.9821564814075827,0.4914497819572307,0.005973182143471217,0.49742296410070197,5.551115123125783e-17,0.234453125,0.234453125,0.1457421875,0.34244140625,0.05056803822517395,0,0.0,2.0,0.19349485514221607,0,102,625,ref,8813,0.8813,5.314645767211914,1.3816403150558472,8793,0.8793,60b360e7ffa769ef481940be3a7fd055fc7644568223a435482fcd0f5df02e19,,149.71921393298544,1019952,1094728,7,P06c_k1,17
-3.624699380712465,2.363859326772864,2.8046064934736643,0.09298828125,-3.490924945146449,2.0734109324610346,1.82434451663058,0.08477050781249999,1.1835363811674815,3.145083851268033,-0.02958733758657745,-0.029348609652348406,0.01172960938510545,6.967282372562928,-0.4738933587819338,0.1389066914135988,-3.4803007124523595,1.2806379026514427,1.3819182950133169,1.2816959182492877,0.9866007929225452,0.3688179850578308,0.8799999952316284,0.9866007940971758,0.49532142825467074,0.004247259107256846,0.49956868736192883,1.2212453270876722e-15,0.23517578125,0.23517578125,0.146328125,0.34111328125,0.04709306359291077,0,0.0,2.0,0.21649328660178996,0,103,625,ref,8800,0.88,4.942214488983154,1.1954410076141357,9133,0.9133,3ed819fca5ac83c11b7ac9724aed39a95032dbd25d0dd6f2ac6c71b4f05e8435,,151.55817682505585,1065580,1094728,9,P06c_k1,17
-3.7890542056335965,2.407951173933154,2.965510074584489,0.0858203125,-3.5497592599137944,2.077110849113404,1.6315275594902,0.08002197265625,1.198439158903235,3.1531144290664765,-0.037164108465105844,-0.029784659001649533,0.011152439564245848,6.990183066738209,-0.478773295879364,0.13628508747770382,-3.5298485907514685,1.2051375265141253,1.2904835827636976,1.2797649995535263,0.9889291990012862,0.37938109040260315,0.8758999705314636,0.9889291969139594,0.4966995428464177,0.003867567050186918,0.5005671098966077,3.1086244689504383e-15,0.23583984375,0.23583984375,0.14703125,0.3401171875,0.051747661828994755,0,0.0,2.0,0.13832524689193984,0,104,625,ref,8759,0.8759,5.67268705368042,1.3150135278701782,8978,0.8978,b0e32e2e601fadd5a75f20eb5e397bfbd17171ead10908fe2c6510f56cf19839,,153.33939650503453,1096208,1094728,9,P06c_k1,17
-3.450366046448619,2.396480370147657,3.1451813618431324,0.1058984375,-3.540986454597136,2.0894269740633153,1.964841778769192,0.08580810546875,1.2305196624779788,3.1789371158553865,-0.04375169838998266,-0.029721049230785758,0.01245947581714867,7.0139090897248515,-0.48101565062999724,0.13892763454505402,-3.5255748997624403,1.3445676695981452,1.350939750484701,1.2859257178725465,0.976243263805518,0.36520349979400635,0.885699987411499,0.9762432638334576,0.49234386207305975,0.00545682001279678,0.4978006820858525,4.052314039881821e-15,0.23900390625,0.23900390625,0.1479296875,0.3448828125,0.048886638879776005,0,0.0,2.0,0.18353895299581038,0,105,625,ref,8857,0.8857,5.769887924194336,1.4636439085006714,9071,0.9071,6feedf092508ca1a49dce1d49dadb031834a99423fa16dd52ba4389ac6a912d2,,154.94875016703736,1035092,1094728,9,P06c_k1,17
-3.5907958705002407,2.3609616895595957,3.4324450575454915,0.096953125,-3.592285752372778,2.1017382296615863,1.9690324448600958,0.08255859374999999,1.2593436925122885,3.1988428326135754,-0.04088293910484354,-0.030169916437397023,0.012356513004904684,7.043497798564447,-0.4853514274954796,0.13869488969158206,-3.575891651085077,1.3368588680541886,1.280339836229334,1.2855358645574855,0.9728157401480712,0.3936408758163452,0.8841000199317932,0.9728157385392114,0.49366151492044336,0.004272584973378224,0.49793409989381987,1.7208456881689926e-15,0.23998046875,0.23998046875,0.1493359375,0.34791015625,0.044901555776596075,0,0.0,2.0,0.20566674953029157,0,106,625,ref,8841,0.8841,4.6372389793396,1.3018306493759155,9048,0.9048,3b5bef30a84def85cfbd0babb7044edd5e77aaca59de293a12bf1ef8ce61e2b2,,157.6619011319708,1019968,1094728,14,P06c_k1,17
-3.640679680136387,2.3781483365877807,3.0564897732735794,0.09291015625,-3.529622743045656,2.1016921231476795,2.0947044217919615,0.08745361328125,1.221331197626136,3.224244600437743,-0.02846601756287782,-0.029481025994784325,0.012715863806015946,7.068872309662693,-0.4854917479306459,0.1410739188625584,-3.505463541973587,1.3768358748087082,1.254634288528301,1.2841785672117891,0.9922145691525657,0.3620416522026062,0.881600022315979,0.9922145712771453,0.4974268961916642,0.004368304757475334,0.5017952009491414,1.887379141862766e-15,0.23400390625,0.23400390625,0.145234375,0.3383984375,0.04956638216972351,0,0.0,2.0,0.1605910936282211,0,107,625,ref,8816,0.8816,5.064054012298584,1.308634877204895,8855,0.8855,23ae6eddcdb2961e305f0ea53aa8d8fea182a510be3ca60e75384c9fc2f5b353,,159.24487451300956,1065592,1094728,15,P06c_k1,17
-3.515633733345276,2.410080909492761,3.608009672420964,0.1109375,-3.5423695056004862,2.1076873307890187,2.046658317979048,0.08646972656250002,1.2155519221704338,3.2533200023679014,-0.026526040169795873,-0.02952430713058289,0.012420208079833612,7.1010223080246995,-0.4889888088405132,0.1392640205981375,-3.513394227729107,1.3388978184568832,1.2611070791711572,1.2878826845791382,0.9800903702527285,0.39043933153152466,0.8835999965667725,0.980090372406412,0.4941907583162013,0.003929894523339081,0.4981206528395408,4.440892098500626e-16,0.235703125,0.235703125,0.146015625,0.34513671875,0.04817231893539429,0,0.0,2.0,0.15876422216532735,0,108,625,ref,8836,0.8836,5.3562541007995605,1.4150747060775757,9034,0.9034,c422030911933a9fc9b289320d19e092838b63d03385fdb6d3b94baf398b67ba,,160.72401237499435,1096220,1094728,15,P06c_k1,17
-3.5894064923429663,2.419806485883492,3.9429564066997007,0.10787109375,-3.5224401583247,2.111371871745976,2.024016215400876,0.08934814453125,1.2027457477361068,3.2828777338477213,-0.027732300783721454,-0.02928388120440061,0.012553563443935888,7.130176143001736,-0.49145735837519167,0.13738339228092805,-3.4912340714733023,1.3493496499165198,1.195767141605332,1.2888783235431374,0.9783926484931726,0.3415989577770233,0.8883000016212463,0.9783926487457939,0.49527116973609525,0.003659833538904403,0.49893100327500134,1.6653345369377348e-15,0.2387890625,0.2387890625,0.14923828125,0.34578125,0.04670439958572388,0,0.0,2.0,0.17716342609602276,0,109,625,ref,8883,0.8883,5.542877197265625,1.3957992792129517,9058,0.9058,b62534915ae62a0aab86cc033991cf60d461d8aba4118223b4984bbdc9ba70e2,,162.19641885906458,1035104,1094728,14,P06c_k1,17
-3.7161096181305573,2.4204147276353893,3.491178686916594,0.09759765625,-3.5347200312011946,2.1244268693027166,2.3008691983412097,0.0923388671875,1.22930763583049,3.3070201406474156,-0.02313825346256477,-0.02936105155990389,0.013247074598734752,7.160131005859228,-0.49592454850673673,0.13889053581398844,-3.5036064239624043,1.425118999701451,1.2188119206591859,1.2905480870653543,0.9827093807561323,0.3408676087856293,0.8858000040054321,0.9827093797572889,0.4933254837033597,0.004640741349579143,0.49796622505294125,2.3869795029440866e-15,0.23654296875,0.23654296875,0.14734375,0.34251953125,0.0480963408946991,0,0.0,2.0,0.1495099465371308,0,110,625,ref,8858,0.8858,4.729241371154785,1.2189298868179321,8982,0.8982,c4644c997d66c86209f66de8d9fabb679a93a62cfcccee75429b0b12cdf1ece4,,163.79772806796245,1019980,1094728,14,P06c_k1,17
-3.5410666638165713,2.4099707360218763,3.0208333904184594,0.10224609375,-3.5064050969326592,2.122543227059489,2.1384313194966045,0.091806640625,1.1932387310871757,3.336073054004164,-0.0241220343552318,-0.029139270758878323,0.012570460258817518,7.186185522573115,-0.4983036199212074,0.13645615131107425,-3.4832667554091437,1.3475147164047012,1.2547427433016147,1.2869026066319103,0.981687224515481,0.346914142370224,0.8845999836921692,0.981687229439849,0.4970937972230135,0.003918518622792902,0.5010123158458061,3.3306690738754696e-16,0.23841796875,0.23841796875,0.149765625,0.34439453125,0.0458473801612854,0,0.0,2.0,0.16465606377863154,0,111,625,ref,8846,0.8846,6.550907611846924,1.3208003044128418,8996,0.8996,d36447ce55a4f02d611a1837fd9d8534a73260508e6e9e2ad79a758543383dfd,,165.21049698605202,1065608,1094728,15,P06c_k1,17
-3.5046503056635725,2.417076979105155,2.413284193009398,0.093984375,-3.5384389267762657,2.1298512880172265,2.0067578366399155,0.08748291015625,1.1997603796971048,3.3600858442880672,-0.02357971491653401,-0.02940136255878786,0.012172831731024434,7.216068924949668,-0.5012911123037338,0.13835072955038472,-3.513102358278624,1.3094343065372058,1.2670584115013281,1.2877697458459494,0.9864692655124236,0.41497623920440674,0.8744000196456909,0.9864692655508407,0.4934447439950136,0.0039940588236069266,0.49743880281862024,2.7755575615628914e-16,0.23369140625,0.23369140625,0.1464453125,0.33927734375,0.04772534966468811,0,0.0,2.0,0.18536345739590684,0,112,625,ref,8744,0.8744,4.3829169273376465,1.6008765697479248,8831,0.8831,8ffeb948496bfb494691c0c771c17f4ef1ae73158b0df0f936e125fbc874b1f7,,166.67095439997502,1096236,1094728,15,P06c_k1,17
-3.5525664536494186,2.3914343520298353,2.86967723789524,0.0961328125,-3.510979656944674,2.132670946749828,2.1237669272325537,0.09211669921875,1.192448907935295,3.3850238742477496,-0.029187415072236055,-0.029127074908794223,0.01257220961892369,7.237570872300462,-0.5043245219439269,0.139970442128969,-3.488038341235578,1.357026473186909,1.2929834374630087,1.2903600467013177,0.9782659102836624,0.35869571566581726,0.8892999887466431,0.9782659086212516,0.4947301989319546,0.004583200950175662,0.4993133998821311,8.326672684688674e-16,0.23896484375,0.23896484375,0.15072265625,0.34455078125,0.04366242289543152,0,0.0,2.0,0.203180011413262,0,113,625,ref,8893,0.8893,4.866872310638428,1.3352693319320679,9113,0.9113,55f89f21af739a4c4cf371e55e258f010086b94b9575b1a5dc6160ddb07b1c07,,168.12210439599585,1035120,1094728,15,P06c_k1,17
-3.3557679698964695,2.334555993893609,2.271113076707477,0.0983984375,-3.4699260150410374,2.13145927446294,2.2173604739451576,0.09529052734375,1.1799252692790112,3.4046544504326253,-0.04146108101755301,-0.028742936958125496,0.013027676717846139,7.262379064472192,-0.5072940519452095,0.14116587756444057,-3.4516576201212366,1.4086739470567806,1.2526007440488232,1.2939975204847272,0.9792864951910452,0.4009382128715515,0.8722000122070312,0.9792864995077253,0.4929550447029402,0.0039634708276025474,0.4969185155305446,1.8318679906315083e-15,0.23591796875,0.23591796875,0.14771484375,0.3432421875,0.045798367261886595,0,0.0,2.0,0.16183766197555705,0,114,625,ref,8722,0.8722,5.666247844696045,1.2866475582122803,8944,0.8944,34210c8f2b5438743eb93c52f1c6149cea0ef099458fda672dfe37bb2e69f3a7,,169.6049538400257,1019992,1094728,15,P06c_k1,17
-3.3868762604989286,2.3954419600302304,3.3158120121826484,0.1133984375,-3.3761097316543145,2.1239679764287747,2.261671576221736,0.10235107421875002,1.1153128114826258,3.435667209531673,-0.039740056119356555,-0.027843538550939285,0.012887208572280158,7.287577247282675,-0.5075869620591402,0.14177223900658442,-3.3598181254202872,1.3998984992718249,1.2991500098228204,1.2916443580715764,0.9794650439557153,0.3498905301094055,0.8794999718666077,0.9794650469953194,0.49595875883494,0.004474988555802063,0.5004337473907452,3.1086244689504383e-15,0.2403515625,0.2403515625,0.1494921875,0.34447265625,0.045780152082443244,0,0.0,2.0,0.17453808777823313,0,115,625,ref,8795,0.8795,4.551292896270752,1.257605791091919,8951,0.8951,d53103c2239cbde0b58165d8a06a1914cfb4d6af56c9f33b5ca926cb4419a644,,171.48229356703814,1065620,1094728,15,P06c_k1,17
-3.7057603844646563,2.477587932571474,3.279273955017708,0.094921875,-3.523983216689512,2.1537691987615872,2.4068405787252947,0.09510253906249999,1.2292741468021393,3.462215927955407,-0.05276831322341696,-0.029187134289306405,0.013624949937604087,7.316671384592077,-0.5139848574995994,0.1441384844522886,-3.5038510283120763,1.4823846025865748,1.241964209192036,1.2956550355563072,0.9879090533906129,0.35860729217529297,0.8722000122070312,0.9879090552637354,0.4990052902064008,0.003101421768413654,0.5021067119748127,1.6653345369377348e-15,0.23619140625,0.23619140625,0.1486328125,0.3406640625,0.046910625696182255,0,0.0,2.0,0.1730103009432051,0,116,625,ref,8722,0.8722,4.301529407501221,1.162591814994812,8961,0.8961,c0b279b73ab241d16abda6d180a79da81bb5f4361b013dfaead2aec41ee72cdc,,173.2646087850444,1096248,1094728,15,P06c_k1,17
-3.5574327212250374,2.4457747908730716,3.0713155076532956,0.10462890625,-3.4896670671172876,2.1478053494218936,2.142019742348236,0.09578857421874999,1.1830466039029341,3.483320057522687,-0.05329884242032014,-0.02892781420204252,0.012715848775872349,7.340468873361529,-0.5144187198579311,0.14430399275208364,-3.477720708361955,1.3859963541748601,1.2009442954807719,1.2954487986066743,0.9850830091931857,0.38287174701690674,0.8806999921798706,0.9850830056588166,0.4953130441533238,0.003003379259135773,0.4983164234124621,2.4980018054066022e-15,0.235703125,0.235703125,0.147578125,0.34181640625,0.04670779705047608,0,0.0,2.0,0.12008540822411398,0,117,625,ref,8807,0.8807,4.724661827087402,1.2223440408706665,8936,0.8936,7ea02159eb69010457b0b8b4e489516108defd439bb1900b7b3b3c412bfc9499,,174.72577026207,1035132,1094728,15,P06c_k1,17
-3.8188191581235027,2.4697752986839374,3.2510376061108546,0.0883984375,-3.5208080797184267,2.155588399773497,2.070823653009985,0.09334716796875,1.2042550761507547,3.510998109258113,-0.06869183617080363,-0.029201899005748738,0.012792992088509852,7.365388921883837,-0.5192688576877117,0.1464809737084357,-3.5106474937451484,1.4020371025508656,1.2208186277854185,1.2970093207317297,0.9889023863105103,0.3726401627063751,0.8737999796867371,0.9889023893303238,0.4949032518921534,0.003352613784901827,0.49825586567705393,1.27675647831893e-15,0.23478515625,0.23478515625,0.14484375,0.33970703125,0.04916130900382996,0,0.0,2.0,0.13098750471517837,0,118,625,ref,8738,0.8738,5.526699542999268,1.3048378229141235,8950,0.895,735244be7b1f55b0bb08ab86240501b4a6181416c9cbff1e70331ebdfff56c6e,,176.2746739310678,1031568,1094728,15,P06c_k1,17
-3.5600607388997054,2.4198775249299262,2.240486809903793,0.091796875,-3.505216606294711,2.1514716841874444,1.8107760601624048,0.09189208984375,1.1645541283600886,3.5297366483769306,-0.06546036887666147,-0.028988944554446335,0.011939195015906989,7.387182398805503,-0.5218132980167866,0.14591365440272472,-3.491377346058768,1.3131711405126665,1.2457757936806195,1.2982628999436416,0.9938871975359507,0.3732723891735077,0.8798999786376953,0.9938871981273405,0.4945613743959818,0.003778927214193928,0.4983403016101719,3.83026943495679e-15,0.23078125,0.23078125,0.1449609375,0.33537109375,0.049370551109313966,0,0.0,2.0,0.14398988770608184,0,119,625,ref,8799,0.8799,5.860792636871338,1.6323742866516113,8755,0.8755,84a4762d73886a2fe722089508de61c98567008e566b609a864307df8f5477b7,,177.86716985807288,1065508,1094728,15,P06c_k1,17
-3.404845601330666,2.4687039154384394,3.734060438825675,0.1258984375,-3.4983033190942363,2.1626528880841813,1.9898208681295078,0.09517578125000001,1.179677647659456,3.5636667602202174,-0.06627689354082233,-0.028909206519685416,0.012646168084888033,7.415563347472409,-0.524020034223795,0.1489559963114516,-3.485415892463529,1.3883581318761589,1.297842025406315,1.3031323324698583,0.9889741982356646,0.38776126503944397,0.8802000284194946,0.9889741945872084,0.4976829894200816,0.0037360230483915007,0.5014190124684758,2.6645352591003757e-15,0.23513671875,0.23513671875,0.14859375,0.33873046875,0.0486147165298462,0,0.0,2.0,0.230496876847546,0,120,625,ref,8802,0.8802,3.895857810974121,1.2009143829345703,9066,0.9066,a97c34b3be5d1e72d88de5f22c9fbbe0011a8bd02e8923fd0f981561a920a707,,179.32558805507142,1096132,1094728,15,P06c_k1,17
