zbar_cur,sigma_cur,between_cur,pos_frac,zbar_inv,sigma_inv,between_inv,pos_frac_inv,var_off,var_wid,var_cross,rowmean,rowmean_sd,cnorm,bias,bias_sd,star,star_sd,eps_max,w2col,gate_mean,ce_probe,acc,gbar,gvar_mean,gbar_var,pooled_var,g3_ident,cov,cov_abs,cov10,cov50,q10_med,hard_dead,gmin,gmax,task,step,clamp,ce0,ce20,lr,n_steps,epochs,hit_cap,theta_task,theta_ratio,ce625,w2_fro,arm,seed,omega_step,step_norm,turn_eff,S2,rho_mean,drift2_net,diff2_net
0.6707528644003935,1.0133690251396708,0.29464669164364626,0.70724609375,0.24133172687561782,0.3293416585352491,0.2643446909857714,0.64385009765625,0.029234829944530222,0.08207519504991874,-0.0028440969477003435,0.002123234984796907,0.005078851251252093,1.1423046624917501,0.016719155711180066,0.03454346138723763,0.23421870160033123,0.523141168296588,0.16609380242312627,0.7702042758191583,0.7365214848112374,0.36980247497558594,0.909600019454956,0.7365214848112374,0.14244593878306966,0.025263796528128137,0.16770973531128583,8.804068585277491e-14,0.29275390625,0.29275390625,0.0,0.29275390625,0.10000000149011612,0,0.10000000149011612,1.0,1,625,ref,2.303300619125366,1.9582167863845825,0.001,625,1,0,1.0352526052646356,0.0,0.36980247497558594,7.738629275688666,P1,1,,,,,,,
-0.06014364647078911,1.1664834771349797,1.1588715271844832,0.46716796875,0.02219900095805005,0.4545731877077622,0.6234413099130964,0.47857177734375,0.057975886506069864,0.15245429108661987,-0.0037933946098933123,0.00016193375324321258,0.007750334113713957,1.5275877916908243,0.015352547818329185,0.045474669293594845,0.03194068716546486,0.7855259072702983,0.18247678904741282,0.8402085946462592,0.5204511726689816,0.35184794664382935,0.9114999771118164,0.5204511726689816,0.12577151485757193,0.07585535123120626,0.20162686608876126,1.6930901125533637e-14,0.53283203125,0.53283203125,0.0,0.53283203125,0.10000000149011612,0,0.10000000149011612,1.0,2,625,ref,3.9994699954986572,1.0290125608444214,0.001,625,1,0,0.7672676784049008,0.0,0.35184794664382935,8.482585225888005,P1,1,,,,,,,
-0.3833169592146899,1.2391724867974585,1.2650351081533948,0.3776171875,-0.28506204700668275,0.5298919199318848,0.6899994892990153,0.37034912109375,0.07004748024660624,0.21271807729873843,-0.001980110736245766,-0.0027219260257016513,0.008074504419473681,1.803232204567807,0.012772587218787521,0.05513490961584798,-0.2660555588757434,0.8113948618871636,0.2870351897994713,0.897309909276529,0.4398554696774227,0.2578400671482086,0.9204999804496765,0.4398554696774227,0.12004928930584163,0.07031889229949682,0.19036818160529687,4.160560784782774e-14,0.6223828125,0.6223828125,0.0,0.6223828125,0.10000000149011612,0,0.10000000149011612,1.0,3,625,ref,4.3326921463012695,1.2685191631317139,0.001,625,1,0,0.6053681280905946,0.0,0.2578400671482086,9.09552066199344,P1,1,,,,,,,
-0.75403099502761,1.253895436481739,1.5831739057166505,0.2890234375,-0.5778984610038865,0.6090546217748167,0.8178602635568414,0.27475830078124996,0.10313458574919743,0.26589454447804917,0.0019184020780185162,-0.005459262318358704,0.00878059361413948,2.0021592651713784,0.01042773637920618,0.06503946281059479,-0.5488071498368144,0.8739926063244106,0.28347684052745803,0.9564345729685454,0.36012109480943766,0.26746055483818054,0.920799970626831,0.36012109480943766,0.09611884199738886,0.07032715841275075,0.16644600041016297,2.3342439092743916e-14,0.7109765625,0.7109765625,0.0,0.7109765625,0.10000000149011612,0,0.10000000149011612,1.0,4,625,ref,3.70947265625,1.4779529571533203,0.001,625,1,0,0.4853346755795726,0.0,0.26746055483818054,9.730569180953111,P1,1,,,,,,,
-0.8140402829110479,1.2613784174322942,1.6017123459145526,0.2705859375,-0.7407931798086602,0.6694767003262869,0.9675106967326608,0.2380615234375,0.1325830410370163,0.3106125447169624,0.005003466525794229,-0.006979763556343328,0.009418575075824148,2.1633196257931844,0.012671340385568329,0.07287917361610938,-0.7023203655670962,0.9380348459142522,0.3268828286217104,1.0100473019857703,0.34352734483691166,0.2585901618003845,0.9217000007629395,0.34352734483691166,0.09559059187706778,0.06427844981461614,0.1598690416917802,9.62840918106167e-14,0.7294140625,0.7294140625,0.0,0.7294140625,0.10000000149011612,0,0.10000000149011612,1.0,5,625,ref,3.1106345653533936,1.2627471685409546,0.001,625,1,0,0.42857887771248876,0.0,0.2585901618003845,10.28645659092904,P1,1,,,,,,,
-1.0495616151415963,1.2907468591728932,1.2862713132578576,0.2183984375,-0.9522779996352224,0.7247729218421424,1.0023328721056302,0.1986083984375,0.16296100153566911,0.35498253425893395,0.007352252440993108,-0.008931416693514889,0.009441620656748109,2.3140696682086523,0.01234644789597951,0.07973083393268209,-0.9025683349216581,0.9368603622893406,0.41754604891212854,1.0527616524153602,0.29655859491467707,0.2531431317329407,0.9204999804496765,0.29655859491467707,0.09157099655346407,0.046696456586703815,0.13826745314015315,1.4738210651898953e-14,0.7816015625,0.7816015625,0.0,0.7816015625,0.10000000149011612,0,0.10000000149011612,1.0,6,625,ref,3.748321056365967,1.4094247817993164,0.001,625,1,0,0.3881701854535832,0.0,0.2531431317329407,10.718913542896933,P1,1,,,,,,,
-1.2359738458234362,1.330890731377988,1.5722303133128201,0.20109375,-1.1242465626833569,0.7766106790485041,1.0722967215913157,0.1700244140625,0.1972400425500001,0.39472268194941046,0.01116142231276802,-0.010483961883275375,0.009722771955340766,2.442377528245886,0.012594132244121283,0.08534079596830471,-1.0613599826131546,0.9702419932885764,0.48016576722194704,1.0929101234781435,0.28098437619046307,0.2689855098724365,0.926800012588501,0.28098437619046307,0.08091972400572656,0.04921086906922241,0.1301305930749203,2.864375403532904e-14,0.79890625,0.79890625,0.0,0.79890625,0.10000000149011612,0,0.10000000149011612,1.0,7,625,ref,3.7637274265289307,1.3738343715667725,0.001,625,1,0,0.3577851263600353,0.0,0.2689855098724365,11.155964873751927,P1,1,,,,,,,
-1.3029607604319882,1.3507906318577656,1.414284842284241,0.1853125,-1.2573830854585435,0.8168790837023379,1.1266560124668645,0.1505908203125,0.23317398887547186,0.42513469722459196,0.008982751290307324,-0.011859873627483893,0.010051659501830654,2.556176238661052,0.013551256421487778,0.08730552676346605,-1.2013482468132912,1.0042424325462413,0.46302303903105213,1.1305234706642762,0.266781251213979,0.259158194065094,0.9223999977111816,0.266781251213979,0.07952240726841024,0.042764731975089385,0.12228713924356063,6.100675520315235e-14,0.8146875,0.8146875,0.0,0.8146875,0.10000000149011612,0,0.10000000149011612,1.0,8,625,ref,3.1883811950683594,1.357413411140442,0.001,625,1,0,0.34224204662268887,0.0,0.259158194065094,11.535251138601472,P1,1,,,,,,,
-1.4495006392961158,1.3923254433882564,1.5490522565682634,0.183671875,-1.3767188188302149,0.8668662818199697,1.2804129371662694,0.147119140625,0.26977549459939737,0.4711876693251969,0.010493986631784656,-0.013033349053208883,0.010476780551766965,2.675103462323689,0.015827104984782635,0.09319976102920695,-1.3192806531227736,1.0509154745536844,0.531747535657165,1.166507760701633,0.2653046887164237,0.24807342886924744,0.9261000156402588,0.2653046887164237,0.077671368913944,0.043777209724422284,0.1214485786382275,1.3877787807814457e-13,0.816328125,0.816328125,0.0,0.816328125,0.10000000149011612,0,0.10000000149011612,1.0,9,625,ref,3.3676319122314453,1.4719732999801636,0.001,625,1,0,0.33328107837834053,0.0,0.24807342886924744,11.886549863053053,P1,1,,,,,,,
-1.4924778031114392,1.4422221790925918,1.4252724624718847,0.17958984375,-1.4659211153785572,0.8993202188375423,1.2100594032669032,0.14047851562500002,0.2820336782824869,0.5172867588333566,0.00945641889416136,-0.013829972083213762,0.010053307839688672,2.793007298795362,0.017340591235551983,0.09805545144743885,-1.3993714869362173,1.0053795107344263,0.6111321826446245,1.2083063748154508,0.2616308605975064,0.268420547246933,0.9211999773979187,0.2616308605975064,0.08230267268583949,0.03704056565416997,0.11934323833999465,1.4807599590938025e-14,0.82041015625,0.82041015625,0.0,0.82041015625,0.10000000149011612,0,0.10000000149011612,1.0,10,625,ref,3.5243079662323,1.4666314125061035,0.001,625,1,0,0.32530242389890285,0.0,0.268420547246933,12.285014511689969,P1,1,,,,,,,
-1.5633724039715744,1.4274322022761299,1.5728319760844198,0.168046875,-1.5169699148672757,0.9255761840418717,1.2498005485824826,0.13854248046875,0.3004325056047289,0.5488374735149527,0.0074212933458311535,-0.014367792428763706,0.01024571388365996,2.891699876901719,0.018421108623151668,0.10184770673194365,-1.4533841089159723,1.0268990326675753,0.6516769092052885,1.2432677385595958,0.2512421887397068,0.2470536231994629,0.926800012588501,0.2512421887397068,0.07701488774546356,0.036228881349759365,0.11324376909530035,7.742417817979685e-14,0.831953125,0.831953125,0.0,0.831953125,0.10000000149011612,0,0.10000000149011612,1.0,11,625,ref,3.437645196914673,1.5161552429199219,0.001,625,1,0,0.29427974556685677,0.0,0.2470536231994629,12.635102810980362,P1,1,,,,,,,
-1.6166982634798344,1.4760371935398402,1.7298228519538634,0.179765625,-1.559040756646433,0.9574842503414455,1.294206173600432,0.136728515625,0.3197835596925956,0.5873103025605932,0.0096822273987308,-0.014905232255603734,0.010454671862670427,3.0025254745984795,0.020128534995019435,0.104978606802642,-1.5067308424074466,1.0500710164715648,0.6935298509873546,1.281070434235881,0.2617890637222445,0.25488510727882385,0.9225999712944031,0.2617890637222445,0.08028734409449054,0.03914711101538901,0.11943445510993594,5.639932965095795e-14,0.820234375,0.820234375,0.0,0.820234375,0.10000000149011612,0,0.10000000149011612,1.0,12,625,ref,3.0453124046325684,1.478495717048645,0.001,625,1,0,0.30352309408003714,0.0,0.25488510727882385,12.977655696196095,P1,1,,,,,,,
-1.744015559310377,1.511852767568443,1.76581727298109,0.16748046875,-1.6376726751571868,0.9945763315649436,1.3567954903276886,0.13080322265625,0.3492905876721794,0.6330719534071207,0.006819538229880546,-0.015727212916703683,0.010710083343089384,3.1065184457257558,0.01914605968631804,0.10730056819005117,-1.5919152180234775,1.0770265256077582,0.6397433061853104,1.3105295688350345,0.2507324231155508,0.2577325999736786,0.9176999926567078,0.2507324231155508,0.0759232552875305,0.03701566102168409,0.11293891630927101,5.642708522657358e-14,0.83251953125,0.83251953125,0.0,0.83251953125,0.10000000149011612,0,0.10000000149011612,1.0,13,625,ref,3.622265100479126,1.5144888162612915,0.001,625,1,0,0.2928233738063781,0.0,0.2577325999736786,13.254845041813825,P1,1,,,,,,,
-1.7436111201052895,1.481594293375815,2.0934878303791598,0.17806640625,-1.6833731081377814,1.0297164083502652,1.4308467307684294,0.140400390625,0.3713418080000412,0.6818504967749028,0.007123576850826274,-0.016184166747480612,0.01108966494933511,3.200026170893425,0.02059266914089676,0.10970717985363583,-1.6372779591108486,1.1188345217366145,0.6211039168355033,1.336956068976644,0.2602597668497765,0.22371475398540497,0.930899977684021,0.2602597668497765,0.07644755032973966,0.042103045862015576,0.11855059619182551,7.027711745877241e-14,0.82193359375,0.82193359375,0.0,0.82193359375,0.10000000149011612,0,0.10000000149011612,1.0,14,625,ref,3.067147970199585,1.3273875713348389,0.001,625,1,0,0.27597118829883704,0.0,0.22371475398540497,13.515828307475033,P1,1,,,,,,,
-1.8468967315547054,1.5393424685367016,1.8880834018350816,0.16568359375,-1.7156125433406328,1.0481244173291566,1.2842635735439094,0.13013916015625,0.3719005481513095,0.7230894350391622,0.0035748110111120317,-0.01645844466940882,0.010705450644089749,3.2996101293751665,0.021580172505928204,0.11142714844137123,-1.6643868859073196,1.0828552477709452,0.6497059788869977,1.374190906771496,0.24911523561822832,0.2581666111946106,0.9248999953269958,0.24911523561822832,0.07694366544040154,0.035024692003618706,0.11196835744395775,6.250555628639631e-14,0.83431640625,0.83431640625,0.0,0.83431640625,0.10000000149011612,0,0.10000000149011612,1.0,15,625,ref,3.662320375442505,1.6424860954284668,0.001,625,1,0,0.27805337964464605,0.0,0.2581666111946106,13.87790193636077,P1,1,,,,,,,
-1.7700716958900806,1.5370787933159722,2.203579776224698,0.17658203125,-1.6961667349543688,1.0713913909392954,1.3984390397303539,0.14623779296875,0.38551847370742065,0.7620677310964493,0.00029330777496809624,-0.016484260977370595,0.011308034286534376,3.380992469392001,0.024393222738290206,0.11265727166378836,-1.6642184017726465,1.138335913985483,0.663484212703645,1.3961140344536254,0.2589238293519884,0.2673133909702301,0.9205999970436096,0.2589238293519884,0.07552403959061027,0.042250622185989795,0.11777466177651594,8.412714969097124e-14,0.82341796875,0.82341796875,0.0,0.82341796875,0.10000000149011612,0,0.10000000149011612,1.0,16,625,ref,3.912928342819214,1.3776345252990723,0.001,625,1,0,0.25279941207242274,0.0,0.2673133909702301,14.10025881172141,P1,1,,,,,,,
-1.828782623477357,1.5921558892008134,2.2351566223694035,0.1807421875,-1.7292680084586742,1.0903213515795744,1.4473892318116883,0.1505126953125,0.3938527628149541,0.7899829317675366,0.004964955127818605,-0.0167194626494654,0.011344638874399396,3.469360916912499,0.02323871299624443,0.11378025082351458,-1.6894664561478978,1.1401791938898118,0.6780380411323068,1.4256527274198119,0.2626679699707893,0.2144530713558197,0.9241999983787537,0.2626679699707893,0.08261571093858708,0.03732459248199531,0.11994030342064362,6.122879980807738e-14,0.8192578125,0.8192578125,0.0,0.8192578125,0.10000000149011612,0,0.10000000149011612,1.0,17,625,ref,3.4798073768615723,1.4617143869400024,0.001,625,1,0,0.26973466920425615,0.0,0.2144530713558197,14.387551704111996,P1,1,,,,,,,
-1.8586514763046944,1.5940769777676722,2.265261816024092,0.177421875,-1.7171458772682402,1.1053590949006074,1.4607165664625235,0.15115234375,0.39705623289283176,0.8294795446028167,-0.0047170488161586335,-0.01666930049833677,0.011562706639049873,3.554155406963897,0.02378077501547523,0.11527962484161577,-1.683785893129286,1.1602624531983208,0.7137991227464894,1.4502615422882605,0.25967968872573693,0.2356494665145874,0.9269000291824341,0.25967968872573693,0.07764009907762176,0.04057401668082997,0.11821411575840861,4.311828671887952e-14,0.822578125,0.822578125,0.0,0.822578125,0.10000000149011612,0,0.10000000149011612,1.0,18,625,ref,4.065985202789307,1.4253379106521606,0.001,625,1,0,0.25674278541950907,0.0,0.2356494665145874,14.63467651947161,P1,1,,,,,,,
-1.8265830601877857,1.6358720378640859,1.895448464382175,0.1787109375,-1.768860519274283,1.1208011948627192,1.2371089737086232,0.1347412109375,0.3941385996373325,0.8671789331696337,-0.005122214401266982,-0.017069913917595138,0.010823843149861545,3.638437874300285,0.02257813006057404,0.11557392543656501,-1.7260265001513628,1.0757133936016505,0.7470890556199585,1.479249283988526,0.26083984497381607,0.24467512965202332,0.9262999892234802,0.26083984497381607,0.08745240068087182,0.031434002962927005,0.11888640364384154,4.27158308724529e-14,0.8212890625,0.8212890625,0.0,0.8212890625,0.10000000149011612,0,0.10000000149011612,1.0,19,625,ref,4.426596164703369,1.439124345779419,0.001,625,1,0,0.2487933205308791,0.0,0.24467512965202332,14.907684128433228,P1,1,,,,,,,
-2.0073835290680604,1.6416237624532515,1.9264032517901597,0.15732421875,-1.8746849766250415,1.1544963361683804,1.1668278673221466,0.12296630859375,0.4175569815386646,0.9172111694740699,-0.001906360786520561,-0.018033517403935873,0.010373220813398594,3.7163948253020607,0.020195833096513526,0.11806118306554049,-1.8271182297486468,1.0451671393143829,0.7373998195569913,1.5030362000182607,0.24159179813068477,0.2653149962425232,0.9180999994277954,0.24159179813068477,0.06968022628598669,0.037704153603632745,0.10738437988955143,6.800116025829084e-14,0.84267578125,0.84267578125,0.0,0.84267578125,0.10000000149011612,0,0.10000000149011612,1.0,20,625,ref,4.409097194671631,1.7663615942001343,0.001,625,1,0,0.24481809727921328,0.0,0.2653149962425232,15.138195216488777,P1,1,,,,,,,
-1.9639735569640604,1.670645254585865,2.243020061048828,0.17205078125,-1.94404184005758,1.1835528678907261,1.320682118466635,0.1252099609375,0.45083587630522426,0.951707525084702,-0.001746010297563837,-0.01861632296227462,0.010988113649521179,3.790552744584969,0.01711780179757625,0.11888868190118179,-1.8898975871786976,1.1170715885225555,0.6474377292847058,1.5218006600252136,0.2548457043587405,0.27538564801216125,0.9215999841690063,0.2548457043587405,0.07989205257663444,0.035491888077511094,0.11538394065410512,4.04121180963557e-14,0.82794921875,0.82794921875,0.0,0.82794921875,0.10000000149011612,0,0.10000000149011612,1.0,21,625,ref,3.709425210952759,1.538266897201538,0.001,625,1,0,0.25415945757849906,1.0053799393555816,0.27538564801216125,15.32728311808638,P1,1,,,,,,,
-1.9297982295077327,1.6771062816234952,2.054976143643921,0.17384765625,-1.9508441878656253,1.2040138668319156,1.4518235047569137,0.12659912109375002,0.458539381251513,0.9834255729347859,0.007684437337242555,-0.01861117832996541,0.011354078476967485,3.87022254755026,0.018117268219357358,0.12030655301024856,-1.8883711158803806,1.1550878025950602,0.6468453891798649,1.5474154817723496,0.2564628918560629,0.2355852723121643,0.9253000020980835,0.2564628918560629,0.07872079327265158,0.03761517176188642,0.11633596503447201,6.598888102615774e-14,0.82615234375,0.82615234375,0.0,0.82615234375,0.10000000149011612,0,0.10000000149011612,1.0,22,637,ref,3.633394241333008,1.2637468576431274,0.001,637,2,0,0.23311539719672095,0.9221358360198137,0.2355852723121643,15.568638765231073,P1,1,,,,,,,
-1.9978849813983692,1.6715234207673526,1.9725513967384962,0.15962890625,-1.9888261702253778,1.2306314797680453,1.5339722054305929,0.12943115234375,0.47833652182679764,1.0217958463918102,0.014321470777481115,-0.018999240056275728,0.011612076364201402,3.940511332468219,0.018693560519022868,0.12146895535957761,-1.9275470176872602,1.1845708090271059,0.716151628715378,1.5680695257692594,0.2436660168772505,0.24578355252742767,0.9225999712944031,0.2436660168772505,0.07795480587894783,0.030704683778177734,0.10865948965708817,3.740063814205996e-14,0.84037109375,0.84037109375,0.0,0.84037109375,0.10000000149011612,0,0.10000000149011612,1.0,23,651,ref,3.8310446739196777,1.5100988149642944,0.001,651,2,0,0.23529548490031865,0.9307596207261372,0.24578355252742767,15.7783999422774,P1,1,,,,,,,
-1.9832529721900307,1.7520148184856519,2.578425553931693,0.1840234375,-2.0279958732689067,1.2578507679393416,1.6755378367228804,0.1312158203125,0.5036545422172313,1.0580427440351152,0.020491268153244428,-0.019228038418035137,0.01234248494025779,4.017149415486297,0.0196185531525407,0.12242808664384648,-1.9500596285875844,1.2665752379199722,0.7344177807449359,1.5911944919758256,0.2656210949658998,0.26624706387519836,0.9222999811172485,0.2656210949658998,0.08276730166684487,0.0388613356104515,0.12162863727721382,8.254508188088039e-14,0.8159765625,0.8159765625,0.0,0.8159765625,0.10000000149011612,0,0.10000000149011612,1.0,24,663,ref,3.7510826587677,1.478965163230896,0.001,663,2,0,0.23343891249988996,0.9234155672522437,0.26624706387519836,16.0081871400501,P1,1,,,,,,,
-2.0048936083853963,1.7034039341029346,2.2795585100632842,0.17095703125,-2.0242902199890684,1.2688980644202983,1.5994556253834162,0.13273193359375,0.5004909226112498,1.0953152878455767,0.014296087432752388,-0.019205431586228464,0.012244451737916065,4.092775542110012,0.02338111736578867,0.12510382737258785,-1.9439812699911658,1.2590350065873102,0.755787924287175,1.6117017555630546,0.2538613293603703,0.23961909115314484,0.9212999939918518,0.2538613293603703,0.0775434159572144,0.037258470682745286,0.11480188663986465,9.50350909079134e-14,0.82904296875,0.82904296875,0.0,0.82904296875,0.10000000149011612,0,0.10000000149011612,1.0,25,676,ref,3.7140538692474365,1.3700863122940063,0.001,676,2,0,0.22843356959250513,0.9036159052737939,0.23961909115314484,16.21208246737931,P1,1,,,,,,,
-2.1418433552212663,1.7800077219301527,2.977111823194818,0.18234375,-2.166583758613945,1.3176307023405824,1.8183320990072955,0.13217529296875,0.5711136114413095,1.1418196273116206,0.023217428997606815,-0.020555414671460333,0.013017405804068214,4.165709881061749,0.02162176335346885,0.12229380627480434,-2.0840299372911777,1.3327740785910316,0.8089947805630191,1.639604660156003,0.26410937621840275,0.2701064646244049,0.9273999929428101,0.26410937621840275,0.07608939946727819,0.04467715066992857,0.120766550137263,5.6246673985071993e-14,0.81765625,0.81765625,0.0,0.81765625,0.10000000149011612,0,0.10000000149011612,1.0,26,688,ref,3.5586585998535156,1.3353476524353027,0.001,688,2,0,0.2234374446340992,0.8838527067859168,0.2701064646244049,16.485675992001536,P1,1,,,,,,,
-2.120123245043141,1.7740564674247765,3.0229053825435326,0.1858203125,-2.133505854047692,1.3263802602889234,1.904177968359968,0.13980224609375003,0.5611735665823453,1.1749407377589574,0.02317029054280928,-0.020191019623383676,0.013190810109549672,4.233812462023746,0.02185473635006929,0.12409219632365157,-2.0464691329200817,1.3596331699380297,0.8547644464588113,1.6539340174666919,0.2672382824632223,0.24712024629116058,0.9189000129699707,0.2672382824632223,0.08041767627789685,0.04212813372585468,0.12254581000381537,6.38378239159465e-14,0.8141796875,0.8141796875,0.0,0.8141796875,0.10000000149011612,0,0.10000000149011612,1.0,27,701,ref,4.142134189605713,1.2449448108673096,0.001,701,2,0,0.21884229982134484,0.8656756676263561,0.24712024629116058,16.621742285757485,P1,1,,,,,,,
-1.9481317065538177,1.7586982105208104,3.5079845697631304,0.2086328125,-2.132530150850566,1.3480807862130109,2.1716155980714906,0.14600830078125,0.5885745503619064,1.2070950508494662,0.021652204945316736,-0.020292382640410552,0.014081760077970712,4.302971811695922,0.023319541382370516,0.12332840116246122,-2.0553877335546797,1.452862021707918,0.9723952083787117,1.6822132795248246,0.287769532429229,0.2425745576620102,0.9264000058174133,0.287769532429229,0.08007296650120628,0.05366221431510247,0.1337351808163079,8.604228440844963e-16,0.7913671875,0.7913671875,0.0,0.7913671875,0.10000000149011612,0,0.10000000149011612,1.0,28,712,ref,3.797604560852051,1.235404372215271,0.001,712,2,0,0.21557530958011795,0.8527524166803018,0.2425745576620102,16.911195744423544,P1,1,,,,,,,
-2.0985081357111515,1.8353196659608877,2.9511163486453196,0.18994140625,-2.1269155336842562,1.3638109484471346,2.1603295195841,0.14919921875000003,0.5795115543498733,1.250461851112105,0.030006897642293646,-0.02022919203340356,0.013836995995752562,4.379939139982753,0.026092911761952563,0.12311659208836882,-2.0461412556637337,1.4203790272163317,1.0209142646227565,1.7053069452301266,0.27094726683208137,0.2205590456724167,0.9275000095367432,0.27094726683208137,0.07938907787737225,0.04524049314776893,0.1246295710251299,1.1268763699945339e-14,0.81005859375,0.81005859375,0.0,0.81005859375,0.10000000149011612,0,0.10000000149011612,1.0,29,724,ref,4.904071807861328,1.3493517637252808,0.001,724,2,0,0.22185349644256866,0.8775870743679238,0.2205590456724167,17.138742130106092,P1,1,,,,,,,
-2.1323493788161145,1.8330887813554833,3.1242467133161576,0.1851171875,-2.1431966550894312,1.3742980815032078,2.107891539659219,0.14643798828125,0.5879294935537913,1.2844143118516251,0.016351411417980275,-0.020485881872609083,0.01377449750638343,4.443474683786927,0.023727329415269196,0.1242931750279317,-2.0748015834631444,1.411569455308646,1.0138983558277965,1.71800634959438,0.26660546996427004,0.22376015782356262,0.9225999712944031,0.26660546996427004,0.07927218677973685,0.04291535247324789,0.1221875392530635,7.875644580934704e-14,0.8148828125,0.8148828125,0.0,0.8148828125,0.10000000149011612,0,0.10000000149011612,1.0,30,737,ref,3.6222763061523438,1.2667392492294312,0.001,737,2,0,0.219292643835892,0.8674570958775346,0.22376015782356262,17.257785114281866,P1,1,,,,,,,
-2.012022307801824,1.8612647247020675,3.23010166357858,0.205625,-2.1263938030466836,1.3876427687194997,2.0993387049487096,0.14544677734375,0.5874723535854994,1.3295564583500867,0.008523641643932189,-0.020465224603342255,0.013787997645307155,4.514732288086032,0.02379600752145052,0.12561622496441707,-2.0726168198944417,1.4127015743246303,1.072444849238865,1.735021386313208,0.285062501183711,0.24292941391468048,0.9221000075340271,0.285062501183711,0.08744776582370939,0.04486035483191956,0.13230812065557548,5.345723863570129e-14,0.794375,0.794375,0.0,0.794375,0.10000000149011612,0,0.10000000149011612,1.0,31,747,ref,3.9006874561309814,1.3989111185073853,0.001,747,2,0,0.2186744739240044,0.8650117978176226,0.24292941391468048,17.42059670431945,P1,1,,,,,,,
-2.2974578714161735,1.8714609658343344,3.170021390467488,0.16556640625,-2.2753720593527254,1.4279749578741747,2.266644024640198,0.13842041015625,0.6632007868333184,1.3727890931825761,0.0031226002998563794,-0.022055008347908876,0.014177654964549426,4.584438365846284,0.02381905719637871,0.12731224956171264,-2.2354477383300053,1.455044366707211,1.0247898132198172,1.7555159959481914,0.24900976686840295,0.28237801790237427,0.9261999726295471,0.24900976686840295,0.07679158032737976,0.03511329811294443,0.1119048784403952,7.101264021258658e-14,0.83443359375,0.83443359375,0.0,0.83443359375,0.10000000149011612,0,0.10000000149011612,1.0,32,759,ref,4.081672668457031,1.5546027421951294,0.001,759,2,0,0.21700011568717337,0.8583885298950241,0.28237801790237427,17.627113272246348,P1,1,,,,,,,
-2.2825977798198314,1.9535241877120906,3.790749697335363,0.18517578125,-2.2954713994310403,1.4550124545997607,2.5059627106391154,0.1429541015625,0.6850988514774485,1.421228112879208,0.010734278683763879,-0.022116211203599252,0.014866087424103277,4.66013626543471,0.020183911498170348,0.12768621868373914,-2.245352370644198,1.5255589460931371,0.9325760782404271,1.7793634714198987,0.2666582043391827,0.27757519483566284,0.9150000214576721,0.2666582043391827,0.08767410134847264,0.034543324390466604,0.12221742573895585,1.659783421814609e-14,0.81482421875,0.81482421875,0.0,0.81482421875,0.10000000149011612,0,0.10000000149011612,1.0,33,771,ref,3.303522825241089,1.4612715244293213,0.001,771,2,0,0.2259625968614115,0.8938414650927948,0.27757519483566284,17.866455469346803,P1,1,,,,,,,
-2.356714190953997,1.9609271945262243,2.88835767747083,0.1640625,-2.298852185244885,1.468342109603754,2.3371698615792993,0.13624511718750001,0.6715223784030988,1.4679000533895743,0.01660611904292955,-0.02226084173000872,0.014160149033842273,4.735314341018339,0.021209724734071643,0.13034897731522258,-2.2591421920606143,1.4590446043955234,0.9490282772603885,1.802427605644612,0.24765625124564394,0.23771841824054718,0.9199000000953674,0.24765625124564394,0.0781665570531734,0.0329216994149099,0.11108825646803439,4.8905324234738146e-14,0.8359375,0.8359375,0.0,0.8359375,0.10000000149011612,0,0.10000000149011612,1.0,34,784,ref,3.4524483680725098,1.6463979482650757,0.001,784,2,0,0.22498473743248254,0.8899733412672187,0.23771841824054718,18.096245462010984,P1,1,,,,,,,
-2.3151103382022127,1.9445409380982115,3.582996456323458,0.1736328125,-2.291289254568112,1.4937955544288086,2.718577801801296,0.14488281249999999,0.7016192711508983,1.510778759397137,0.019027127883236145,-0.022306769362115994,0.015154515793031183,4.809847259895805,0.020657852918084245,0.1291763010616453,-2.264398790013191,1.5621089970047592,0.9495748004790863,1.8226005721746317,0.25626953248138307,0.27516716718673706,0.9251999855041504,0.25626953248138307,0.07888285877809637,0.03733955256495359,0.11622241134311391,6.396272400621683e-14,0.8263671875,0.8263671875,0.0,0.8263671875,0.10000000149011612,0,0.10000000149011612,1.0,35,796,ref,3.9274837970733643,1.473649501800537,0.001,796,2,0,0.22025279311495993,0.8712551635676322,0.27516716718673706,18.291636111439406,P1,1,,,,,,,
-2.436768792665172,1.923182930906241,3.0798118048949528,0.15162109375,-2.410299884424208,1.5187128849377236,2.5080926953955607,0.13365234374999999,0.7394508166569644,1.5519760512516225,0.015061958967275357,-0.023465424521476565,0.014691453087940076,4.879148954709513,0.018704492982942612,0.13108883055470616,-2.385042249163683,1.5142400344129894,0.9792991267987161,1.8423024795724745,0.23645898563918308,0.28962159156799316,0.9275000095367432,0.23645898563918308,0.0715397927776317,0.03265223839819353,0.1041920311759449,1.1966816426678406e-13,0.84837890625,0.84837890625,0.0,0.84837890625,0.10000000149011612,0,0.10000000149011612,1.0,36,809,ref,4.030444622039795,1.3068772554397583,0.001,809,2,0,0.20849022158276712,0.8247258958143392,0.28962159156799316,18.490835325715892,P1,1,,,,,,,
-2.473053659112553,2.0284036840854665,3.1361716130215083,0.159609375,-2.4447028278091345,1.5351065404560902,2.4877409388407536,0.13068359375,0.7511028623011211,1.5987494367665516,0.006699791483392536,-0.023686558645135324,0.014747528862085996,4.9559245363088005,0.01953054642304778,0.13280204164350404,-2.40686869147688,1.519662300223105,1.022293228778441,1.863863035728115,0.24364843875227962,0.2766248881816864,0.921500027179718,0.24364843875227962,0.07152431235470934,0.037124407439323236,0.10864871979410409,7.152611836147571e-14,0.840390625,0.840390625,0.0,0.840390625,0.10000000149011612,0,0.10000000149011612,1.0,37,821,ref,3.4484713077545166,1.4349828958511353,0.001,821,2,0,0.21263708766893238,0.841129676393454,0.2766248881816864,18.70161677488578,P1,1,,,,,,,
-2.48982150613101,2.0157646328263366,3.816653408136598,0.1762109375,-2.4386920318743495,1.5479823175800533,2.3497482833859458,0.12553466796875,0.7477852529450485,1.651453726196348,-0.0029897236008836012,-0.02380858031920506,0.014431055423342163,5.034455636391826,0.018200826901011168,0.13400506795639053,-2.4206980442890775,1.480188167995433,1.0643071559097677,1.8856887368610205,0.25858984497754134,0.26451998949050903,0.9240000247955322,0.25858984497754134,0.07959186832775053,0.03798825211724884,0.11758012044498027,1.9109713811360507e-14,0.8237890625,0.8237890625,0.0,0.8237890625,0.10000000149011612,0,0.10000000149011612,1.0,38,833,ref,5.313906669616699,1.5074608325958252,0.001,833,2,0,0.21792814134395336,0.8620595259989,0.26451998949050903,18.927698365694322,P1,1,,,,,,,
-2.5041637590082972,2.0381649938925963,4.561499183527558,0.183671875,-2.473679573169038,1.5725457745755602,2.485110572282815,0.13310058593750002,0.7672872278264993,1.7048444143280124,0.0007685709809369301,-0.024166614055955805,0.01453592298209894,5.106489521835432,0.017125532737700268,0.13644471685704734,-2.458449531014151,1.499625718090431,0.9924076537182446,1.904025489620422,0.2653046887164237,0.23553964495658875,0.9259999990463257,0.2653046887164237,0.07666313298588617,0.044785445652480126,0.12144857863822756,1.3875012250252894e-13,0.816328125,0.816328125,0.0,0.816328125,0.10000000149011612,0,0.10000000149011612,1.0,39,847,ref,4.276662826538086,1.4293140172958374,0.001,847,2,0,0.20996390368632056,0.8305553480724451,0.23553964495658875,19.1123767869122,P1,1,,,,,,,
-2.6343422381126023,2.115283739137965,3.9798253323958397,0.16587890625,-2.5995284518892374,1.6091632242920204,2.6710269512025144,0.12927001953125,0.8349163273363805,1.7569571601696703,-0.0024672050921604152,-0.025207520160365978,0.015165717637564028,5.1831354687690805,0.012529007662087678,0.1380403191201979,-2.569674199768412,1.5683324684558684,1.0207916155011576,1.9267585095460478,0.24929101686793728,0.2397530972957611,0.9276999831199646,0.24929101686793728,0.07128895430800335,0.040785152037033916,0.11207410634513551,9.825473767932635e-14,0.83412109375,0.83412109375,0.0,0.83412109375,0.10000000149011612,0,0.10000000149011612,1.0,40,859,ref,3.894178628921509,1.4577727317810059,0.001,859,2,0,0.2204608921835944,0.8720783421776159,0.2397530972957611,19.341866672122105,P1,1,,,,,,,
-2.6881560340585553,2.1532511895334885,4.192862271432232,0.1662890625,-2.6147350027368415,1.6273010913284254,2.643407300626619,0.12859130859375,0.8298466066713831,1.8154393954578318,0.0028228397094686455,-0.02515646718586016,0.015076978863209835,5.257070626339098,0.012815962407039479,0.13718430344115506,-2.5641574900265742,1.5448785044171123,0.945554973641225,1.9525419442520267,0.24966015749232612,0.26353245973587036,0.920199990272522,0.24966015749232612,0.07183713431412267,0.040458843570249446,0.11229597788436571,6.411537967210279e-15,0.8337109375,0.8337109375,0.0,0.8337109375,0.10000000149011612,0,0.10000000149011612,1.0,41,872,ref,5.0068817138671875,1.6570732593536377,0.001,872,2,0,0.22083542457715727,0.8735598819901198,0.26353245973587036,19.59546989567704,P1,1,,,,,,,
-2.7364708000496383,2.1114475882037333,4.104125438881173,0.1560546875,-2.6467656104038557,1.6559186934725623,2.967359453828648,0.13693359375,0.8607137513185386,1.8779997356925013,0.0033532323808381837,-0.025370160645739704,0.01576429148746808,5.324938085717331,0.010982532813795843,0.13988963378807043,-2.5878812100568553,1.6196231902195428,1.134014324445346,1.9636542654514613,0.24044922000757651,0.2590465843677521,0.9248999953269958,0.24044922000757651,0.07141808142854743,0.03526023204571593,0.10667831347417774,8.561207298640738e-14,0.8439453125,0.8439453125,0.0,0.8439453125,0.10000000149011612,0,0.10000000149011612,1.0,42,884,ref,4.604316234588623,1.23799467086792,0.001,884,2,0,0.21353438768005112,0.8446791308948026,0.2590465843677521,19.708200268397004,P1,1,,,,,,,
-2.931549925168056,2.2616200009435934,4.651323269233906,0.151328125,-2.773522298524349,1.6915838781566157,3.031183969833531,0.12676513671875,0.9228388326391925,1.9384893402266379,0.00012784397354565603,-0.026388170509254526,0.01613124520708843,5.400763685979177,0.002662296531489119,0.13820837112509404,-2.7004841492008653,1.6503396923182896,1.0744705159924526,1.9860552380335523,0.23619531376461964,0.2871042490005493,0.920799970626831,0.23619531376461964,0.07036281714981524,0.03366380060874158,0.1040266177585264,3.042011087472929e-14,0.848671875,0.848671875,0.0,0.848671875,0.10000000149011612,0,0.10000000149011612,1.0,43,896,ref,3.7372846603393555,1.4890323877334595,0.001,896,2,0,0.2133473357887351,0.843939208717838,0.2871042490005493,19.93381919964637,P1,1,,,,,,,
-2.8860856892492444,2.230941350276823,4.925587182302551,0.1631640625,-2.8552138058016787,1.7238593630809715,3.336304423534737,0.12757080078125002,0.9904270592146398,1.9948233117071856,-0.013559267239892966,-0.02717712335419902,0.01697097484063156,5.46918580741544,-0.004031296381726861,0.13670252307544944,-2.7879963452042125,1.7320486661357335,1.1254819526247988,2.00966062992383,0.24684765749698273,0.25735652446746826,0.925599992275238,0.24684765749698273,0.07167460532296166,0.038924050789687185,0.11059865611254788,1.0097478408965799e-13,0.8368359375,0.8368359375,0.0,0.8368359375,0.10000000149011612,0,0.10000000149011612,1.0,44,908,ref,3.6052355766296387,1.209285855293274,0.001,908,2,0,0.20411416680892047,0.8074155123052471,0.25735652446746826,20.172833588221494,P1,1,,,,,,,
-2.6499951536727675,2.151376203660416,4.162219983814112,0.16599609375,-2.8353547538317305,1.7351711355867174,3.2243252538379235,0.1281396484375,0.9556913403732404,2.0643306482256314,-0.009203118825573463,-0.026820103648247922,0.016470803051654857,5.542690474829137,-0.0032791928498409105,0.14069193421753468,-2.7506719242068294,1.6843477079689462,1.1575824229617004,2.030100022225838,0.24939648561776268,0.26788944005966187,0.9236999750137329,0.24939648561776268,0.07580738385847083,0.0363301421640908,0.11213752602262392,6.228351168147128e-14,0.83400390625,0.83400390625,0.0,0.83400390625,0.10000000149011612,0,0.10000000149011612,1.0,45,920,ref,4.320013046264648,1.6610586643218994,0.001,920,2,0,0.2162053607199866,0.855244713377923,0.26788944005966187,20.365553312558287,P1,1,,,,,,,
-2.9654041802702658,2.281980140801705,5.249675364166881,0.15666015625,-2.9644124113891452,1.769283307787654,3.26603764672914,0.1154150390625,1.023409204356499,2.1130513263177026,-0.006097107458179409,-0.027967526758930036,0.016691750638034703,5.618189217112465,-0.007587058647768572,0.13937898031367904,-2.8725193027308764,1.697111932689445,1.2367621191915674,2.0539516449015256,0.24099414188167428,0.2935156226158142,0.9182999730110168,0.24099414188167428,0.07295231184644067,0.03406306667110961,0.1070153785175466,3.677613769070831e-15,0.84333984375,0.84333984375,0.0,0.84333984375,0.10000000149011612,0,0.10000000149011612,1.0,46,932,ref,4.900765895843506,1.64792799949646,0.001,932,2,0,0.21228016682792586,0.8397178026945379,0.2935156226158142,20.60625839076699,P1,1,,,,,,,
-2.8297438211414847,2.251517222258957,5.3461263195972695,0.17865234375,-2.864296382825902,1.7663507968402512,3.1998494829371866,0.12616943359375,0.9678809328394345,2.154227525718517,-0.002113321059761718,-0.027016251540429276,0.016533674020145273,5.6869444162654466,-0.008593492470972706,0.1419078185632766,-2.7760791847023034,1.683410759265306,0.9894700869847158,2.073736619392356,0.26078711059890336,0.26607802510261536,0.9226999878883362,0.26078711059890336,0.07787119305573836,0.04098471044701765,0.11885590350280256,4.654610030740969e-14,0.82134765625,0.82134765625,0.0,0.82134765625,0.10000000149011612,0,0.10000000149011612,1.0,47,945,ref,3.5019261837005615,1.5195187330245972,0.001,945,2,0,0.20402336812826008,0.807056339473649,0.26607802510261536,20.799904238683485,P1,1,,,,,,,
-2.936720242727808,2.3000410034143455,4.6429841598134995,0.16513671875,-2.907660134533103,1.7931971327518985,3.447576967150336,0.12863525390625,1.0092004354665451,2.2116669827292466,-0.005311461286161594,-0.02742849790526876,0.017139041444597894,5.753362225228256,-0.013639439980033785,0.142288284449371,-2.823354747769257,1.7473525250785673,0.9396144052163298,2.092770647466944,0.24862304811904323,0.26916226744651794,0.9251999855041504,0.24862304811904323,0.07997461483222043,0.03169731692308413,0.11167193175532819,2.3619994848900205e-14,0.83486328125,0.83486328125,0.0,0.83486328125,0.10000000149011612,0,0.10000000149011612,1.0,48,956,ref,3.9807186126708984,1.4656686782836914,0.001,956,2,0,0.19881067458430782,0.7864364594619861,0.26916226744651794,20.989730676722203,P1,1,,,,,,,
-3.0950876940503305,2.3608617533831677,5.414552698166569,0.15109375,-2.923497788635867,1.8216928100113914,3.8445143322215176,0.13001220703125,1.0354733553091169,2.2667427424471027,0.016348596290978762,-0.027384408451252704,0.01798321864824687,5.826531942448979,-0.014919819298665971,0.1408888984747113,-2.8201186998927574,1.8320686609428332,1.0949931312753791,2.109285616852863,0.23598437626496888,0.23438093066215515,0.9228000044822693,0.23598437626496888,0.07516292241956486,0.02873126449226254,0.1038941869118113,1.609823385706477e-14,0.84890625,0.84890625,0.0,0.84890625,0.10000000149011612,0,0.10000000149011612,1.0,49,968,ref,4.5735273361206055,1.55166757106781,0.001,968,2,0,0.21181216963516042,0.8378665436709157,0.23438093066215515,21.15306553878381,P1,1,,,,,,,
-2.9418585123496297,2.3232184414496317,6.010849260101647,0.16791015625,-3.0300340483750983,1.8658059361188228,4.620608445851335,0.13300537109375,1.1515900125785272,2.317436144428892,0.012205634248817427,-0.0283518972434896,0.01974412856070864,5.896640814688869,-0.019369303970597683,0.14335214876126534,-2.9236756194322884,2.0234197527382176,1.1689169189341588,2.129435576367973,0.25111914186491047,0.23592276871204376,0.9214000105857849,0.25111914186491047,0.0724229493604006,0.04074728216411248,0.1131702315245891,7.60225216112076e-14,0.83208984375,0.83208984375,0.0,0.83208984375,0.10000000149011612,0,0.10000000149011612,1.0,50,980,ref,3.6873836517333984,1.4279481172561646,0.001,980,2,0,0.20386723388733238,0.8064387184133478,0.23592276871204376,21.362602414732823,P1,1,,,,,,,
-2.9817832233208583,2.3841955347317407,5.611647245652656,0.17236328125,-2.949586249795986,1.866490453469663,4.345813372439594,0.13605224609375,1.0833952966542784,2.3912697272351027,0.00912158900400622,-0.02758257477993859,0.019030927626051335,5.976164271429997,-0.020747216837480664,0.14265467262489565,-2.846245822524799,1.953645458049926,1.159404505285334,2.148530479921987,0.2551269543582748,0.24249711632728577,0.9261999726295471,0.2551269543582748,0.07583068174047376,0.03971920410355199,0.11554988584397813,4.7628567756419216e-14,0.82763671875,0.82763671875,0.0,0.82763671875,0.10000000149011612,0,0.10000000149011612,1.0,51,992,ref,4.313129901885986,1.5003418922424316,0.001,992,2,0,0.20210949030723172,0.7994856026379159,0.24249711632728577,21.55605316003589,P1,1,,,,,,,
-2.874184333429424,2.313209316355476,5.681548411455593,0.1844921875,-2.9623186987693084,1.8846430042741946,4.7840265108270525,0.14595458984374998,1.105304831217168,2.4392644592814996,0.007309963060993641,-0.027531481778826437,0.019690152299815085,6.0373966060524165,-0.024450267045758665,0.14359420584346574,-2.8447150174982223,2.027313744997862,1.2081980065782187,2.165640116184043,0.2660429699652013,0.2898268699645996,0.9247000217437744,0.2660429699652013,0.07740483372805901,0.04446357027207622,0.12186840400004179,9.343914531001474e-14,0.8155078125,0.8155078125,0.0,0.8155078125,0.10000000149011612,0,0.10000000149011612,1.0,52,1005,ref,3.4689931869506836,1.396026849746704,0.001,1005,2,0,0.1896381713499145,0.750152738866285,0.2898268699645996,21.728872334754495,P1,1,,,,,,,
-2.8699923611797225,2.3600705773528667,5.556571980631929,0.18345703125,-2.940124529940948,1.9052250116944818,5.041555640692071,0.153173828125,1.1288169608400906,2.5159259457917202,-0.01486056144557331,-0.027460144853302126,0.020395982988222247,6.104334276315992,-0.026321692414348945,0.1431696721868661,-2.8392788443118877,2.0910799693615676,1.1620905739114806,2.183635155571175,0.26511132934174386,0.2502281367778778,0.9246000051498413,0.26511132934174386,0.07849844372504804,0.04284000051045418,0.12133844423553891,3.6692870963861424e-14,0.81654296875,0.81654296875,0.0,0.81654296875,0.10000000149011612,0,0.10000000149011612,1.0,53,1015,ref,3.99232816696167,1.367409348487854,0.001,1015,2,0,0.1992535918312832,0.7881885096085605,0.2502281367778778,21.912465292276043,P1,1,,,,,,,
-3.0491007981254317,2.352402112130809,6.602346073764263,0.173203125,-2.979920361233222,1.9160827434679208,4.890828589285857,0.14799072265625002,1.1462404491227327,2.550624099849251,-0.025491469156429872,-0.0280146312352335,0.020082234170992284,6.176605259388627,-0.033188049253076314,0.14750954929637178,-2.9029455728171216,2.0705553160932526,1.1603020326309155,2.2058400567657457,0.2558828137320234,0.2484910488128662,0.9225000143051147,0.2558828137320234,0.07587563985494891,0.040119439778038404,0.11599507963300194,1.4627188349436437e-14,0.826796875,0.826796875,0.0,0.826796875,0.10000000149011612,0,0.10000000149011612,1.0,54,1027,ref,5.3869171142578125,1.570691704750061,0.001,1027,2,0,0.19784049005090304,0.7825986952620961,0.2484910488128662,22.14337220169338,P1,1,,,,,,,
-2.890202913973992,2.463136950125563,6.617139526934242,0.18681640625,-2.948453424070718,1.9234220719931139,4.588449369665041,0.1472216796875,1.0943148459775673,2.6172587418786906,-0.012021120825974629,-0.027589310305943266,0.019316393670685942,6.256805552376062,-0.032578565966687165,0.15011843622947246,-2.8587671441995934,1.9947625743785493,1.0718949258440222,2.2265683476859337,0.268134766836738,0.2534966468811035,0.9197999835014343,0.268134766836738,0.08149657832815721,0.04155541091509853,0.12305198924316929,8.645861804268407e-14,0.81318359375,0.81318359375,0.0,0.81318359375,0.10000000149011612,0,0.10000000149011612,1.0,55,1039,ref,4.057034015655518,1.514477252960205,0.001,1039,2,0,0.2025666997175643,0.8012941883722909,0.2534966468811035,22.343348028826778,P1,1,,,,,,,
-3.0672715416115146,2.4710788868317852,5.5301311760846135,0.16783203125,-3.0063702747984604,1.9457524010594769,4.724930254436987,0.14835205078125,1.1354193998438706,2.675675719404389,-0.025142713019541064,-0.028209190702465615,0.019522829742962256,6.319763779396226,-0.03838956721447175,0.15500902083670445,-2.9280773368767687,2.0265805003917956,1.1221673354060302,2.245394942137563,0.2510488293650269,0.2252282202243805,0.9302999973297119,0.2510488293650269,0.07764909070051679,0.03547910575943822,0.11312819646004868,9.367506770274758e-14,0.83216796875,0.83216796875,0.0,0.83216796875,0.10000000149011612,0,0.10000000149011612,1.0,56,1052,ref,3.401185989379883,1.4541903734207153,0.001,1052,2,0,0.20143748619444587,0.7968273523386892,0.2252282202243805,22.527759231000463,P1,1,,,,,,,
-3.1485886064563284,2.4421240665189727,7.556655578544999,0.17736328125,-2.9594202732023853,1.9623371304733344,5.137496028363634,0.156064453125,1.138806516475662,2.7185984415499904,-0.006637944391332933,-0.027747000974475914,0.020261147926174825,6.381710205653864,-0.03841821107082069,0.15661712978797043,-2.8807602763376123,2.1144000373088434,1.1807956826776151,2.25969915639426,0.2596269543508242,0.2344941347837448,0.9298999905586243,0.2596269543508242,0.07341765150554429,0.044765841751635574,0.11818349325711658,6.328271240363392e-14,0.82263671875,0.82263671875,0.0,0.82263671875,0.10000000149011612,0,0.10000000149011612,1.0,57,1063,ref,5.265564441680908,1.4912946224212646,0.001,1063,2,0,0.19931996181465186,0.7884510497103138,0.2344941347837448,22.66893772462942,P1,1,,,,,,,
-2.9621171414101677,2.4798528453316924,6.524698981105253,0.189765625,-2.983076392844881,1.976824332495566,4.888980007222763,0.15529541015625,1.1398221962770905,2.770969569527548,-0.00295732425809901,-0.028003261179833004,0.01993189220750383,6.452270516079223,-0.038579353621753396,0.15609182773244112,-2.907172153589942,2.065630052200992,1.1871906142396038,2.274961395047464,0.2707890637073433,0.25562623143196106,0.9241999983787537,0.2707890637073433,0.08444858065297677,0.04009267131499227,0.12454125196799071,2.167710455580618e-14,0.810234375,0.810234375,0.0,0.810234375,0.10000000149011612,0,0.10000000149011612,1.0,58,1073,ref,4.298200607299805,1.5094228982925415,0.001,1073,2,0,0.19803089104525234,0.783351865504022,0.25562623143196106,22.824362291374804,P1,1,,,,,,,
-3.1257783751914077,2.5106244149159056,6.889398839405021,0.1766796875,-3.119540466770004,2.0147615791598272,5.218757665813118,0.15006347656250002,1.2565931711962937,2.825241572799514,-0.02257052313720612,-0.029492808031910584,0.02080082138891321,6.518612153324121,-0.04473419626978284,0.1542076579811228,-3.065912916415091,2.153918554423601,1.2158912458894646,2.2961948187502643,0.25901171997684286,0.2827383875846863,0.9254000186920166,0.25901171997684286,0.08020496723319104,0.03762085255181506,0.11782581978507702,7.091549569793187e-14,0.8233203125,0.8233203125,0.0,0.8233203125,0.10000000149011612,0,0.10000000149011612,1.0,59,1085,ref,3.9795477390289307,1.6169605255126953,0.001,1085,2,0,0.19285496986508113,0.7628774461304184,0.2827383875846863,23.035603740346605,P1,1,,,,,,,
-3.39855364753475,2.596031896626889,8.078140255894834,0.17119140625,-3.3131780048285076,2.0595481674900924,5.351962144408268,0.13923828124999998,1.3578142641884268,2.9085983908500834,-0.024674000826712016,-0.031163500235940694,0.020886721154686486,6.589951948913426,-0.05283885162920342,0.15489849400134736,-3.2451596254327177,2.17003178488081,1.3051149603884895,2.311909062180847,0.25407226686002105,0.24175144731998444,0.9302999973297119,0.25407226686002105,0.07551507886676298,0.0394116967803515,0.11492677564718423,6.974976152207546e-14,0.82880859375,0.82880859375,0.0,0.82880859375,0.10000000149011612,0,0.10000000149011612,1.0,60,1096,ref,4.981358051300049,1.6410826444625854,0.001,1096,2,0,0.19987678896343475,0.7906536938708285,0.24175144731998444,23.193865270003773,P1,1,,,,,,,
-3.3503792696574073,2.597506633935864,6.64899228073393,0.15443359375,-3.359517049062876,2.0790361970830302,5.166606335099374,0.13100830078125,1.3827951345815006,2.971048905084069,-0.03145253088410182,-0.031666024857526384,0.02075030664787552,6.662440219887067,-0.056083286912471525,0.15519518680764624,-3.2998815833527275,2.1540276971601457,1.291842507637087,2.3347420452702368,0.23899023563499214,0.23043619096279144,0.9223999977111816,0.23899023563499214,0.07114700408264332,0.03462592125298606,0.10577292533570015,7.077671781985373e-14,0.84556640625,0.84556640625,0.0,0.84556640625,0.10000000149011612,0,0.10000000149011612,1.0,61,1108,ref,4.52541971206665,1.5987865924835205,0.001,1108,2,0,0.20247835298100747,0.8009447147092291,0.23043619096279144,23.427928585594408,P1,1,0.000723763285084437,0.0048156540629334995,0.2524889001656319,0.0432946875749869,44.240770082895075,11.57877562334578,33.069490818424974
-3.322856903254944,2.5850676937533343,6.899373227416163,0.16646484375,-3.3625700803444545,2.095430003532011,5.216754157569528,0.13203857421875,1.3746411600000303,3.037155495836655,-0.020969756134523718,-0.03160610947680284,0.02063769218728155,6.732814496830705,-0.058457049191347324,0.1548447930693011,-3.2961177451340338,2.1408942367736863,1.288489043673797,2.350531789469894,0.24981836061706417,0.2518429458141327,0.9240000247955322,0.24981836061706417,0.07999445202087543,0.03239653023863987,0.11239098225950606,9.242606680004428e-15,0.83353515625,0.83353515625,0.0,0.83353515625,0.10000000149011612,0,0.10000000149011612,1.0,62,1120,ref,3.3419535160064697,1.4363857507705688,0.001,1120,2,0,0.1945030246464939,0.7693966653323232,0.2518429458141327,23.583068381172826,P1,1,0.00073341356187793,0.004916821340816513,0.23678784234405206,0.04159120043887785,43.04086215425737,10.986630623038765,31.4519709989
-3.4896073893865243,2.637714493818225,7.273189467971522,0.1496875,-3.468858402874888,2.125866376483814,5.3200737714923,0.12626953124999998,1.4355938719775339,3.0938324320774857,-0.010118453390599939,-0.03259461843137306,0.020630822153000886,6.811514534307257,-0.06439994050946553,0.15416370457386133,-3.4033213307539416,2.1414562370528714,1.2503047866236114,2.3692469799252978,0.23471875126706437,0.2806771695613861,0.9269999861717224,0.23471875126706437,0.07404209036150876,0.029055642695534088,0.10309773305704739,4.551914400963142e-15,0.8503125,0.8503125,0.0,0.8503125,0.10000000149011612,0,0.10000000149011612,1.0,63,1132,ref,4.700407981872559,1.490904688835144,0.001,1132,2,0,0.19067122550795015,0.7542391967799597,0.2806771695613861,23.764509293994955,P1,1,0.0007017982819711568,0.004758788882061972,0.24000839370939947,0.042065522005467884,41.48657015825483,11.152603948716202,31.350064583568972
-3.5701653717782977,2.732910510448544,7.493409448304623,0.15607421875,-3.4298090818687235,2.12796299899425,4.938601775295602,0.12294921874999999,1.3785265429363052,3.1567228703025676,-0.007022888150271518,-0.032091680003310454,0.01997528212707553,6.8887284340799235,-0.06656567469210131,0.1561552537990054,-3.353967152869809,2.0665930015126603,1.2585196448653406,2.384956975465234,0.2404667981325474,0.2563379406929016,0.9228000044822693,0.2404667981325474,0.0779642609875591,0.02872493482233109,0.10668919580982379,6.639133687258436e-14,0.84392578125,0.84392578125,0.0,0.84392578125,0.10000000149011612,0,0.10000000149011612,1.0,64,1146,ref,4.558218479156494,1.7668821811676025,0.001,1146,2,0,0.2000584018193466,0.7913721008260622,0.2563379406929016,23.920583775909098,P1,1,0.0007148674792967083,0.004901257160940843,0.24420054948886266,0.045031758910138685,44.390417292044106,11.836256255828989,33.15594098631198
-3.6051611625822035,2.6941155520013167,6.434599896168478,0.151484375,-3.5582075781491245,2.1650904477276876,5.2355370228559215,0.1218212890625,1.477544129010313,3.227788161330913,-0.017715643499547896,-0.033224203576364776,0.02068030664060622,6.964789385461278,-0.07348351332228048,0.15703199100738835,-3.4768982281939174,2.137299733580247,1.2737313053441395,2.4046550512152165,0.2363359387643868,0.2415577918291092,0.9276999831199646,0.2363359387643868,0.07537309774235522,0.02874175780887816,0.10411485555128071,4.733713421245511e-14,0.848515625,0.848515625,0.0,0.848515625,0.10000000149011612,0,0.10000000149011612,1.0,65,1159,ref,3.7789742946624756,1.526261568069458,0.001,1159,2,0,0.1939230446111776,0.7671024351734724,0.2415577918291092,24.115227217644584,P1,1,0.0006892591657756546,0.004779426846623061,0.2427523455963976,0.04178572250646903,45.834250040060596,10.340185861036394,30.558235872479152
-3.70620716928533,2.74676299820468,7.787823719079292,0.14880859375,-3.6661474600222084,2.210082923613068,5.690998704384409,0.12384033203125,1.5589677528169998,3.3284669029946206,-0.0029681265655359594,-0.034091161813766896,0.021300556795093357,7.0385390908000955,-0.0790420045540668,0.1585618523035291,-3.5712660242318113,2.209357579412978,1.3920414549844866,2.4313809222973486,0.23392773564337405,0.2902565598487854,0.9190000295639038,0.23392773564337405,0.07177054686622306,0.03082777569671545,0.10259832256286076,7.774336729937659e-14,0.85119140625,0.85119140625,0.0,0.85119140625,0.10000000149011612,0,0.10000000149011612,1.0,66,1171,ref,4.552854061126709,1.490483283996582,0.001,1171,2,0,0.2006961894055504,0.793895000626245,0.2902565598487854,24.386487321961962,P1,1,0.0006838987111704695,0.004789405170524423,0.2506054123754435,0.04198273935341566,49.00159359894149,10.436543103322714,30.37552552638754
-3.5835891670743125,2.7417366073320713,7.017828920667848,0.15666015625,-3.621348252885673,2.2175700771391176,5.758412144063356,0.1280908203125,1.5488639296511462,3.373836600147432,-0.005083482775787727,-0.033754979414059874,0.021588178602557555,7.108329916656421,-0.0805751884356141,0.15946620641502887,-3.5383614187043846,2.2445175413319958,1.3713931057022606,2.442656181905228,0.24099414188167428,0.2695577144622803,0.9190999865531921,0.24099414188167428,0.07838757794172371,0.02862780057582657,0.10701537851754658,3.6914915568786455e-15,0.84333984375,0.84333984375,0.0,0.84333984375,0.10000000149011612,0,0.10000000149011612,1.0,67,1184,ref,4.3685479164123535,1.618657112121582,0.001,1184,2,0,0.1938315234183803,0.7667404042967112,0.2695577144622803,24.501291084129306,P1,1,0.0006764970101170488,0.004791778329753056,0.24199524091447844,0.04434891052906222,45.09852873105681,10.896028628374003,31.616112216404918
-3.5775874132483683,2.8312915306419835,7.540544137812673,0.16318359375,-3.733735752993683,2.2569305430488713,6.451461724818188,0.12489501953125,1.6624481302665086,3.428132936932146,0.0031544089482189418,-0.03450434642474248,0.023078819403781047,7.175879460584952,-0.08670785627095029,0.15933290527545713,-3.6212576033877473,2.3922960066105223,1.4352798632714947,2.4583314921602533,0.24686523562195362,0.25047656893730164,0.9240000247955322,0.24686523562195362,0.07769086621307378,0.03291844729013427,0.11060931350327267,6.462885782099193e-14,0.83681640625,0.83681640625,0.0,0.83681640625,0.10000000149011612,0,0.10000000149011612,1.0,68,1195,ref,4.186966419219971,1.3336124420166016,0.001,1195,2,0,0.1935532890904244,0.7656397912625472,0.25047656893730164,24.662513278522606,P1,1,0.0006842468366236363,0.004891357767466383,0.23671176964851154,0.046096772861827305,42.903736447853156,11.288497927039536,32.61834232382932
-3.740247734218622,2.8193971044898705,9.644236419651929,0.16650390625,-3.7265424179270292,2.291123440470825,7.66925521304659,0.13694335937500002,1.792052454857348,3.4860834678608574,-0.028889303243337213,-0.03467946161935318,0.025590152165682053,7.242238350757122,-0.09265949311899022,0.1619063304619844,-3.6451476575936574,2.6567577442712373,1.4627298327009743,2.4764990594836562,0.24985351686700596,0.2666512727737427,0.9221000075340271,0.24985351686700596,0.07167216429818947,0.040739923246900483,0.11241208754505688,3.307076834602185e-14,0.83349609375,0.83349609375,0.0,0.83349609375,0.10000000149011612,0,0.10000000149011612,1.0,69,1207,ref,4.89748477935791,1.65627920627594,0.001,1207,2,0,0.1919815861961821,0.7594225976331885,0.2666512727737427,24.847746908947038,P1,1,0.0006511486113509052,0.004699028988702906,0.2442711554923869,0.044033883911392575,45.670742247995776,10.869789642726246,30.93760632177749
-3.501353748187127,2.787501373574782,8.50507369631024,0.168359375,-3.663414674039816,2.292290727974128,7.542361305410394,0.13693115234375,1.7399840094014574,3.5499380633006603,-0.03532529114596107,-0.033989018442067566,0.025461675627213888,7.316707762607985,-0.09361979643348604,0.16196388905708176,-3.5753804726192175,2.6431163472894927,1.389988632468207,2.4919173612459846,0.2515234387392411,0.27957043051719666,0.9205999970436096,0.2515234387392411,0.07546153081701355,0.03795021044562188,0.1134117412627127,7.72715225139109e-14,0.831640625,0.831640625,0.0,0.831640625,0.10000000149011612,0,0.10000000149011612,1.0,70,1218,ref,3.9239373207092285,1.448309063911438,0.001,1218,2,0,0.19384570368093101,0.7667964972378872,0.27957043051719666,24.99475159915551,P1,1,0.0006724577442570141,0.0048995738223434945,0.23667037133465682,0.04625456530815862,44.77465469100695,11.271026559828263,32.21707224806502
-3.814431929957864,2.797758475155682,8.491302587215687,0.1509375,-3.789663860078711,2.3173188872477146,7.45630737574298,0.13182128906249999,1.813004433573545,3.601784112282591,-0.044821720661150255,-0.035211974856997875,0.025285473765293477,7.384705253445531,-0.10218969488283619,0.1662330113801345,-3.7092273502037845,2.638647631323819,1.4884964720523783,2.510624541472306,0.2358437512652017,0.2703056335449219,0.9205999970436096,0.2358437512652017,0.0682585919980917,0.03554725824410632,0.10380585024226976,7.174816296640074e-14,0.8490625,0.8490625,0.0,0.8490625,0.10000000149011612,0,0.10000000149011612,1.0,71,1230,ref,4.341819763183594,1.533535361289978,0.001,1230,2,0,0.18657263955590392,0.7380263981881968,0.2703056335449219,25.186465011122113,P1,1,0.0006345197857526134,0.004669476245302062,0.23905491399257484,0.043644950071149644,45.375571041589055,10.741174910350233,30.00578332471031
-3.78513819467178,2.864699782454927,8.510650439678953,0.15662109375,-3.851944150649371,2.340014000279296,7.5623229117957385,0.12940673828125,1.8601025447653428,3.6647800907871346,-0.04921711404936558,-0.035842666529875805,0.0253645489735995,7.455845625746272,-0.10995803448720835,0.1672548697992762,-3.7816023647307344,2.6494592812561506,1.3456562420638094,2.5260512285809593,0.24095898563173251,0.24961735308170319,0.9200999736785889,0.24095898563173251,0.0784386231686055,0.02855502713856755,0.10699365030718581,1.2753686995381486e-14,0.84337890625,0.84337890625,0.0,0.84337890625,0.10000000149011612,0,0.10000000149011612,1.0,72,1242,ref,4.91790771484375,1.6409791707992554,0.001,1242,2,0,0.1859261088101114,0.7354689130243971,0.24961735308170319,25.343533583755892,P1,1,0.0006533403587258116,0.004854031663618272,0.22912859797390697,0.04559201259387132,43.37491160719153,10.667200253148106,31.305154952691797
-4.045036517101234,2.945702495448175,10.680386331306135,0.1528515625,-3.8506852301813153,2.347075153805091,7.522186677532022,0.12787841796875,1.8472909006792906,3.708586177489262,-0.04711530055935984,-0.03578901157645073,0.025177848421157056,7.5210907547237955,-0.11643866159720347,0.16678990970166535,-3.7825866958168706,2.6315168313051793,1.3057437355887629,2.539959141290217,0.23756640751234953,0.25832706689834595,0.9175000190734863,0.23756640751234953,0.0726378522374966,0.0322473969116496,0.10488524914909082,5.537237335317968e-14,0.8471484375,0.8471484375,0.0,0.8471484375,0.10000000149011612,0,0.10000000149011612,1.0,73,1254,ref,3.863567590713501,1.5129910707473755,0.001,1254,3,0,0.1876116712804219,0.7421365015938974,0.25832706689834595,25.48666015028176,P1,1,0.0006499379445219455,0.004875706579857541,0.2301921043681725,0.046529908712020215,44.1137240288368,10.603061678354893,31.435071295298577
-4.146656078598698,2.9779932966154057,10.108753627516846,0.1444140625,-3.9396668645263504,2.369862051270727,7.657517362922498,0.12036865234375,1.9092778362507343,3.7791370672448683,-0.07216876144250582,-0.03646820038408926,0.025477426211522856,7.592788993546507,-0.1196571011794731,0.16882508006636565,-3.855379750687662,2.6694573377789137,1.4091859682629644,2.5688936206851394,0.2299726575249224,0.2987563908100128,0.9279000163078308,0.2299726575249224,0.07174684729659939,0.028335651624309854,0.10008249892096503,5.5788706987414116e-14,0.8555859375,0.8555859375,0.0,0.8555859375,0.10000000149011612,0,0.10000000149011612,1.0,74,1265,ref,5.785951614379883,1.6200077533721924,0.001,1265,3,0,0.19322427232671655,0.7643382978729439,0.2987563908100128,25.7880916603518,P1,1,0.0006262727709740201,0.004734895400944666,0.24389765516990952,0.047653337784030525,46.954041130743754,11.752203187693492,31.79563916011755
-4.055261731558747,2.973994597976766,9.4751918934213,0.14736328125,-4.04374714534135,2.394976797693177,7.252624569384688,0.11455078124999998,1.9180677741853176,3.860731664592478,-0.042885577289130256,-0.03716098255133924,0.024641455302429276,7.676894928167025,-0.12273438003612683,0.17024718154975116,-3.929424118847145,2.5853135192206746,1.3461258506659592,2.5886842152130436,0.23262695439552772,0.2564159035682678,0.928600013256073,0.23262695439552772,0.07735530255451697,0.02441904622574963,0.10177434878029834,3.173850071647166e-14,0.85263671875,0.85263671875,0.0,0.85263671875,0.10000000149011612,0,0.10000000149011612,1.0,75,1277,ref,3.763948678970337,1.3735650777816772,0.001,1277,3,0,0.19342048272894452,0.7651144484209988,0.2564159035682678,25.978585148684772,P1,1,0.0006402156084869079,0.0048917095046097595,0.23658396581774857,0.04778557190475982,47.16325600373434,10.797013269771508,31.745523733754162
-4.042676884195242,2.969735446001047,8.828430653863414,0.14390625,-4.136972552750136,2.4213790483549897,7.228610457532466,0.10831787109375,1.9733320659136249,3.9369431610362007,-0.04719873113731124,-0.03798842520577206,0.02454185687314477,7.742077298188092,-0.13190002891700714,0.17795293466843304,-4.023351182680722,2.5850212608228746,1.381369921558227,2.6013430580848276,0.2295156262756791,0.2466209977865219,0.9253000020980835,0.2295156262756791,0.0772586194341096,0.022531145616309037,0.09978976505034254,7.609191055024667e-14,0.85609375,0.85609375,0.0,0.85609375,0.10000000149011612,0,0.10000000149011612,1.0,76,1291,ref,4.484473705291748,1.437293291091919,0.001,1291,3,0,0.18818807028255918,0.7444165662404567,0.2466209977865219,26.102402407421685,P1,1,0.00060922647299586,0.00470048167318922,0.23926935562847831,0.046830666103123635,46.73286974088744,11.131852119967954,30.67738825088439
-4.2300028521461,2.972729925708588,10.487843062630144,0.150859375,-4.113491545253246,2.4510806156902665,8.001767879330567,0.11661376953125,2.0051748318697467,4.002897546366277,-0.00027619362344796284,-0.037621188017445364,0.025750251810551572,7.809889389618586,-0.13987346328096464,0.18228799884234068,-3.993705643041995,2.717816952681319,1.3728057402259095,2.613827016791155,0.23577343876531814,0.22612068057060242,0.9248999953269958,0.23577343876531814,0.06626164834015354,0.037500018735686896,0.10376166707581906,2.1371793224034263e-14,0.849140625,0.849140625,0.0,0.849140625,0.10000000149011612,0,0.10000000149011612,1.0,77,1302,ref,4.727436065673828,1.610414743423462,0.001,1302,3,0,0.18874708279780542,0.7466278550668962,0.22612068057060242,26.226099417177515,P1,1,0.0006072533053125746,0.0047266746427344465,0.23872581048281585,0.04829415084100916,46.850871108844984,10.780485061520256,31.478693224337356
-4.100062406729458,3.0185810286264316,10.669388287960821,0.162734375,-4.103709086102181,2.46642930358266,7.703683486113601,0.119423828125,1.954180557591814,4.099530188382454,0.029562763596977112,-0.03733396600469283,0.0251345779033229,7.885464169084966,-0.14338827886618674,0.18288776722988737,-3.967798064125263,2.6517563792838237,1.357766718462938,2.6375264423712297,0.246460938747623,0.255559504032135,0.9283999800682068,0.246460938747623,0.07344913763520075,0.036914899535964246,0.11036403717120889,4.3895442836117127e-14,0.837265625,0.837265625,0.0,0.837265625,0.10000000149011612,0,0.10000000149011612,1.0,78,1313,ref,4.429163932800293,1.7321727275848389,0.001,1313,3,0,0.19077369119714904,0.7546445208602607,0.255559504032135,26.4561536929628,P1,1,0.0006089292228967825,0.0047858242590659485,0.23860906561255474,0.04938442189861039,47.90421052974834,10.853199342844746,31.731189783091406
-3.9821566353256013,2.9237859309321688,9.811176133712834,0.148515625,-3.9577851659389824,2.460673805959654,7.63864207092083,0.12882812500000002,1.8412072628440175,4.165887752305215,0.04782056418673616,-0.03593460963515985,0.02484301394024758,7.950953815294083,-0.14718287223833612,0.18784664533254108,-3.828245653001992,2.628920850888226,1.3433948662156472,2.64979640757894,0.2336640637688106,0.18880213797092438,0.9265999794006348,0.2336640637688106,0.07076536994389239,0.031666204362914965,0.10243157430678548,2.1871393585115584e-14,0.851484375,0.851484375,0.0,0.851484375,0.10000000149011612,0,0.10000000149011612,1.0,79,1326,ref,5.450706958770752,1.6789952516555786,0.001,1326,3,0,0.18662851313961237,0.7382474176251109,0.18880213797092438,26.57931549518272,P1,1,0.0005992882591207168,0.004755211847682317,0.23485440083347475,0.05002540000547023,45.540406441664125,10.954963019446101,32.12131651860963
-3.832886617255274,2.9357183311372994,9.295046998075263,0.16099609375,-3.903944294190973,2.4667286715736765,7.54874196982055,0.13582763671875,1.8037693714641916,4.230272688912614,0.05070827878682837,-0.03550461803576425,0.02467970849215865,8.011583448398175,-0.15423104148503625,0.18783956711616503,-3.7912464236920793,2.6099113784454575,1.4032126522433432,2.660943873140838,0.24489648562521324,0.2877671718597412,0.9228000044822693,0.24489648562521324,0.07373436674497404,0.03567747764598833,0.10941184439096699,4.621303340002214e-15,0.83900390625,0.83900390625,0.0,0.83900390625,0.10000000149011612,0,0.10000000149011612,1.0,80,1337,ref,5.346813678741455,1.5773695707321167,0.001,1337,3,0,0.1879394945150605,0.7434332737341139,0.2877671718597412,26.68651210430731,P1,1,0.0005911317515599944,0.004718713046767234,0.23779480353380378,0.04945917245068874,46.876033511001204,11.231237399631796,31.33521628659256
-3.848718434199302,2.9363599506577813,10.762496060083555,0.1668359375,-3.951244405498225,2.483520688314801,7.49026340786366,0.129541015625,1.8379074869151157,4.31451572695863,0.01545179541387812,-0.03587328781530687,0.024862791616733486,8.078683119050252,-0.16002804793184622,0.18893641571048164,-3.834809155651011,2.6343921817269327,1.3418609901606398,2.6772541219261696,0.2501523449915112,0.26284265518188477,0.9251000285148621,0.2501523449915112,0.08038826038443955,0.03220312228411064,0.1125913826684997,5.0487392044828994e-14,0.8331640625,0.8331640625,0.0,0.8331640625,0.10000000149011612,0,0.10000000149011612,1.0,81,1347,ref,5.677219867706299,1.9191240072250366,0.001,1347,3,0,0.1896720007051426,0.7502865578295126,0.26284265518188477,26.847567591702468,P1,1,0.0005845118719655392,0.004696126480554428,0.24090304697002876,0.04867196290576732,49.78943459692048,11.17074224165821,30.870121363116642
-4.166033719672676,2.9999218131307424,9.047149603504776,0.1485546875,-4.124405642724764,2.5186468392326695,7.391548531020802,0.1220458984375,1.923816764509401,4.387048151848256,0.032716984419060124,-0.03731755095299129,0.02452548370289469,8.146248491697875,-0.16268618227972184,0.18969597554388692,-3.9854144455610627,2.6001935872671877,1.1890849907581278,2.6956704066764097,0.23369922001875237,0.25252577662467957,0.9240999817848206,0.23369922001875237,0.07227695135978542,0.030176864081591814,0.10245381544141281,3.558264793923627e-14,0.8514453125,0.8514453125,0.0,0.8514453125,0.10000000149011612,0,0.10000000149011612,1.0,82,1359,ref,4.223116874694824,1.6483653783798218,0.001,1359,3,0,0.18732764973072658,0.7410129960154354,0.25252577662467957,27.030284741972554,P1,1,0.0005946574411774165,0.004833645836663208,0.23180114127491117,0.051229208757910476,46.98720873361504,10.521606688677863,32.26325495587796
-4.111688598932514,3.038319009777696,9.054685150591586,0.14537109375,-4.157101026823275,2.535523204891324,7.106441475396996,0.1216845703125,1.9273653188361484,4.4496565784913935,0.05185602521482616,-0.037615037985440844,0.0241430335686043,8.205927043681584,-0.1659341712432797,0.18873528471530412,-4.01913635518295,2.5599808441559384,1.1299768372170838,2.70997785468384,0.2308339856484963,0.2208888679742813,0.9284999966621399,0.2308339856484963,0.06302080171697404,0.037612252419855004,0.1006330541368647,3.565203687827534e-14,0.85462890625,0.85462890625,0.0,0.85462890625,0.10000000149011612,0,0.10000000149011612,1.0,83,1370,ref,4.259767532348633,1.6225481033325195,0.001,1370,3,0,0.18808388341646964,0.7440044336914312,0.2208888679742813,27.166287172399787,P1,1,0.0005784513630495708,0.004733074100968663,0.2373362998396869,0.050299861054498664,48.9874260134987,10.283362435246339,31.194818752599094
-3.854893970782368,3.021296081957481,9.05557888431154,0.1620703125,-4.122999281897767,2.534740606064047,6.56678807758567,0.12267333984374999,1.8732124235589314,4.518557852165773,0.0331396643052288,-0.03728952108550441,0.02347631835936747,8.269327124504715,-0.1668586957734078,0.1916202931593452,-3.9867156407629056,2.4960374521554938,0.9944289086166793,2.7308026414830806,0.24586328249861253,0.3018690049648285,0.9251999855041504,0.24586328249861253,0.07350005926589151,0.03650079667783842,0.11000085594380775,7.781275623841566e-14,0.8379296875,0.8379296875,0.0,0.8379296875,0.10000000149011612,0,0.10000000149011612,1.0,84,1380,ref,4.800296783447266,1.4576892852783203,0.001,1380,3,0,0.18219771966030002,0.7207205039231004,0.3018690049648285,27.37803703801918,P1,1,0.0005770594949420279,0.004750699646178663,0.2287932773733106,0.04988851417599826,46.69032327435497,10.51944934781918,30.90457176240463
-3.974149510039823,3.0819125691097335,7.891884535681054,0.15498046875,-4.215897664658112,2.5612336205064223,6.389480925110161,0.11599609375,1.9061471575083997,4.613918982533242,0.03985151877079289,-0.03789757652481769,0.023228377651370796,8.352699674741764,-0.17489852786064147,0.1946789256901503,-4.0570433415377956,2.4715201229697152,1.0789396096599613,2.7596000174583115,0.23948242313417722,0.24149437248706818,0.9240000247955322,0.23948242313417722,0.07799719937245977,0.028081633951658528,0.10607883332418566,6.736278201913137e-14,0.84501953125,0.84501953125,0.0,0.84501953125,0.10000000149011612,0,0.10000000149011612,1.0,85,1391,ref,3.7134828567504883,1.414332628250122,0.001,1391,3,0,0.18593041024310683,0.7354859282261342,0.24149437248706818,27.670530954317876,P1,1,0.0005720501319417494,0.00475962657141448,0.2336626013946488,0.04925142711453634,50.12706289943341,9.971415837608383,29.988730172888545
-4.21656997160027,3.1495286270771365,8.455364022129395,0.1425390625,-4.27052690908779,2.5860210794339817,6.358587142561538,0.11468994140625,1.9450998753745916,4.700412515405301,0.041992632497003975,-0.03852730637654293,0.0230609250345341,8.431222089582429,-0.1772982907947153,0.19431551679638287,-4.123951252540173,2.451731631365689,1.2023563909109636,2.781727436727903,0.22828515752771636,0.23304994404315948,0.9266999959945679,0.22828515752771636,0.07534640096509988,0.02365315801798914,0.09899955898301059,7.84233789019595e-14,0.8574609375,0.8574609375,0.0,0.8574609375,0.10000000149011612,0,0.10000000149011612,1.0,86,1405,ref,4.466296672821045,1.5679665803909302,0.001,1405,3,0,0.19404912172279296,0.7676011590849792,0.23304994404315948,27.898449230823605,P1,1,0.000579646798103851,0.0048615879992764885,0.2382713996644584,0.05290312834821192,51.985139335857546,10.655929639137446,32.03273607799963
-4.396539358868242,3.1045628600690818,7.763907571383922,0.12505859375,-4.2983167490965135,2.6073742396354325,6.576769719864057,0.11991943359375001,1.986619166487836,4.776643925558192,0.035137333468420004,-0.03889911042851685,0.02336781783405551,8.498475361246904,-0.18031681549211498,0.19479598026024084,-4.165056570759303,2.4850683877923148,1.258006155233919,2.7939972582681474,0.2125527356787643,0.28497403860092163,0.9210000038146973,0.2125527356787643,0.0660562005716688,0.0225731420570574,0.08862934262868227,4.393707619954057e-14,0.87494140625,0.87494140625,0.0,0.87494140625,0.10000000149011612,0,0.10000000149011612,1.0,87,1418,ref,4.6500444412231445,1.7014186382293701,0.001,1418,3,0,0.18841368285396967,0.7453090231079824,0.28497403860092163,28.025992868691873,P1,1,0.0005571839254207,0.004727619845635993,0.23847212909308318,0.05084267189889568,52.201281125671414,10.209105647779898,30.561839525090587
-4.05810340575373,3.1620301564815554,9.98819774477348,0.163671875,-4.2579333424071635,2.619949486205504,6.707799316981481,0.12214355468749999,1.9927088734930904,4.871893014623016,-0.00046657784762481835,-0.038756499634628676,0.023736925219814655,8.56916276788232,-0.18120453326031566,0.19677203828063075,-4.151335550855195,2.5284311563295017,1.204134388230771,2.8042901524371495,0.24730468874622602,0.28384628891944885,0.9269999861717224,0.24730468874622602,0.07692002766887338,0.03395551975450408,0.11087554742326343,1.140337824168114e-13,0.836328125,0.836328125,0.0,0.836328125,0.10000000149011612,0,0.10000000149011612,1.0,88,1429,ref,4.714537143707275,1.3911874294281006,0.001,1429,3,0,0.18230432020643253,0.7211421842793109,0.28384628891944885,28.131968677010565,P1,1,0.0005586917880493039,0.004769038296557022,0.22834549289585895,0.05191637584459088,48.1809275639987,10.346553229950441,31.03427518597291
-4.432432251645277,3.220569770731207,9.120012274067093,0.14658203125,-4.3374147954680735,2.6359290638452286,6.358751601258717,0.11388916015625002,2.014005342148888,4.912842233202637,0.02127445427245594,-0.03949858428852141,0.02296615352860719,8.63739526339311,-0.18078370523755438,0.19417031463849851,-4.226932250985783,2.439565287063549,1.210336818991597,2.8231251507715784,0.23192382939669187,0.24076053500175476,0.9236999750137329,0.23192382939669187,0.07118192000659997,0.03014562854321258,0.10132754854986491,5.2360893398883945e-14,0.85341796875,0.85341796875,0.0,0.85341796875,0.10000000149011612,0,0.10000000149011612,1.0,89,1441,ref,4.792013645172119,1.548986554145813,0.001,1441,3,0,0.18135886332576853,0.7174022353889505,0.24076053500175476,28.318142843156448,P1,1,0.0005417442460726372,0.004659921056363236,0.23231673584483875,0.05111629831046988,49.36974456905481,10.526816040880485,30.18750252550341
-4.370574140442267,3.1929322520388563,9.294433118923559,0.14779296875,-4.427337750129035,2.667670004796867,6.335892084691249,0.10894531250000002,2.0781037480543185,5.013763605114934,0.024595901323662756,-0.040480108506751475,0.02270205446378747,8.705715794532745,-0.19137319797999225,0.20416349596759903,-4.3380669369229645,2.419432113148338,1.157781107311557,2.8360878634740185,0.23301367314488744,0.26375648379325867,0.9240999817848206,0.23301367314488744,0.073307280106984,0.02871238733702108,0.10201966744399296,1.211530875622202e-14,0.85220703125,0.85220703125,0.0,0.85220703125,0.10000000149011612,0,0.10000000149011612,1.0,90,1453,ref,4.512186527252197,1.674509882926941,0.001,1453,3,0,0.18487481130233108,0.7313102897935838,0.26375648379325867,28.4546457019426,P1,1,0.0005308183161614511,0.004600271646562054,0.23969900398498845,0.05090089500833104,52.18675798321137,10.020602178844058,29.682776509999663
-4.419571130387808,3.274296023777662,9.228045670047877,0.1500390625,-4.369703885500658,2.6687435548549368,5.99857955312818,0.10991699218749999,2.027036374934138,5.101594728830953,-0.00643894218532914,-0.040126129239213146,0.022158140996047584,8.77858752195002,-0.1984523512062151,0.2063781155805732,-4.308885228541763,2.3664574463845103,1.295122347939138,2.8466417300108433,0.2350351575165405,0.30117788910865784,0.9229999780654907,0.2350351575165405,0.07371678518680472,0.029580361672678385,0.10329714685947598,7.119305145408816e-15,0.8499609375,0.8499609375,0.0,0.8499609375,0.10000000149011612,0,0.10000000149011612,1.0,91,1464,ref,4.682667255401611,1.740373969078064,0.001,1464,3,0,0.18565485550041486,0.7343959148418743,0.30117788910865784,28.56561193946622,P1,1,0.0005464686240106921,0.004779992302118869,0.23205984811633085,0.05516037197719446,49.53179569195251,10.763538726608433,32.017544551283656
-4.184935389123183,3.3047944013751858,8.4814959675123,0.15646484375,-4.405211631084022,2.6917246320294037,6.147270176990213,0.1099658203125,2.0448753320468693,5.194734116309469,0.005772046317489759,-0.04009713766310186,0.022622989932727555,8.848678546737439,-0.20087579755112528,0.2105299980595822,-4.308338841267707,2.4228390407043876,1.3458287943977845,2.8598614395973834,0.24081836063196532,0.21529461443424225,0.9297999739646912,0.24081836063196532,0.07978699581428701,0.027119716932138743,0.10690671274641525,1.0505485370515544e-14,0.84353515625,0.84353515625,0.0,0.84353515625,0.10000000149011612,0,0.10000000149011612,1.0,92,1476,ref,4.553300857543945,1.4604853391647339,0.001,1476,3,0,0.18236498371087928,0.7213821512315655,0.21529461443424225,28.703891794508927,P1,1,0.0005358469130244181,0.004728367191758172,0.23057613843827526,0.05414381520516878,49.00090720823511,10.605268275490241,31.426288849998482
-4.341921406846698,3.290920079144202,8.685536763309466,0.14845703125,-4.427593347393285,2.7196165794017726,6.938843280050603,0.11697265625,2.13668219534798,5.255071009062927,0.004561134546089471,-0.040353323167389404,0.024214670064037432,8.9164823328362,-0.19973244208842517,0.21569461259386064,-4.333438568292296,2.591220722767259,1.37354988285569,2.8801780519079596,0.2336113293938979,0.24392926692962646,0.92330002784729,0.2336113293938979,0.07248276991684313,0.029915438053252173,0.10239820797006007,3.5235703244040906e-14,0.85154296875,0.85154296875,0.0,0.85154296875,0.10000000149011612,0,0.10000000149011612,1.0,93,1488,ref,3.8674657344818115,1.647581934928894,0.001,1488,3,0,0.18745198902825716,0.741504845646379,0.24392926692962646,28.9028361135603,P1,1,0.0005328173431095298,0.004740519802542564,0.23643336822133676,0.05480397332612572,52.44619608898094,10.15060338506205,31.36022160734488
-4.4509032764882805,3.338020622543233,10.112751673678988,0.1513671875,-4.490374596569235,2.749809579082641,7.042699985850211,0.11390136718749998,2.1909838993664583,5.3526269916384805,0.01784183020971109,-0.04087750101144261,0.024496047419739726,8.990100383078563,-0.20583859458565712,0.2170699721271015,-4.3932403521553764,2.623212409339602,1.3763569723204219,2.902636445817616,0.23623047001456143,0.20942258834838867,0.9240000247955322,0.23623047001456143,0.07243033423281267,0.03161834668179899,0.10404868091456632,4.5352610555937645e-14,0.8486328125,0.8486328125,0.0,0.8486328125,0.10000000149011612,0,0.10000000149011612,1.0,94,1500,ref,5.021028995513916,1.51603364944458,0.001,1500,3,0,0.18754214097956862,0.7418614602071977,0.20942258834838867,29.13026317111037,P1,1,0.0005266639742810626,0.004713380468853859,0.23739632876361474,0.054501365607354045,53.58943995684004,10.475495072081616,30.986445766380335
-4.561118002902003,3.3201098774479836,9.62394994448983,0.14216796875,-4.514484934739104,2.7793962170428412,7.408289831004032,0.11792236328125001,2.2524105232764744,5.462248198079147,0.010384609956435193,-0.04114482870954605,0.02533377591517748,9.06604560021863,-0.20701482821954414,0.21732799735311678,-4.421801050230278,2.7066956097252444,1.3068514557585549,2.925637218486778,0.22795117315326935,0.28742796182632446,0.9197999835014343,0.22795117315326935,0.06809850403170287,0.03068604794449921,0.09878455197623337,3.12944115066216e-14,0.85783203125,0.85783203125,0.0,0.85783203125,0.10000000149011612,0,0.10000000149011612,1.0,95,1512,ref,5.005635738372803,1.8634597063064575,0.001,1512,3,0,0.19098493852635534,0.7554801530615958,0.28742796182632446,29.36329626827204,P1,1,0.0005230303376301808,0.004722197989493117,0.24150184213591508,0.053561870132170813,57.35019382929999,10.230524959180396,30.203180416722297
-4.5749843520253775,3.37923511569287,9.91271746711546,0.1468359375,-4.542813949247562,2.794228829830261,7.238407923549245,0.116982421875,2.2553990103478374,5.549010519831236,0.00330522327551404,-0.04152361415742387,0.024770633086328202,9.138847750152726,-0.20466451957356185,0.2160046757089754,-4.458252694026092,2.640271616582597,1.3115540823506389,2.939725205428222,0.23215234502131352,0.23827417194843292,0.927299976348877,0.23215234502131352,0.07212122015912924,0.029351646921238487,0.10147286708028296,8.47655279301307e-14,0.8531640625,0.8531640625,0.0,0.8531640625,0.10000000149011612,0,0.10000000149011612,1.0,96,1525,ref,3.466276168823242,1.369525671005249,0.001,1525,3,0,0.18255028547769306,0.7221151504315821,0.23827417194843292,29.50420590117449,P1,1,0.0005158962006171836,0.004692302171162305,0.23203331423659831,0.05320202526577284,53.47079401460526,9.717366781631686,30.044785611042172
-4.492475585504362,3.3870741311356283,8.820566924865483,0.1425,-4.641976303044476,2.8338862922476205,7.856240520432319,0.11720458984374998,2.401063180951178,5.6614937202927385,-0.031645383854953774,-0.04234489282532062,0.026375945896639986,9.225404424799656,-0.2172635970299598,0.2219985466259596,-4.554981761142147,2.8081757279889166,1.4810196358224808,2.961224399205528,0.22825000127777456,0.27207711338996887,0.9243000149726868,0.22825000127777456,0.07094341025702354,0.028033526915227286,0.09897693717228101,3.0184188481996443e-14,0.8575,0.8575,0.0,0.8575,0.10000000149011612,0,0.10000000149011612,1.0,97,1537,ref,4.851625442504883,1.5871975421905518,0.001,1537,3,0,0.19405040845054305,0.7676062490008914,0.27207711338996887,29.727525940826485,P1,1,0.0005339005944740925,0.0049098434857624985,0.23647230752290233,0.06018189275695569,54.51548403606264,10.867360682467877,33.438538072179334
-4.9311588050473,3.4484074302962076,9.163980632905101,0.12525390625,-4.635775644290681,2.8530593608993833,8.024721235006453,0.12067626953124999,2.400161276557389,5.747922873581984,-0.00813643332377566,-0.042252438800507136,0.026506169703583358,9.297895355089555,-0.22463581470074132,0.21879661868647615,-4.552883190814173,2.8126440904164776,1.5149476072556118,2.9760248088160823,0.21272851692847325,0.2585260570049286,0.9225000143051147,0.21272851692847325,0.06851588836869965,0.02023205716490727,0.08874794553361293,6.00908212078366e-15,0.87474609375,0.87474609375,0.0,0.87474609375,0.10000000149011612,0,0.10000000149011612,1.0,98,1551,ref,5.443558216094971,1.6305960416793823,0.001,1551,3,0,0.18874990220769278,0.7466390078218186,0.2585260570049286,29.876734106071606,P1,1,0.0005131745797433909,0.004760200229961848,0.23714272288397162,0.05845244015756199,54.19432108302547,11.183056375895646,32.05843981982689
-4.660066667644452,3.4639916925340133,11.42176138508044,0.15388671875,-4.680402985059894,2.864195674883642,8.141294069179313,0.11747802734375001,2.4370836928184754,5.811571021046308,-0.04503784984262306,-0.0424137976978034,0.026966398964803108,9.359516955382029,-0.23091784528456627,0.22045223043475884,-4.575694473759797,2.864367064392444,1.4375054933153157,2.9850204284571675,0.23849804813580705,0.25558364391326904,0.9277999997138977,0.23849804813580705,0.0743982636849143,0.031068269165157328,0.10546653285006434,7.28583859910259e-15,0.84611328125,0.84611328125,0.0,0.84611328125,0.10000000149011612,0,0.10000000149011612,1.0,99,1564,ref,4.570415019989014,1.836893916130066,0.001,1564,3,0,0.1849063609294948,0.7314350908241918,0.25558364391326904,29.96713958566719,P1,1,0.0005097076871087585,0.004756326944865912,0.23194975566280834,0.05718141452478877,54.11740595735877,10.273849996602001,31.17704950627478
-4.81879459325566,3.482655164255461,9.731719134225958,0.135703125,-4.716408219362208,2.8779877123815374,7.378369478723657,0.10871582031250002,2.389369546080295,5.928682992574311,-0.03523926603549354,-0.0426737239717997,0.02560493932695125,9.443137085772623,-0.234788731939625,0.2247262953330352,-4.6061916391657505,2.7289683918772116,1.4559659945866104,3.006007055231383,0.2221328137879027,0.28426840901374817,0.9199000000953674,0.2221328137879027,0.0704260366015102,0.02457707044473927,0.09500310704625545,5.981326545168031e-15,0.864296875,0.864296875,0.0,0.864296875,0.10000000149011612,0,0.10000000149011612,1.0,100,1574,ref,5.284688472747803,1.7182949781417847,0.001,1574,3,0,0.19122156959944892,0.756416195875753,0.28426840901374817,30.1722066549257,P1,1,0.0005102222344947069,0.004798686128102619,0.23810733281786128,0.05729679040188243,58.21442332465361,10.244543277395838,31.15746775457383
-4.736050955245291,3.4246451309244224,11.05204920757358,0.1462109375,-4.578897371476579,2.871048213260025,7.499712754296044,0.11737792968750001,2.312324344467114,5.995394835889494,-0.0648013374930278,-0.04129419385989517,0.0262980858463111,9.509961654744522,-0.23696453398559242,0.2241622244675686,-4.467051395164961,2.7870392815552454,1.6378552876602752,3.0079329302010205,0.23158984502224483,0.26749715209007263,0.9251999855041504,0.23158984502224483,0.07161212744841268,0.029502844613608893,0.10111497206203379,1.2212453270876722e-14,0.8537890625,0.8537890625,0.0,0.8537890625,0.10000000149011612,0,0.10000000149011612,1.0,101,1588,ref,5.363128662109375,1.8770681619644165,0.001,1588,3,0,0.18155464849585998,0.7181767038439458,0.26749715209007263,30.18974341146307,P1,1,0.0004958696227002994,0.00470363676223905,0.23056287077106744,0.05982855577588493,51.583514179087544,11.082590629120618,31.931571022499845
-4.969406690888152,3.4512199598471827,9.107822463460364,0.12359375,-4.655973372884304,2.8864669437177377,6.85369043923246,0.10871826171875001,2.312013398775271,6.08051654876557,-0.06083853036562271,-0.04198854510172362,0.02516822481991196,9.591299204933982,-0.24712337438948453,0.2282225837917233,-4.548338057438133,2.664323219436195,1.462440147615486,3.0253586758805695,0.21123437630594707,0.23369012773036957,0.9222000241279602,0.21123437630594707,0.06531249139139224,0.02242535963643471,0.08773785102778982,3.712308238590367e-14,0.87640625,0.87640625,0.0,0.87640625,0.10000000149011612,0,0.10000000149011612,1.0,102,1599,ref,4.173735618591309,1.4503728151321411,0.001,1599,3,0,0.1808323158734146,0.715319368787176,0.23369012773036957,30.372744644752505,P1,1,0.0005023574580012872,0.004802270569939801,0.22512033497093445,0.057910568834799274,52.96686442701392,10.134325047048268,30.93579841931926
-4.694746183226306,3.537898670839458,11.353082799440063,0.1464453125,-4.824961316777581,2.940531814545911,8.405418248200975,0.11382080078125001,2.5911142353119265,6.148267593737816,-0.09265447669307417,-0.04375116257931135,0.02777787560831068,9.660172721785395,-0.2634064701409079,0.23654397237016447,-4.745179830724856,2.9349698819316425,1.5445892700372559,3.048386270679529,0.2318007825218956,0.26019492745399475,0.9172999858856201,0.2318007825218956,0.06905510765097171,0.03219414920064426,0.10124925685162302,7.0360384185619296e-15,0.8535546875,0.8535546875,0.0,0.8535546875,0.10000000149011612,0,0.10000000149011612,1.0,103,1613,ref,4.328221797943115,1.6039893627166748,0.001,1613,3,0,0.18449446097301256,0.7298057359411818,0.26019492745399475,30.599707072188004,P1,1,0.0004984718268581704,0.004806225143289701,0.22946071745320698,0.05884152652113844,55.51702344509613,10.072409050233887,31.134199408031456
-4.852936545356811,3.5119114585159217,10.834153547810352,0.12986328125,-4.7894776216066095,2.936315887725223,7.345260731277403,0.11114501953125,2.472427977694888,6.246200866858573,-0.09667785204589721,-0.0435193793391809,0.025861477853760678,9.729827315592829,-0.26416190535761414,0.23650039609744747,-4.722191897998748,2.7378165780027417,1.4939621186542738,3.052703982023561,0.21687695442160476,0.22454313933849335,0.920799970626831,0.21687695442160476,0.06477401368626616,0.02675502165136398,0.0915290353375811,4.904410211281629e-14,0.87013671875,0.87013671875,0.0,0.87013671875,0.10000000149011612,0,0.10000000149011612,1.0,104,1625,ref,5.877558708190918,1.82508385181427,0.001,1625,3,0,0.1849555494302669,0.7316296660424205,0.22454313933849335,30.638672844356606,P1,1,0.00048216467260513103,0.004676694255115251,0.2360579406086164,0.06010682641612241,55.03656037486871,10.65070016236463,31.337630037966793
-4.668699721026143,3.5080266684360306,11.471983431753097,0.14818359375,-4.648441252357068,2.9240671108714693,6.95348834676449,0.11571777343749999,2.305880234616734,6.327639527834583,-0.08335129357109824,-0.04196882111833773,0.025074654317811213,9.803947248461085,-0.2713633962161839,0.23845174400457422,-4.570557597565785,2.644103870180245,1.5089667133761049,3.0568521642322146,0.23336523564430536,0.26732590794563293,0.9223999977111816,0.23336523564430536,0.06675353028127376,0.035488894577765155,0.10224242485893846,1.0046130594076885e-13,0.85181640625,0.85181640625,0.0,0.85181640625,0.10000000149011612,0,0.10000000149011612,1.0,105,1636,ref,5.407452583312988,1.8460872173309326,0.001,1636,3,0,0.18577144386688627,0.7348571040729553,0.26732590794563293,30.674684622503243,P1,1,0.0004834575110822584,0.004720543185191445,0.23487529865510198,0.060245775819307956,56.384922538462746,10.795426524208878,31.47238688126693
-4.842056051369108,3.5235435235905688,13.66834531227445,0.15080078125,-4.697300608511874,2.9544869035196863,6.852398091706185,0.114892578125,2.3484664571915324,6.44775623250115,-0.06722982662334254,-0.04256366275401573,0.02495189090816334,9.878318377126591,-0.27552607445046307,0.24028809355762054,-4.635654551357087,2.630340573251648,1.4512212620117095,3.083888771393498,0.23572070439040543,0.27580875158309937,0.9247000217437744,0.23572070439040543,0.06634115159001235,0.03738737162225986,0.10372852321231933,4.7128967395337895e-14,0.84919921875,0.84919921875,0.0,0.84919921875,0.10000000149011612,0,0.10000000149011612,1.0,106,1649,ref,3.6879334449768066,1.5027467012405396,0.001,1649,3,0,0.17728624790311756,0.7012921685606138,0.27580875158309937,30.95070942637466,P1,1,0.00047497607900018714,0.004674986036067252,0.22635112379194489,0.05642612338629577,55.5068991335365,9.242965869041388,29.337171557295022
-4.875618051081862,3.5397473217961473,8.612832260745911,0.12470703125,-4.6590017630059615,2.9614561530903325,6.542087462836308,0.11478027343750001,2.2528047853528235,6.542049890810963,-0.024632129487195967,-0.04172441949463799,0.024375779270068846,9.957095360577235,-0.2792412687791511,0.23726345665541562,-4.553399502583997,2.551782188232012,1.3614870693182106,3.0994762336047286,0.21223632942928816,0.25450652837753296,0.9239000082015991,0.21223632942928816,0.06674667069267341,0.021669030976066872,0.088415701668737,3.2890357104520263e-15,0.87529296875,0.87529296875,0.0,0.87529296875,0.10000000149011612,0,0.10000000149011612,1.0,107,1661,ref,5.228341579437256,1.7640804052352905,0.001,1661,3,0,0.17929253916434287,0.709228465740967,0.25450652837753296,31.10914031142475,P1,1,0.0004739934232209708,0.004705121385992969,0.22773001228712,0.0609420702231859,53.54505390751462,10.575018879248557,31.381407854925165
-4.900663684273428,3.6317691297385903,11.63432094344434,0.1469140625,-4.732402779148052,2.989130307321751,6.62154459050392,0.116201171875,2.297923406098281,6.646762140588554,-0.009785552537409306,-0.04224690940838033,0.024435043847260744,10.032131672656854,-0.2877517095953226,0.24175999868930814,-4.615432666878414,2.555720176605242,1.3378700533852017,3.1101095809511894,0.2322226575211971,0.1972235143184662,0.9258999824523926,0.2322226575211971,0.07054882941726567,0.030968730045766512,0.10151755946314626,1.1407541578023483e-13,0.8530859375,0.8530859375,0.0,0.8530859375,0.10000000149011612,0,0.10000000149011612,1.0,108,1675,ref,4.764467239379883,1.8845683336257935,0.001,1675,3,0,0.17923630378923408,0.7090060151638562,0.1972235143184662,31.223812018776,P1,1,0.00046975986009047176,0.00469340523968396,0.22779031931395208,0.06032607648916058,54.70465256482564,10.017196547701797,30.755773668451578
-4.8218319155648,3.5705354852669413,10.922033138759428,0.14314453125,-4.72640635124089,3.0126584468670505,7.506717655032735,0.11792968749999999,2.368535607930032,6.7286050538040065,-0.02102974425465127,-0.04231398018150841,0.02577967530571027,10.110227435289096,-0.2952860023983521,0.24838867561740385,-4.629837542919872,2.7027843464018204,1.3282993873551696,3.1345278374625423,0.22883007940181416,0.25848570466041565,0.9226999878883362,0.22883007940181416,0.07580892881085828,0.023540952142963967,0.09934988095375846,6.378231276471524e-14,0.85685546875,0.85685546875,0.0,0.85685546875,0.10000000149011612,0,0.10000000149011612,1.0,109,1687,ref,4.6503119468688965,1.7304456233978271,0.001,1687,3,0,0.17677898280270413,0.6992855772625767,0.25848570466041565,31.476602583930433,P1,1,0.0004611311501920194,0.004650925419462043,0.22724330003149967,0.05828727882219276,55.92173520953394,9.555875563148538,29.783614571213047
-4.974434348386486,3.6460278109605104,11.701461452276181,0.1422265625,-4.903058972690019,3.0451913472267345,7.186953414345596,0.10763916015625002,2.4634931789856482,6.833421561176976,-0.023724398938051783,-0.043830618639847586,0.025146929704905664,10.185078336153946,-0.30748779306188223,0.25246731536620376,-4.797400458625503,2.647414847261019,1.5193061497780778,3.16213826946083,0.22800390752818203,0.253646582365036,0.9258000254631042,0.22800390752818203,0.07430281652641689,0.024515698756099734,0.09881851528242742,8.919254224082351e-14,0.8577734375,0.8577734375,0.0,0.8577734375,0.10000000149011612,0,0.10000000149011612,1.0,110,1700,ref,5.760738849639893,2.0204060077667236,0.001,1700,3,0,0.1787929787159786,0.7072523517766626,0.253646582365036,31.75911228034595,P1,1,0.000457984841058995,0.004652042471777763,0.2296415317545765,0.061498957566743354,55.15879600221747,10.378199441302469,30.99436343931519
-5.058791042188281,3.6889086120094134,10.992485022963189,0.13697265625,-5.038834631416566,3.092252857514946,8.198177370922382,0.11045166015625,2.637056709289152,6.943395836056375,-0.018424810536178827,-0.0449672108201999,0.026671059735180008,10.25179539007188,-0.31617401893483477,0.2577068797866452,-4.922516700421273,2.824028249518238,1.4659901826098896,3.1760309869261643,0.22327539191101095,0.2705360949039459,0.923799991607666,0.22327539191101095,0.07227253279595729,0.023478496515729367,0.09575102931165644,3.021194405761207e-14,0.86302734375,0.86302734375,0.0,0.86302734375,0.10000000149011612,0,0.10000000149011612,1.0,111,1713,ref,4.671091556549072,1.690703272819519,0.001,1713,3,0,0.17859622771010322,0.7064740627598391,0.2705360949039459,31.899496360793606,P1,1,0.000457535869489813,0.004673057995012227,0.2278713741998968,0.06070466612214195,56.0073753629225,10.07408862333142,30.351991812702362
-5.099346386990439,3.6212346033717706,11.042077054526471,0.12806640625,-5.010627422277245,3.118135548170046,8.545140226796988,0.11198242187500002,2.664963767348667,7.057845602864818,-4.0073451773992017e-05,-0.04484674922438431,0.027406042002166148,10.325682035847683,-0.3204750016494654,0.254243891451118,-4.9144778608484145,2.872553282341491,1.3711530167568138,3.1979926712626296,0.2152597669242823,0.29207220673561096,0.9265999794006348,0.2152597669242823,0.06671249634586275,0.023736478845197372,0.09044897519113139,7.126244039312724e-14,0.87193359375,0.87193359375,0.0,0.87193359375,0.10000000149011612,0,0.10000000149011612,1.0,112,1724,ref,5.094372272491455,1.8852933645248413,0.001,1724,3,0,0.1857634558219402,0.7348255057204094,0.29207220673561096,32.12364531847277,P1,1,0.00046155716829562545,0.004750432845556842,0.23345195761680865,0.0625607788450288,60.31266545474902,10.246125636591808,30.941449392475228
-4.968543253129984,3.7594466562615394,11.78054719360459,0.14076171875,-5.014224077068325,3.128671315768934,8.84524552302485,0.11122802734375001,2.672899856367093,7.1553189338756376,-0.03963458812741816,-0.04464357993524315,0.027883666194718486,10.391289834389461,-0.3275661272276193,0.2622580337480308,-4.900756769011523,2.9398156239363558,1.4466336183926058,3.2191539856949483,0.22668554815536482,0.2267284244298935,0.9275000095367432,0.22668554815536482,0.07596459821341899,0.022003165862655747,0.09796776407599246,8.22675261247241e-14,0.85923828125,0.85923828125,0.0,0.85923828125,0.10000000149011612,0,0.10000000149011612,1.0,113,1737,ref,6.232429504394531,1.7391939163208008,0.001,1737,3,0,0.17438069067086454,0.6897986401206797,0.2267284244298935,32.332445482566094,P1,1,0.00045200481471233676,0.004676779385906984,0.22210355712513843,0.06485958466009098,51.63451192298964,11.390348275075018,31.782282346194883
-5.216192674876493,3.746759325003452,12.06964513053571,0.13474609375,-5.139959602330667,3.1479766546456776,8.625113305991762,0.10694335937499999,2.731042632876935,7.205637452018464,-0.02692306670120635,-0.04560265633751962,0.027408259580164407,10.45651272330439,-0.3361238224990666,0.26732039032480515,-5.007560152330583,2.8995359831629615,1.405276585844918,3.2305215098551994,0.2212714856643288,0.2769838869571686,0.9240999817848206,0.2212714856643288,0.06855815826602062,0.02587940443624587,0.0944375627023355,6.901423876826129e-14,0.86525390625,0.86525390625,0.0,0.86525390625,0.10000000149011612,0,0.10000000149011612,1.0,114,1748,ref,5.8581438064575195,1.74479079246521,0.001,1748,3,0,0.1744944289411027,0.6902485552106942,0.2769838869571686,32.448675028864386,P1,1,0.00043277773519176,0.004507376761455874,0.2306615614991774,0.05971724462852047,56.41569004895415,10.071923463131286,29.063038219034965
-5.277596276300594,3.765533474825618,14.01745346120411,0.14021484375,-5.2971171097710075,3.1803540601830536,8.62239412327623,0.10369873046874999,2.8440248478026446,7.305661769769078,-0.035034669448891026,-0.04708751637130604,0.027031287779916577,10.516014937889322,-0.3451231653615832,0.276201025311328,-5.168665307959926,2.8765665915058367,1.5312093456286302,3.242230219822838,0.22619336065617973,0.2845795154571533,0.9208999872207642,0.22619336065617973,0.06654218079466892,0.031107078369130417,0.09764925916380025,9.159339953157541e-16,0.85978515625,0.85978515625,0.0,0.85978515625,0.10000000149011612,0,0.10000000149011612,1.0,115,1759,ref,4.339226245880127,1.5085959434509277,0.001,1759,3,0,0.1679690547889046,0.6644360974256709,0.2845795154571533,32.55248264449679,P1,1,0.000433785830004085,0.004549248552350204,0.22013448277450018,0.05788142187303352,55.502725135722216,9.273651725695549,28.185320768893405
-5.244842396910425,3.851926804052562,13.082440866869995,0.15,-5.313419186784423,3.1891392002264953,8.271859289749068,0.10764404296875,2.8442144036479418,7.41069349664563,-0.08429906187228246,-0.04733529638600516,0.026598701358099597,10.589953119578654,-0.35531829497776923,0.2858688476421206,-5.204242480102423,2.847329685992789,1.5145182242172552,3.2633425987799756,0.2350000012665987,0.23530533909797668,0.9251999855041504,0.2350000012665987,0.07476753820456551,0.02850746145345283,0.10327499965805688,3.8538616742300746e-14,0.85,0.85,0.0,0.85,0.10000000149011612,0,0.10000000149011612,1.0,116,1769,ref,4.461293697357178,1.6087318658828735,0.001,1769,3,0,0.1795627516675485,0.7102973467996311,0.23530533909797668,32.75499290889728,P1,1,0.0004502571965506827,0.004751566385981139,0.22543832872225975,0.06494688950973637,56.610359735076,10.373916981143145,31.283945760053854
-5.420135449409304,3.793483498857335,13.27767045109049,0.14341796875,-5.303110233757064,3.21180044067284,9.304822668524649,0.11501464843749999,2.9111246823415216,7.482868410408884,-0.07833102204415719,-0.04719939301757705,0.028101480167689707,10.651065265327379,-0.35687032299116256,0.28777221613451764,-5.191872864430792,3.000471019633562,1.4620569953896245,3.277665119065152,0.2290761731514067,0.23341871798038483,0.9230999946594238,0.2290761731514067,0.06591276719201682,0.03359512902007127,0.09950789621203389,5.4192761389515454e-14,0.85658203125,0.85658203125,0.0,0.85658203125,0.10000000149011612,0,0.10000000149011612,1.0,117,1781,ref,5.156118869781494,1.6840475797653198,0.001,1781,3,0,0.1741064498800999,0.688713824343157,0.23341871798038483,32.88957428386033,P1,1,0.0004365905546708203,0.004628955065297773,0.22391160595326598,0.06427687753215017,54.93833232586774,10.111337916493863,30.625289517973346
-5.737912411450513,3.9033722307496026,15.502809329630622,0.1329296875,-5.35087017224864,3.2439890227133,9.63911581792722,0.11577392578125,3.008790002146855,7.62360100239819,-0.10892622506065436,-0.04784359215183413,0.028804511368967084,10.726455398035966,-0.3692398941377178,0.28806346921907816,-5.270232785287276,3.0696153041489556,1.5729782993426698,3.294709260165835,0.21963672004203544,0.2509514093399048,0.9218999743461609,0.21963672004203544,0.06482657296648763,0.028533529126095986,0.09336010209260133,1.772193503057906e-14,0.8670703125,0.8670703125,0.0,0.8670703125,0.10000000149011612,0,0.10000000149011612,1.0,118,1791,ref,4.695855617523193,1.6347426176071167,0.001,1791,3,0,0.1805904916795845,0.714362783517267,0.2509514093399048,33.07058284261039,P1,1,0.00043882647451440863,0.004688322447381011,0.22977695706405488,0.06328786134086134,60.42813979828359,9.721686154647557,30.185435273901412
-5.849749398392206,3.9427156814423108,12.16908328782903,0.10998046875,-5.758647646941406,3.3075930843220602,9.421424940658333,0.0959912109375,3.303112985251137,7.718686676239008,-0.08162765003502685,-0.05125189412680486,0.028231683019254758,10.798671619527454,-0.37961189150810243,0.2848559809271483,-5.629743779102812,3.004372825176284,1.5617529969611077,3.3053145699018587,0.19898242320123244,0.3031502664089203,0.9200999736785889,0.19898242320123244,0.05976917132613007,0.019517488258582055,0.07928665958468009,3.2029934260435766e-14,0.89001953125,0.89001953125,0.0,0.89001953125,0.10000000149011612,0,0.10000000149011612,1.0,119,1804,ref,6.8950395584106445,1.7275002002716064,0.001,1804,3,0,0.18300527207954553,0.7239149433904444,0.3031502664089203,33.189899932556436,P1,1,0.0004257102721330333,0.004591930223053063,0.23829390729903638,0.06286279292407045,63.71406833524756,10.247180845327343,29.837122326087993
-6.040471230500546,3.9791124363260852,11.80142888360442,0.106171875,-5.7329160997531154,3.31820714492174,9.60134087601331,0.09790283203125001,3.2871148606173137,7.819169674687726,-0.09578587869535202,-0.05099958779517256,0.028394436837091343,10.872966167276353,-0.38660840564407406,0.28495462504112573,-5.610894584710092,3.0209021933835647,1.547976406502377,3.328248098280876,0.19555468883190769,0.2611737549304962,0.9187999963760376,0.19555468883190769,0.060330143538017605,0.016538376654219696,0.07686852019226896,3.1655233989624776e-14,0.893828125,0.893828125,0.0,0.893828125,0.10000000149011612,0,0.10000000149011612,1.0,120,1816,ref,3.987255334854126,1.4800572395324707,0.001,1816,3,0,0.18418540639310713,0.7285832070698849,0.2611737549304962,33.41881167877604,P1,1,0.00043784120900810033,0.00474425444292999,0.23164489739167962,0.063284562496189,64.29699997971136,9.455551199776142,29.740880337217725
