
== task ends t1-5: per-seed mean over tasks, median over seeds
         spread     zy_c    m_med   m_p05   m_min  M_mean      ce   shift         n1       n3   rank2   old_c  acc_old  correct
arm                                                                                                                            
A        9.1194  19.2730  10.2939  7.9716  6.6458  0.0012  0.0001  2.1395  4580.7744  16.2733  0.1696  2.7770   0.1006   1200.0
A_ce     7.2715  15.3410   9.2417  7.6696  5.9921  0.0043  0.0006 -0.1319  2627.5379  13.1235  0.1813  2.3193   0.1006   1200.0
F        5.4962  11.4644   6.5591  4.6113  2.6259  0.0295  0.0057  0.2539  1992.8936  12.7787  0.1964  2.0869   0.1007   1200.0
S_hi     8.0526  16.9248   9.7400  7.7972  6.2502  0.0016  0.0002  0.1281  1902.2027  29.0542  0.1947  3.1007   0.1006   1200.0
SA_iid   6.2800  13.0851   8.0585  6.8249  5.4482  0.0058  0.0007  0.0922   129.5298  64.6490  0.2638  3.6759   0.1006   1200.0
LR_abab  9.7884  20.7892  11.0949  8.4576  7.0341  0.0008  0.0001 -5.0325  4181.6881  15.4022  0.1760  3.1685   0.0996   1200.0
SA_abab  6.1729  13.2918   8.4401  7.2599  6.0354  0.0041  0.0005  0.0781   110.7439  48.2763  0.3191  3.5168   0.0996   1200.0

== task ends t5-14: per-seed mean over tasks, median over seeds
          spread     zy_c    m_med   m_p05   m_min  M_mean      ce    shift          n1        n3   rank2   old_c  acc_old  correct
arm                                                                                                                                
A        11.6764  23.6772  11.6109  8.0758  6.7167  0.0008  0.0001  20.5576  15118.1267   11.7576  0.1738  3.8695   0.1004  1200.00
A_ce      7.5146  15.1236   8.7218  7.2826  5.7859  0.0036  0.0004   3.6667   7707.5928    8.5676  0.1861  2.6760   0.1004  1200.00
F         5.4044  10.7923   5.8255  3.8558  1.6554  0.0487  0.0118   2.0596   5445.1841    8.8281  0.2114  2.4019   0.1006  1199.75
S_hi      7.5682  15.2725   8.4608  6.8290  5.4255  0.0045  0.0006   3.3042   3561.9286   99.5764  0.2281  3.8529   0.1004  1200.00
SA_iid    7.0406  14.1566   7.9067  6.4836  5.1417  0.0065  0.0009   0.0435    284.5296  132.4860  0.2543  4.0875   0.1004  1200.00
LR_abab  12.2841  26.4745  14.1419  9.6009  8.3055  0.0002  0.0000 -10.5089  11039.2607   10.0671  0.2591  6.7463   0.0996  1200.00
SA_abab   6.8013  14.5139   8.9058  7.6725  6.5168  0.0024  0.0003   0.0815    163.0971   57.0328  0.5131  5.9739   0.0996  1200.00

== task ends t41-50: per-seed mean over tasks, median over seeds
          spread     zy_c    m_med    m_p05   m_min  M_mean      ce     shift          n1        n3   rank2    old_c  acc_old  correct
arm                                                                                                                                   
A        19.0162  36.0128  15.9293   7.7175  5.7083  0.0006  0.0001 -128.1224  69623.9049   14.5732  0.1742   7.0120   0.0992   1200.0
A_ce      8.4936  16.0768   8.5288   6.9621  5.5152  0.0042  0.0005   46.1268  29193.4766   11.3754  0.1666   2.5915   0.0992   1200.0
F         5.6449  10.7471   5.4338   3.5420  1.2311  0.0662  0.0152   10.6377  19375.4167    5.3339  0.1917   2.2450   0.0992   1199.9
S_hi      9.0575  17.4157   8.5246   6.6368  5.0526  0.0047  0.0006   19.2187   6885.0787  272.8609  0.2078   4.3408   0.0992   1200.0
SA_iid    6.5295  12.9678   7.1124   5.7406  4.4044  0.0135  0.0020   -0.0099    899.0595  148.1931  0.2425   3.8287   0.0992   1200.0
LR_abab  21.4689  47.3448  26.0625  11.0662  8.8427  0.0000  0.0000  -38.5774  41509.7757   14.4900  0.2779  12.5552   0.0996   1200.0
SA_abab   7.5628  15.7758   9.2370   7.8685  6.8356  0.0017  0.0002    0.0943    293.2269   69.5632  0.6074   7.5661   0.0996   1200.0

== ratio t41-50 / t5-14: spread, |W1| (sqrt n1), median margin
         spread  normW1  m_med
arm                           
A         1.629   2.146  1.372
A_ce      1.130   1.946  0.978
F         1.044   1.886  0.933
S_hi      1.197   1.390  1.008
SA_iid    0.927   1.778  0.900
LR_abab   1.748   1.939  1.843
SA_abab   1.112   1.341  1.037

== rows with correct < 1199 at a task end (arm: count / 500)
arm
A        5
A_ce     1
F       21

== switch (crossover fork, 50 cases): medians, and by fork task
t                       10         20         30         40         48        all
push_cos            0.8613     0.8574     0.8554     0.8605     0.8680     0.8599
push_scale          1.7148     1.8849     1.9206     1.9240     1.8529     1.8448
push_resid_frac     0.6619     0.6262     0.6175     0.5981     0.5960     0.6208
undo_logit          1.3211     1.3039     1.2798     1.2870     1.3113     1.2914
cos_logit          -0.7954    -0.8292    -0.8206    -0.8261    -0.8353    -0.8189
undo_W1             0.1916     0.1988     0.2153     0.2295     0.2533     0.2206
keep_logit          0.6428     0.5830     0.5981     0.5915     0.5407     0.5981
keep_logit_proj     0.0506     0.0493     0.0496     0.0514     0.0556     0.0514
sw_t_m_med          5.4599     5.3441     5.4082     5.4749     6.1916     5.4749
end_t_m_med        11.7002    13.4065    14.3888    15.3893    15.8350    14.2941
sw_t_spread         5.8784     6.6868     7.2195     7.9089     8.7438     7.2195
end_t_spread       12.0143    14.9134    16.7870    18.3858    18.9221    16.6424
sw_t_M_mean         0.0647     0.0730     0.0744     0.0709     0.0507     0.0680
end_t_M_mean        0.0008     0.0008     0.0007     0.0005     0.0006     0.0007
sw_t_ce             0.0143     0.0182     0.0190     0.0187     0.0126     0.0177
end_t_ce            0.0001     0.0001     0.0001     0.0001     0.0001     0.0001
sw_new_M_mean     -10.8803   -11.7845   -12.5144   -13.4008   -15.2213   -12.5144
end_new_M_mean    -24.1127   -28.9534   -32.2803   -33.9832   -36.2471   -32.1432
sw_new_ce          10.9656    11.8725    12.6003    13.4898    15.2821    12.6003
end_new_ce         24.1136    28.9543    32.2809    33.9838    36.2476    32.1440
sw_new_m_med       -9.7006   -10.0497   -10.4791   -10.9922   -12.3517   -10.5077
end_new_m_med     -21.6768   -25.5000   -27.4429   -29.9740   -31.2743   -27.4429
sw_new_rank2        1.0000     1.0000     1.0000     1.0000     1.0000     1.0000
end_new_rank2       1.0000     1.0000     1.0000     1.0000     1.0000     1.0000
next_m_med          5.6500     5.6819     6.2576     6.4902     6.1243     6.0382
next0_m_med         5.5849     5.5693     6.2059     6.8164     6.2352     6.1442
next_spread         6.1528     7.0773     8.2791     9.0349     8.9133     8.2791
next0_spread        5.8253     6.4801     7.6801     8.3503     8.2962     7.6801
next_M_mean         0.0541     0.0557     0.0375     0.0283     0.0408     0.0449
next0_M_mean        0.0582     0.0613     0.0359     0.0235     0.0391     0.0407
next_rank2          0.2043     0.2001     0.1924     0.1984     0.1909     0.1983
next0_rank2         0.1924     0.1712     0.1759     0.1759     0.1796     0.1793
next_old_c          2.7188     3.2758     3.9253     4.2744     4.3310     3.7560
next0_old_c         2.4212     2.4763     2.8836     3.2349     3.1479     2.8455
next_acc_old        0.1042     0.1013     0.1058     0.1017     0.1004     0.1029
next0_acc_old       0.1042     0.1013     0.1058     0.1017     0.0938     0.1021
next_correct     1200.0000  1200.0000  1200.0000  1200.0000  1200.0000  1200.0000
next0_correct    1200.0000  1200.0000  1200.0000  1200.0000  1200.0000  1200.0000

== ABAB round trips (cycles 14-24): median
         cos_logit  cos_W1  close_logit  close_W1
arm                                              
LR_abab     -0.874  -0.398        0.504     1.095
SA_abab     -0.990  -0.926        0.141     0.383
