== task ends: median over seeds (g = log gauge, p = log path gain, per-unit medians; C = balance charges)
               g1     p1     g2     p2        C12       C23         n1        n2       n3  n3_common  b3bar
arm     t                                                                                                  
A       0   0.001 -1.100  1.169 -2.261      0.088    30.248     33.348    33.256    3.323      0.341  0.012
        1   1.300  1.303  0.900 -0.902   1246.216    83.943   1345.838   100.269   17.073      1.593  0.006
        5   1.619  2.731  1.575 -0.453   7439.071   291.192   7722.964   303.356   14.013      2.837 -0.014
        10  1.693  3.388  1.993 -0.264  15431.949   543.370  15937.867   549.666   11.410      3.023 -0.025
        25  1.803  4.199  2.407  0.007  39070.142  1126.803  39922.834  1098.103   10.251      3.082 -0.103
        50  1.890  4.751  2.472  0.405  75066.425  1861.729  75982.361  1738.371   15.704      8.911 -0.265
A_ce    0   0.001 -1.100  1.169 -2.261      0.088    30.248     33.348    33.256    3.323      0.341  0.012
        1   1.161  0.866  0.888 -1.173    691.153    61.761    765.312    74.449   13.039      0.517  0.012
        5   1.563  2.193  1.424 -0.783   4126.096   179.646   4308.614   190.145   11.289      0.562  0.017
        10  1.670  2.716  1.803 -0.742   7788.092   281.950   8049.001   287.921    8.092      0.774  0.024
        25  1.800  3.405  2.155 -0.525  17774.365   497.078  18157.079   498.126    7.294      2.407  0.054
        50  1.945  3.822  2.038 -0.105  31153.342   660.445  31405.075   647.330   12.729      8.566  0.110
F       0   0.001 -1.100  1.169 -2.261      0.088    30.248     33.348    33.256    3.323      0.341  0.012
        1   1.158  0.790  0.947 -1.316    639.792    58.812    709.091    69.326   10.594      0.456  0.012
        5   1.500  1.958  1.287 -0.827   3005.681   146.499   3157.658   157.971   12.147      0.425  0.012
        10  1.639  2.397  1.636 -0.898   5472.754   205.122   5664.784   212.094    8.045      0.450  0.011
        25  1.808  3.006  2.045 -0.839  11926.328   329.432  12149.435   332.560    5.842      0.560  0.013
        50  1.951  3.408  2.206 -0.728  20767.324   433.788  20792.702   431.044    5.452      1.006  0.013
LR_abab 0   0.001 -1.100  1.169 -2.261      0.088    30.248     33.348    33.256    3.323      0.341  0.012
        1   1.300  1.303  0.900 -0.902   1246.216    83.943   1345.838   100.269   17.073      1.593  0.006
        5   1.630  2.549  1.551 -0.607   6337.133   244.573   6577.682   255.081   12.184      3.253 -0.010
        10  1.749  3.018  1.912 -0.655  11251.736   354.313  11571.363   360.064    9.370      4.299 -0.015
        25  1.968  3.556  2.084 -0.460  24508.033   503.652  24839.288   496.522   11.219      7.333 -0.026
        50  2.196  3.920  2.183 -0.337  44963.176   653.627  44943.992   586.062   15.084     10.763 -0.069
SA_abab 0   0.001 -1.100  1.169 -2.261      0.088    30.248     33.348    33.256    3.323      0.341  0.012
        1   0.055 -0.351  0.322 -0.753      8.040    30.822     75.461    67.578   36.948      0.341  0.012
        5   0.191  0.091  0.281 -0.418     42.990    38.328    134.029    91.032   53.321      0.341  0.012
        10  0.248  0.254  0.293 -0.303     65.847    44.311    167.433   101.498   57.755      0.341  0.012
        25  0.321  0.509  0.334 -0.143    109.510    59.401    232.436   122.326   63.750      0.341  0.012
        50  0.357  0.745  0.390  0.005    153.686    80.905    304.761   150.631   70.458      0.341  0.012
SA_iid  0   0.001 -1.100  1.169 -2.261      0.088    30.248     33.348    33.256    3.323      0.341  0.012
        1   0.055 -0.351  0.322 -0.753      8.040    30.822     75.461    67.578   36.948      0.341  0.012
        5   0.140  0.470  0.201  0.109     43.545    45.722    183.842   140.501   95.033      0.341  0.012
        10  0.187  0.907  0.194  0.525     89.519    66.876    297.115   207.228  141.008      0.341  0.012
        25  0.378  1.376  0.283  0.718    297.858   118.755    572.302   274.579  157.165      0.341  0.012
        50  0.558  1.722  0.403  0.793    642.305   184.325    967.983   331.900  147.635      0.341  0.012
S_hi    0   0.001 -1.100  1.169 -2.261      0.088    30.248     33.348    33.256    3.323      0.341  0.012
        1   1.127  0.828  0.778 -1.074    639.788    58.814    714.356    74.245   15.864      0.456  0.012
        5   1.402  1.949  0.714 -0.158   2678.095   132.848   2846.435   174.576   42.643      0.394  0.013
        10  1.492  2.113  0.290  0.325   3517.745    81.458   3680.795   186.791  107.418      0.533  0.013
        25  1.707  2.275 -0.046  0.589   5089.826   -18.973   5094.874   189.266  220.479      1.558  0.017
        50  1.719  2.750  0.331  0.722   7829.388    94.195   7292.720   327.999  267.163      5.462  0.026

== switch (50 cases, median): push = s_sw(t)->end(t), ret = end(t)->s_sw(t+1), nopush = s_sw(t)->s_sw(t+1) without push, keep = with - without
push_dg1               -0.0168
ret_dg1                 0.0226
nopush_dg1              0.0134
keep_g1                -0.0078
push_dp1                0.0741
ret_dp1                -0.0379
nopush_dp1             -0.0160
keep_p1                 0.0502
push_dg2               -0.1841
ret_dg2                 0.1861
nopush_dg2              0.0245
keep_g2                -0.0123
push_dp2                0.2695
ret_dp2                -0.2486
nopush_dp2             -0.0454
keep_p2                 0.0725
push_dC12            2176.0982
ret_dC12             -584.6594
nopush_dC12          -164.3979
keep_C12             1823.4522
keep_C23               59.4192
push_dn1             2269.3268
ret_dn1              -687.7578
nopush_dn1           -210.4181
keep_n1              1874.2093
push_dn2               93.1223
ret_dn2               -66.4711
nopush_dn2            -26.4253
keep_n2                57.3146
push_dn3                3.3898
ret_dn3                -3.3979
nopush_dn3             -0.3495
keep_n3                 0.5382
push_dn3_common         0.0220
ret_dn3_common          0.0311
nopush_dn3_common       0.0373
keep_n3_common          0.0660
