
== task ends t2-5 (per-seed mean over tasks, median over seeds)
         z2_rms  frac_mean  neg_units  neg_entries  a2_rms  vis_a2  zc_rms  rel_z2  rel_a2  rel_zc  vis_new  vis_old  dz_from_a2  dz_from_W3  dz_total  cos_a2part_W3part
arm                                                                                                                                                                      
A        45.247      0.579      0.990        0.884   7.819   0.108  10.025   1.042   1.266   1.389    0.124    0.127    1342.286     533.552  1431.835             -0.010
A_ce     28.790      0.514      0.992        0.835   6.153   0.112   7.783   1.253   1.273   1.364    0.117    0.119    1072.233     407.624  1139.088             -0.010
F        24.199      0.539      0.997        0.862   4.750   0.106   5.765   1.097   1.184   1.332    0.123    0.124     805.561     258.126   839.703             -0.022
S_hi     25.080      0.572      1.000        0.874   4.465   0.108   8.689   1.132   1.142   1.349    0.130    0.130    1291.813     336.071  1244.843             -0.255
SA_iid    4.059      0.270      0.610        0.555   2.074   0.138   6.795   1.189   0.958   1.315    0.231    0.232     956.542     141.817   912.579             -0.363
LR_abab  38.965      0.538      0.966        0.844   9.130   0.113  10.832   1.055   1.362   1.356    0.111    0.111    1339.565     532.422  1462.348              0.039
SA_abab   2.624      0.218      0.232        0.385   2.198   0.159   6.619   1.021   0.847   1.201    0.278    0.279     834.531      77.523   822.540             -0.121

== task ends t5-14 (per-seed mean over tasks, median over seeds)
         z2_rms  frac_mean  neg_units  neg_entries  a2_rms  vis_a2  zc_rms  rel_z2  rel_a2  rel_zc  vis_new  vis_old  dz_from_a2  dz_from_W3  dz_total  cos_a2part_W3part
arm                                                                                                                                                                      
A        96.098      0.622      1.000        0.920  14.030   0.087  12.600   0.638   1.073   1.346    0.119    0.126    1611.829     927.766  1795.136             -0.069
A_ce     52.455      0.571      1.000        0.882   9.131   0.091   7.935   0.728   1.159   1.321    0.109    0.116    1044.217     553.970  1148.098             -0.060
F        40.110      0.611      1.000        0.907   6.153   0.096   5.732   0.644   1.086   1.291    0.128    0.133     753.707     282.453   811.578              0.031
S_hi     33.930      0.727      1.000        0.971   3.687   0.052   8.073   0.469   0.660   1.269    0.192    0.191    1167.002     186.433  1127.755             -0.271
SA_iid    9.903      0.586      0.979        0.863   1.732   0.126   7.444   0.724   1.064   1.253    0.173    0.171    1027.438     120.654  1018.450             -0.137
LR_abab  57.209      0.520      0.972        0.841  14.127   0.145  13.118   0.783   1.210   1.234    0.117    0.113    1444.535     888.991  1739.318              0.049
SA_abab   3.151      0.109      0.519        0.499   2.172   0.166   7.045   1.135   0.977   1.067    0.201    0.201     814.878      43.382   818.569              0.053

== task ends t41-50 (per-seed mean over tasks, median over seeds)
          z2_rms  frac_mean  neg_units  neg_entries  a2_rms  vis_a2  zc_rms  rel_z2  rel_a2  rel_zc  vis_new  vis_old  dz_from_a2  dz_from_W3  dz_total  cos_a2part_W3part
arm                                                                                                                                                                       
A        279.361      0.667      1.000        0.952  34.195   0.049  21.003   0.433   0.765   1.301    0.105    0.109    2560.963    1833.386  2964.708             -0.122
A_ce     110.147      0.597      1.000        0.911  16.951   0.061   9.129   0.546   0.948   1.314    0.092    0.096    1154.623     882.709  1310.280             -0.198
F         76.505      0.619      1.000        0.924  10.876   0.063   6.075   0.516   0.919   1.286    0.101    0.105     776.317     434.897   850.435             -0.092
S_hi      37.005      0.729      1.000        0.985   3.855   0.024  10.068   0.412   0.543   1.290    0.134    0.133    1395.096     195.647  1395.935             -0.054
SA_iid    18.765      0.658      1.000        0.955   2.066   0.066   6.977   0.414   0.680   1.225    0.218    0.218     930.930     183.925   936.277             -0.068
LR_abab   99.664      0.531      0.984        0.855  24.267   0.191  23.334   0.660   1.031   1.213    0.144    0.144    2240.698    1964.370  3045.833              0.046
SA_abab    5.772      0.207      0.961        0.670   2.421   0.136   7.865   1.170   1.210   1.042    0.104    0.104     895.316      47.766   900.803              0.099

== switch, crossover fork (50 cases, median)
z2_rms_sw                  187.527
z2_rms_end                 195.916
z2_rms_next                191.642
push_rel_a2                  0.487
push_rel_z2                  0.240
push_rel_zc                  1.402
push_vis_new                 0.104
push_vis_old                 0.101
push_dz_from_a2           1089.576
push_dz_from_W3            581.042
push_dz_total             1319.931
push_cos_a2part_W3part       0.186
ret_rel_a2                   0.747
ret_rel_z2                   0.429
ret_rel_zc                   1.026
ret_vis_new                  0.096
ret_vis_old                  0.107
ret_dz_from_a2            1372.007
ret_dz_from_W3            1445.646
ret_dz_total              2067.730
ret_cos_a2part_W3part        0.100
undo_a2                      0.863
undo_z2                      0.520
