zbar_cur,sigma_cur,between_cur,pos_frac,zbar_inv,sigma_inv,between_inv,pos_frac_inv,var_off,var_wid,var_cross,rowmean,rowmean_sd,cnorm,bias,bias_sd,star,star_sd,eps_max,w2col,gate_mean,ce_probe,acc,dead_hard,dead_soft,sat,immobile_units,gate_neg_frac,inv_units,beyond_frac,frozen_frac,frozen_units,zc_bad_lo,zc_bad_hi,zc_mut_fires,past_zc_frac,past_zc_units,task,step,clamp,pressure,arm,iv,seed
0.7573630891639972,1.0364213279187,0.40283435004649176,0.74248046875,0.21996711686293022,0.35231180155886244,0.3142158828746362,0.6369580078124999,0.034748901648113374,0.08697387243747,0.0024008314320678945,0.0019348693598005642,0.005157998692525223,1.1677258184409944,0.01916335301124491,0.03244755982199457,0.2173671364477302,0.5251503797225652,0.18516201025166995,0.7597847441106643,0.7754815742605737,0.3288693428039551,0.9115999937057495,0,0,0.04087890684604645,0,0.0,0,0.0,0.0,0,0,0,0,0.09156250208616257,2,1,625,ref,0.0,GELUA,none,2
0.10114319907365388,1.261090336244601,1.350458272234384,0.51736328125,0.10897022456743695,0.4867874181163792,0.6969574372657685,0.5803564453125,0.07334729283831304,0.1617578306160936,0.0018568669820039404,0.001014025294422151,0.007939214299467666,1.5750566706704945,0.02234033854212612,0.04631406074069308,0.12621487086480582,0.8018886176430967,0.2588524430115239,0.824400007724421,0.5678130640925575,0.26500388979911804,0.9265999794006348,0,0,0.11874999850988388,0,0.0,0,0.0,0.0,0,0,0,0,0.30833983421325684,21,2,625,ref,0.0,GELUA,none,2
-0.20716270953106494,1.2787171113263782,1.6775764180929744,0.411953125,-0.1305532176716952,0.563972058957638,0.9148763647939618,0.46625488281249994,0.09538423015674569,0.22440275507924695,-0.0017225019510752027,-0.0012052006893344572,0.009047280033723796,1.8559119460234337,0.021546595630206868,0.05834440476921246,-0.10191152582713613,0.9089824633434445,0.35072960515194707,0.8820528220147023,0.46771108402748807,0.26447272300720215,0.9180999994277954,0,0,0.1571679711341858,0,0.0,0,0.0,0.0,0,0,0,0,0.41523438692092896,34,3,625,ref,0.0,GELUA,none,2
-0.43535328647210664,1.34123625519472,1.5134268147972838,0.35533203125,-0.38816013670600436,0.6322257362617125,1.0887809059866635,0.3517822265625,0.12239809436006803,0.2744488023568321,0.002862484874764357,-0.0036650938485805673,0.009667780885760216,2.0634918722877487,0.020626872967986855,0.06716739517060852,-0.3548173211110047,0.9756998154081031,0.4200946665800178,0.9330301163431336,0.4144735399030259,0.26611557602882385,0.9205999970436096,0,0,0.18152344226837158,0,0.0,0,0.0,0.0,0,0,0,0,0.4835546910762787,46,4,625,ref,0.0,GELUA,none,2
-0.5608675897304013,1.3877479937293487,1.9026278186660306,0.31892578125,-0.5142356095552347,0.692518917390958,1.3299732012050538,0.30972656249999997,0.1595168977339826,0.3200514741084779,1.4079101884047762e-05,-0.004864659236907796,0.01075418352018672,2.2381365599353398,0.02034008452843409,0.07732140523905094,-0.47798496310359545,1.0883149957868012,0.3805825736471946,0.9817162896438285,0.3782551581762787,0.2787169814109802,0.9218000173568726,0,0,0.20810547471046448,0,0.0,0,0.0,0.0,0,0,0,0,0.5291601419448853,54,5,625,ref,0.0,GELUA,none,2
-0.8400958423472717,1.3808910880603948,2.2894440677378656,0.28521484375,-0.660349531119337,0.7452268695505164,1.5007717553651978,0.28392822265625,0.19733229204141636,0.3639254638771093,-0.005894668818463324,-0.006244881493123789,0.01154754010064661,2.3835079835605217,0.02052768809371628,0.0847277582645096,-0.619184307333822,1.1737317341761884,0.4125458749817946,1.030283855590003,0.3399427372075043,0.25965356826782227,0.9280999898910522,0,0,0.26636719703674316,0,0.0,0,0.0,0.0,0,0,0,0,0.573437511920929,56,6,625,ref,0.0,GELUA,none,2
-0.99887733263446,1.3743580645552724,2.6214157557336217,0.27724609375,-0.8203872095238531,0.7939494205418043,1.6107277597093619,0.2584765625,0.23210936483079067,0.4065859250900624,-0.00833960754218632,-0.007883136953280696,0.011856376040504943,2.513685432816697,0.01940266038349364,0.09109183952723901,-0.7881286396362926,1.2086140063000057,0.4136799227051586,1.0755847580675946,0.3287883487510598,0.26437821984291077,0.9243000149726868,0,0,0.2988867163658142,0,0.0,0,0.0,0.0,0,0,0,0,0.5920116901397705,58,7,625,ref,0.0,GELUA,none,2
-0.9823927406615743,1.4338478384923727,2.6590554509095785,0.2783203125,-0.9153868375160628,0.8438651818436141,1.7953057609461072,0.2495654296875,0.264783852496991,0.4561501175403722,-0.0088255249094074,-0.00873848081459317,0.012445617373463442,2.6485922198346032,0.020412961091205942,0.0961982437844873,-0.8747378924620446,1.2743191253771806,0.39152285576803014,1.1214153492230319,0.3304092880469564,0.28908461332321167,0.9106000065803528,0,0,0.30275389552116394,0,0.0,0,0.0,0.0,0,0,0,0,0.5962499976158142,60,8,625,ref,0.0,GELUA,none,2
-1.1538765030294345,1.465890793317938,2.2980895876340326,0.25173828125,-1.0672147188712835,0.8946380023472592,1.90572004434773,0.23153808593749997,0.30815489859915246,0.5001807892494087,-0.007958532604666618,-0.010117344152687939,0.012914053728100788,2.7647012771681556,0.019829577134223654,0.10065425778837221,-1.016569019615712,1.3207857429418137,0.41562990497903063,1.1551683891052582,0.30376990448184943,0.29686546325683594,0.9257000088691711,0,0,0.32175782322883606,0,0.0,0,0.0,0.0,0,0,0,0,0.619433581829071,68,9,625,ref,0.0,GELUA,none,2
-1.2245912490124804,1.5206455460591266,3.201007855052255,0.27353515625,-1.1486766236694246,0.9391236911892281,2.1621004646722226,0.23387939453125,0.3521024424049445,0.5404378217502864,-0.010586956802349905,-0.010913533320808086,0.013726278470659785,2.872582528437001,0.0211419135495089,0.10456504089196869,-1.0968165594025219,1.4056649686365932,0.4084276786554102,1.193469876482275,0.3198793579075436,0.2813904583454132,0.9264000058174133,0,0,0.34974610805511475,0,0.0,0,0.0,0.0,0,0,0,0,0.607421875,63,10,625,ref,0.0,GELUA,none,2
-1.2528180373950875,1.5164809552973573,3.239664715506695,0.25533203125,-1.1798525037251013,0.9736844376909027,2.337244048130267,0.2384130859375,0.37022514094859216,0.5820071626090895,-0.004170919356232209,-0.011096242758434254,0.0141498112849152,2.9831493823025155,0.024012667012866588,0.10789635423805367,-1.1126621609342071,1.4492184494941676,0.41828631413456563,1.2372977062168653,0.3039447902784688,0.25930148363113403,0.932699978351593,0,0,0.34974610805511475,0,0.0,0,0.0,0.0,0,0,0,0,0.6232226490974426,62,11,625,ref,0.0,GELUA,none,2
-1.3715614676913646,1.5138291916309043,3.320537390337388,0.25548828125,-1.257978484599994,1.0124072216695932,2.48046794742541,0.22546630859375,0.40879769190403714,0.626557759138215,-0.010387068553507708,-0.012033004312293052,0.014568414564055667,3.0959345385613584,0.02515013935044408,0.11187550457333449,-1.2074844924005372,1.4953111878936571,0.4856598475838203,1.2786366319483096,0.30287209735194764,0.26661935448646545,0.9298999905586243,0,1,0.36380860209465027,0,0.0,0,0.0,0.0,0,0,0,0,0.6325781345367432,61,12,625,ref,0.0,GELUA,none,2
-1.2091098950014554,1.5362228765226418,2.880618745973932,0.268515625,-1.2794408796747205,1.0357675254204373,2.4305382696671005,0.2302099609375,0.4142783057996745,0.669966374717664,-0.011430313801762475,-0.01230577520471523,0.014504702667909458,3.1967196736656867,0.02740578015014762,0.1140595539246367,-1.2331709049573434,1.4885618631658097,0.5462167982909858,1.3091442493478667,0.31744985185806274,0.22372858226299286,0.934499979019165,0,0,0.33525389432907104,0,0.0,0,0.0,0.0,0,0,0,0,0.6045312285423279,63,13,625,ref,0.0,GELUA,none,2
-1.2563249162696541,1.5479552070567086,3.4959902214660534,0.265625,-1.2966909932043835,1.068117201294306,2.617668113005282,0.230478515625,0.44408318527970647,0.7139363598658267,-0.017145189444751987,-0.012635804954388333,0.015105814848877807,3.302654413157308,0.02998114353744313,0.11465985199962103,-1.2644030669724586,1.5446765317462354,0.610784396126077,1.34617741564938,0.3140189800402117,0.2647075951099396,0.9291999936103821,0,3,0.34712889790534973,0,0.0,0,0.0,0.0,0,0,0,0,0.6187499761581421,65,14,625,ref,0.0,GELUA,none,2
-1.595544675623111,1.6316370937368265,3.317011238074382,0.21828125,-1.4348862179379946,1.1141104941799544,2.7853175121286142,0.210537109375,0.49951644905893416,0.759015480553427,-0.017289736370459163,-0.013871433799325185,0.01561557932576587,3.400317608702455,0.030735426796600223,0.11815545110010937,-1.3902238988492315,1.59663341386354,0.6110303052843292,1.3832562804959958,0.26464164154219605,0.28753212094306946,0.9236000180244446,0,3,0.40449219942092896,0,0.0,0,0.0,0.0,0,0,0,0,0.6753320097923279,68,15,625,ref,0.0,GELUA,none,2
-1.6715819840437507,1.6064889798585453,3.869585900521455,0.22169921875,-1.469621381456183,1.1444354145991606,2.9772735438020153,0.21087646484375003,0.5298376708503879,0.7982627339325812,-0.018367986594216505,-0.014235223417215353,0.016127711307499463,3.487268238881742,0.03454089963226579,0.12389838360649005,-1.4236842384445283,1.658140960541593,0.6177825651136852,1.4123712689867096,0.26575064270187604,0.2810993194580078,0.9264000058174133,0,2,0.4269140660762787,0,0.0,0,0.0,0.0,0,0,0,0,0.6820703148841858,72,16,625,ref,0.0,GELUA,none,2
-1.7230647393248244,1.645807853262832,4.161440941120098,0.22421875,-1.565669475613024,1.1861261827328038,3.302819187945498,0.21006347656250002,0.5913323889949055,0.8345394986569358,-0.018976566287548693,-0.015123468900579922,0.016962695145268512,3.5701239489658305,0.034229218985419724,0.12941202680523375,-1.51498584279422,1.750368289154631,0.5622279272269324,1.4415742367291298,0.26714588516129667,0.2618049681186676,0.9307000041007996,0,3,0.42724609375,0,0.0,0,0.0,0.0,0,0,0,0,0.6771484613418579,69,17,625,ref,0.0,GELUA,none,2
-1.788618904732082,1.6881646658465952,4.497930130202068,0.2281640625,-1.619391774219348,1.2161871056549869,3.418584598005795,0.20430908203125,0.6199100467090166,0.8778868911755344,-0.018685861923096583,-0.01566146797701391,0.01720841787506378,3.6573337278977562,0.03543734532606322,0.13321583340927273,-1.5688891646216028,1.7785826337923352,0.5649901460297495,1.4800611114100526,0.2690158205394806,0.27573373913764954,0.9174000024795532,0,3,0.4435742199420929,0,0.0,0,0.0,0.0,0,0,0,0,0.6727148294448853,70,18,625,ref,0.0,GELUA,none,2
-1.7340401987008172,1.708281958489345,4.883237968529238,0.24865234375,-1.604957536224584,1.2478330300529663,3.8387618002535784,0.226259765625,0.6536079148326398,0.9193258852358112,-0.015846529177284022,-0.015548664479539929,0.01814058946136849,3.733990112720102,0.03849071602235199,0.13578003242087797,-1.554280450474883,1.874593006068006,0.5440431534079408,1.5040921522014772,0.2904232240738949,0.24977634847164154,0.9302999973297119,0,3,0.4297851622104645,0,0.0,0,0.0,0.0,0,0,0,0,0.6484375,67,19,625,ref,0.0,GELUA,none,2
-1.7733038544985937,1.7327723745921904,5.320819802912191,0.245390625,-1.62685883929119,1.2743470356456088,4.0756827628706205,0.23237304687500002,0.6834099040522525,0.9551525014353026,-0.014602038228804253,-0.01578956334498099,0.018642956429439552,3.810835685653248,0.040953069070237685,0.137181416590441,-1.5764952500802893,1.9300720712956059,0.5531220297470125,1.525884808453133,0.2857879868889793,0.2711021900177002,0.9273999929428101,0,3,0.4320312440395355,0,0.0,0,0.0,0.0,0,0,0,0,0.6508007645606995,67,20,625,ref,0.0,GELUA,none,2
-1.7655839157820032,1.7557513984613418,5.815405500187101,0.24689453125,-1.6906681001310766,1.2987576006706676,4.221460509967256,0.21500244140625002,0.7216603023850052,0.9926332469536611,-0.027522244038837754,-0.016345559544183225,0.019055172330427965,3.8878210386582106,0.038073911004466936,0.14137573987261295,-1.6363294421900887,1.980935982536931,0.6363349623779517,1.546320917586641,0.2871626679994096,0.26609688997268677,0.9232000112533569,0,3,0.43150389194488525,0,0.0,0,0.0,0.0,0,0,0,0,0.6533007621765137,68,21,625,ref,0.0,GELUA,none,2
-1.8417029149038098,1.7859440873688543,5.514414217960004,0.23921875,-1.7530070490913476,1.326409156512088,4.292646219595261,0.21126708984375003,0.7532299458684806,1.0364771877706096,-0.030345883159981327,-0.017089532439783204,0.019125814743574804,3.9740042485736677,0.03907305768225342,0.14636563222228027,-1.7115412510143895,1.9959569392577554,0.7456798644823275,1.5731078749734837,0.27863133545483937,0.26810377836227417,0.9228000044822693,0,3,0.4508398473262787,0,0.0,0,0.0,0.0,0,0,0,0,0.6695703268051147,67,22,625,ref,0.0,GELUA,none,2
-1.810302329884001,1.7975765363588743,5.691800741128851,0.234140625,-1.8311609094913945,1.3534626400530922,4.221267139817521,0.1927001953125,0.779228622623929,1.0850900548872087,-0.03245755949165172,-0.017840913310109677,0.019033055494192392,4.054875499161179,0.0395389248043648,0.1491960286264041,-1.7880451961155988,1.9888404202848098,0.7885791242952598,1.6027268308280345,0.2754150479088027,0.24071872234344482,0.9262999892234802,0,3,0.44294920563697815,0,0.0,0,0.0,0.0,0,0,0,0,0.6690234541893005,71,23,625,ref,0.0,GELUA,none,2
-1.9546291192423388,1.8359275821426944,5.917618019613043,0.23763671875,-1.8556612681467703,1.380538482685656,4.564509932629358,0.20137939453124998,0.8203522782451494,1.121042606337533,-0.03550838240666923,-0.018081562380699724,0.01973648104070796,4.121819545803802,0.03926841219887137,0.15336356112302973,-1.812967272936434,2.065121239967095,0.7615792992135262,1.6225274919878165,0.2756831907413418,0.27818799018859863,0.9217000007629395,0,4,0.46134766936302185,0,0.0,0,0.0,0.0,0,0,0,0,0.6710156202316284,66,24,625,ref,0.0,GELUA,none,2
-2.0161654725102833,1.8339216776412033,6.499897099729662,0.22326171875,-1.9321312149637873,1.4201075480229652,4.924223010786056,0.19872070312499998,0.890300499447207,1.1597468490484868,-0.033341900543895735,-0.01880133247363338,0.02059301339980077,4.190535847123929,0.04222597278188914,0.15542136909124338,-1.8837413857096919,2.1541181131608655,0.6891385419759599,1.6404936331521396,0.26258928762686506,0.26683562994003296,0.9221000075340271,0,3,0.46677735447883606,0,0.0,0,0.0,0.0,0,0,0,0,0.6868945360183716,70,25,625,ref,0.0,GELUA,none,2
-2.1307761146584827,1.8583903751158681,6.2076175719633895,0.2187109375,-2.044927046391962,1.458601505301892,5.155837506631093,0.19082275390625,0.9576624446994104,1.2024683749689644,-0.032612468399429606,-0.01982550875066129,0.02105572251608131,4.262454018365903,0.04198355525964871,0.15615237927897402,-1.988898180000888,2.198269682928571,0.6463408177246284,1.6648961149407222,0.25576873404131123,0.21588627994060516,0.9279999732971191,0,3,0.4917578101158142,0,0.0,0,0.0,0.0,0,0,0,0,0.7018359303474426,75,26,625,ref,0.0,GELUA,none,2
-2.1367760883103384,1.8814265265205643,6.630049372384397,0.210625,-2.1424215869919214,1.4911935066948303,5.379355715597442,0.18321533203124998,1.0223807075533937,1.2377605080032872,-0.03648314114785608,-0.020736256638486064,0.021515690511795568,4.329410430939314,0.04012413982010912,0.1608482898925765,-2.0840526162175745,2.2517759795369203,0.6703734891804274,1.68257906267901,0.2503896001179161,0.2588290274143219,0.9226999878883362,0,4,0.4787304699420929,0,0.0,0,0.0,0.0,0,0,0,0,0.69775390625,73,27,625,ref,0.0,GELUA,none,2
-2.136646540870278,1.8841964988418365,6.879195939286077,0.2184765625,-2.1392239322940396,1.510665321244007,5.579555463558221,0.18820556640625,1.0364214086993597,1.2741547332608252,-0.02846642915092622,-0.02069757928667271,0.021835526675218146,4.394267427207561,0.0428277967532631,0.16479082240059764,-2.0773869359964494,2.2887449011279197,0.7686169145665849,1.7005588878400255,0.256416498268247,0.2690580189228058,0.9282000064849854,0,3,0.48753905296325684,0,0.0,0,0.0,0.0,0,0,0,0,0.7002539038658142,74,28,625,ref,0.0,GELUA,none,2
-2.1063356260746495,1.925313486434416,8.003040165821577,0.24412109375,-2.199419664737304,1.5504168122097937,6.123680483751224,0.1911181640625,1.1102616622956731,1.3169209197429057,-0.023390290455800468,-0.021284513113371997,0.02272970355008821,4.455486195918149,0.04373346787760966,0.16795593996631825,-2.136605481780807,2.384010090237901,0.7025144805817514,1.720277884427032,0.2799587190512579,0.260708749294281,0.9232000112533569,0,4,0.4816210865974426,0,0.0,0,0.0,0.0,0,0,0,0,0.6716601848602295,69,29,625,ref,0.0,GELUA,none,2
-2.306914576661837,1.9603519282660922,8.042700934040619,0.21701171875,-2.2480908702083235,1.5782542325971012,6.53231679088687,0.19448974609375003,1.1762102296638968,1.3444699008366152,-0.029793707789847322,-0.02182544764942989,0.023471627518187585,4.511361584271156,0.04284720766445389,0.17353243787096378,-2.19290389222264,2.4657737108286573,0.6695637092341693,1.736753427776212,0.2523731845320888,0.2647760808467865,0.92330002784729,0,4,0.5095508098602295,0,0.0,0,0.0,0.0,0,0,0,0,0.7063867449760437,74,30,625,ref,0.0,GELUA,none,2
-2.2636250628718253,2.013204074772254,7.649309802586386,0.2138671875,-2.261810516167306,1.6014839959840461,6.819324996367403,0.20004150390625003,1.2129428246638958,1.384671489646492,-0.03286332491735988,-0.022065873140197013,0.023925841165264645,4.569512649893335,0.043518610795727,0.17752751318820792,-2.2168611502788744,2.517029539515428,0.6643967054992925,1.7503005321559997,0.25028444972215863,0.2792026400566101,0.9211000204086304,0,4,0.49074217677116394,0,0.0,0,0.0,0.0,0,0,0,0,0.6986718773841858,74,31,625,ref,0.0,GELUA,none,2
-2.4283874984090663,2.0200334189945637,7.567477744955105,0.19890625,-2.3646728209061187,1.6279540503662604,6.812222080393378,0.18595458984375,1.26388939837557,1.424960371113238,-0.038615379384895364,-0.023074013448550475,0.023904681073100603,4.633197953217442,0.04284578593680635,0.18274118814112184,-2.3208056623648217,2.521591143433053,0.7125258501235869,1.7687338533132482,0.23546757324620166,0.31627416610717773,0.9211000204086304,0,4,0.5162109136581421,0,0.0,0,0.0,0.0,0,0,0,0,0.7206640839576721,75,32,625,ref,0.0,GELUA,none,2
-2.260745656008234,2.044786361192547,8.651242480504258,0.235859375,-2.4056585293325843,1.656275101011961,7.104814924474265,0.1858447265625,1.3113403504108763,1.4721914382779169,-0.04028457845661234,-0.023453290261990084,0.024397321929974618,4.69272706373705,0.04373250888398616,0.18674525739756553,-2.358771226272406,2.576732533382546,0.6968957085937872,1.7858818436476724,0.27067220662593544,0.24467423558235168,0.9284999966621399,0,4,0.4895898401737213,0,0.0,0,0.0,0.0,0,0,0,0,0.6792187690734863,73,33,625,ref,0.0,GELUA,none,2
-2.602708905274085,2.051038417315619,9.152324811886198,0.20080078125,-2.5252732632894923,1.6911248359775912,7.281039296058843,0.17873535156249998,1.388359278357461,1.5107474513978216,-0.03920351889504808,-0.024593341986480412,0.02465197234794813,4.748192711731805,0.04519123272271827,0.1899792575626044,-2.474096906487994,2.605017686492629,0.6830242394065871,1.8049281790538678,0.23382264270283137,0.2429671436548233,0.9254000186920166,1,5,0.5411913990974426,1,0.0,0,0.0,0.0,0,0,0,0,0.7270117402076721,75,34,625,ref,0.0,GELUA,none,2
-2.3935599261471117,2.0491795459340483,9.760380455916994,0.231796875,-2.4498820824422802,1.7090941707053862,7.943193917797638,0.1935986328125,1.4197690180105582,1.5391605345280215,-0.03792666819944741,-0.023973263698781385,0.0257927738386081,4.802178033062198,0.04778783729998395,0.1949990296396261,-2.4079808389422137,2.728223296117138,0.6653147168239582,1.819452781719217,0.26641505000911897,0.26148340106010437,0.9241999983787537,0,5,0.49927735328674316,0,0.0,0,0.0,0.0,0,0,0,0,0.6859765648841858,74,35,625,ref,0.0,GELUA,none,2
-2.69478887143188,2.089174956973882,10.09884305069164,0.2039453125,-2.5339645925550265,1.7434406424740987,8.323189999596606,0.19200927734375003,1.5021982520009334,1.5715689633085368,-0.034181941478972314,-0.024789935099768422,0.026408993620000848,4.854766104656768,0.04831286031760101,0.19799519441734909,-2.491113847243409,2.79447477755897,0.6956877916285684,1.840610662707926,0.2368222496412591,0.2938384413719177,0.9210000038146973,0,5,0.5463281273841858,0,0.0,0,0.0,0.0,0,0,0,0,0.7203710675239563,76,36,625,ref,0.0,GELUA,none,2
-2.6406341399368434,2.17369727470216,11.006963968612062,0.21796875,-2.5807105132687775,1.7663190802271886,8.478007303167278,0.18271240234375,1.5422564042670235,1.6176317259765183,-0.040005037068919475,-0.025172183233121058,0.02670810047593082,4.91138368439687,0.049085392149863766,0.20088242704859655,-2.5294979777761113,2.8250990422971745,0.6915078554360692,1.8638420698217368,0.25071154974346543,0.2961913049221039,0.9190999865531921,0,5,0.5344531536102295,0,0.0,0,0.0,0.0,0,0,0,0,0.7095507979393005,77,37,625,ref,0.0,GELUA,none,2
-2.5618687747282127,2.187953836991473,10.980513692212135,0.2275390625,-2.539067227003008,1.774758461040604,8.645978620221719,0.18548583984375,1.531464993919395,1.6541962590671055,-0.03589365795128735,-0.024784324242343246,0.026893750404217497,4.970350552840277,0.04916165464674123,0.2012534642360772,-2.489690288957023,2.8460391609455082,0.6813250033477383,1.8830667822561131,0.2601795017573148,0.25189733505249023,0.9297000169754028,0,5,0.5262109637260437,0,0.0,0,0.0,0.0,0,0,0,0,0.6960546970367432,73,38,625,ref,0.0,GELUA,none,2
-2.721462235042429,2.1863950234509644,10.433921752424704,0.198671875,-2.6255043835865974,1.8035007123695987,8.827574224413924,0.1774609375,1.5931730897673035,1.6876938722272536,-0.02825214247690726,-0.025544066149141283,0.02718329012026444,5.025077458687004,0.048843937774654476,0.20075322706871962,-2.5678343043333878,2.8764770437313985,0.7410893316575877,1.8982861979749677,0.23140308708204493,0.296635240316391,0.9222999811172485,1,4,0.5474609136581421,1,0.0,0,0.0,0.0,0,0,0,0,0.7277538776397705,77,39,625,ref,0.0,GELUA,none,2
-2.6414844827054647,2.2158651795768365,10.807675539778364,0.2157421875,-2.684357543750807,1.8291181350039762,8.99123158208003,0.1768701171875,1.6369471411084924,1.7280736803057648,-0.01934766961383345,-0.026059940199383114,0.02739600453677112,5.082563085564984,0.05101036366191693,0.2037296903053242,-2.61851288734387,2.9022280067188437,0.7297021209246566,1.910565907523532,0.24737893939168532,0.257726788520813,0.9251000285148621,0,4,0.5384765863418579,0,0.0,0,0.0,0.0,0,0,0,0,0.7090039253234863,72,40,625,ref,0.0,GELUA,none,2
-2.5862597210342333,2.1976943949505077,11.294310640843664,0.21720703125,-2.5971046961025546,1.8320059522224852,9.165694004768744,0.1876953125,1.6100071241227891,1.7649062277177392,-0.018667542861913976,-0.025207790154974416,0.02776148850122785,5.134120553102825,0.053842005628976036,0.2076294856720213,-2.5283888594584245,2.946021056069334,0.7753881452330718,1.9293849549637432,0.25064875361596967,0.2800150215625763,0.9175999760627747,1,4,0.5259960889816284,1,0.0,0,0.0,0.0,0,0,0,0,0.7082812786102295,74,41,625,ref,0.0,GELUA,none,2
-2.610329485090689,2.2321218954933157,11.668302464419954,0.22267578125,-2.580041883250697,1.8482061513844097,9.490433678190346,0.19136718749999998,1.6386598467456368,1.7986749639657276,-0.021468832696193516,-0.02520895544307,0.028207551117321903,5.189828395071802,0.054062442752183415,0.2096896623675518,-2.5282877918979043,2.993343133261563,0.8596137653696436,1.943680642853054,0.25435731670381734,0.24892757833003998,0.9244999885559082,2,4,0.5293750166893005,2,0.0,0,0.0,0.0,0,0,0,0,0.7022851705551147,77,42,625,ref,0.0,GELUA,none,2
-2.8050880068042905,2.191358490281437,10.162843000778732,0.18169921875,-2.674463940810841,1.869058596431305,9.30445313040412,0.18222900390625,1.6697596048429773,1.8418766886804712,-0.018256256629689268,-0.026092518678141094,0.027883677281981496,5.241361100868713,0.05380410458019469,0.21075746355865344,-2.619056414503011,2.9625413235922076,0.8641988361895273,1.9583601179085155,0.21398132104788226,0.2719168961048126,0.91839998960495,1,4,0.560546875,1,0.0,0,0.0,0.0,0,0,0,0,0.7488086223602295,81,43,625,ref,0.0,GELUA,none,2
-2.7479869722727073,2.28834227449369,10.711065176407974,0.1992578125,-2.6399557846613333,1.8729171504535558,9.18663499054087,0.18049560546875001,1.643621285414484,1.8742530847100967,-0.010055717661513525,-0.025850990816705707,0.02769867908678827,5.298194847691425,0.056146093478892,0.21211043683033398,-2.5919728399776996,2.9447477539860163,0.8667207876646181,1.9773568687135912,0.23175327175703975,0.29715099930763245,0.9218999743461609,1,5,0.5451562404632568,1,0.0,0,0.0,0.0,0,0,0,0,0.7266406416893005,78,44,625,ref,0.0,GELUA,none,2
-2.7002024955348647,2.235224743138025,11.073892512805918,0.21548828125,-2.68835558575199,1.8972210151780917,9.537138378760723,0.18124755859375,1.7053936644108052,1.9000156317498662,-0.005961715727283257,-0.026261629188096814,0.028280162004467285,5.347023245837047,0.05566626626066864,0.21292322487240214,-2.634517563423492,3.001417631696818,0.7696350751469123,1.9893848837231065,0.24694405456561114,0.3034953773021698,0.9214000105857849,1,5,0.5403906106948853,1,0.0,0,0.0,0.0,0,0,0,0,0.7129882574081421,75,45,625,ref,0.0,GELUA,none,2
-2.719110156666564,2.286239724087374,13.05069397844683,0.22060546875,-2.636497779779312,1.9251320534799876,10.571377477028516,0.1992724609375,1.772640797345329,1.934568923509928,-0.0010762975191833046,-0.025874370756690315,0.02964269453136767,5.395347153847697,0.05667192258872092,0.21392573520674013,-2.593842000761113,3.138753332520678,0.7513934480412403,2.003667709963797,0.2513165931799744,0.27720120549201965,0.9215999841690063,1,4,0.5410742163658142,1,0.0,0,0.0,0.0,0,0,0,0,0.7069140672683716,71,46,625,ref,0.0,GELUA,none,2
-2.7719752778272184,2.3125905061419694,12.55131179138317,0.21951171875,-2.683855258548566,1.93431586019412,10.31265562566769,0.18932128906249998,1.780868448088297,1.9669134795832581,-0.006204080673037074,-0.026311558066644807,0.029377884568364605,5.445786310898081,0.05797128005578998,0.21668516105115343,-2.6373271546950265,3.1163557832633324,0.7271794374843701,2.0182703942107376,0.24861206485803822,0.2541370689868927,0.9186999797821045,0,5,0.5556640625,0,0.0,0,0.0,0.0,0,0,0,0,0.7158398628234863,74,47,625,ref,0.0,GELUA,none,2
-2.7333005586886054,2.324516368301817,12.517648012425584,0.2253125,-2.671517608775826,1.9470453777761583,10.679733123505116,0.19427978515625,1.8122062410661275,1.9984474153302876,-0.019667953276912117,-0.026245425600927116,0.029898249655672927,5.496198768363063,0.05863636659923941,0.21815256692821583,-2.629887603071112,3.176051387779769,0.751853533975935,2.02722375564865,0.25648606594170065,0.320919007062912,0.9156000018119812,2,5,0.5416796803474426,2,0.0,0,0.0,0.0,0,0,0,0,0.70361328125,75,48,625,ref,0.0,GELUA,none,2
-2.739402558890947,2.2898615040858554,12.648974589695845,0.21416015625,-2.7047887173960783,1.9630977260671338,10.762520433010534,0.19199462890625002,1.8350257635788352,2.035512365779289,-0.016785447268173537,-0.02647584565318302,0.030028106750766528,5.543741284976269,0.058752129545318894,0.21879612289531394,-2.6533755660848364,3.1897964791676636,0.7191694597449589,2.041459649296021,0.2446200209630193,0.3133808970451355,0.9120000004768372,1,6,0.55126953125,1,0.0,0,0.0,0.0,0,0,0,0,0.7188476324081421,77,49,625,ref,0.0,GELUA,none,2
-2.8975771700599893,2.3385529356648362,13.216294035498446,0.21189453125,-2.774443898518208,1.996273035286449,11.266434067008563,0.19075195312499998,1.9306703105683851,2.069130138200711,-0.01469441735732362,-0.027195196408100104,0.03076706076629066,5.588297206061239,0.05796146796259563,0.22306908230403016,-2.727854944954991,3.2655571191667736,0.7874786839858318,2.0603717137141384,0.239795762116769,0.2673138976097107,0.9221000075340271,3,5,0.5719531178474426,3,0.0,0,0.0,0.0,0,0,0,0,0.7275781035423279,77,50,625,ref,0.0,GELUA,none,2
-2.7946047664084417,2.322421787317869,13.048772412639062,0.21220703125,-2.7999569059773197,2.025950132220362,11.932995112749762,0.190546875,2.0076060211136126,2.1055989601175717,-0.008731042987482718,-0.027354805903717104,0.031703291933928415,5.631885482152698,0.0558417471149005,0.22521210892095211,-2.746324713284414,3.363321678111283,0.8127220721139153,2.0732938003417742,0.24395831955187647,0.26084041595458984,0.9199000000953674,2,6,0.5378320217132568,2,0.0,0,0.0,0.0,0,0,0,0,0.7125781178474426,76,51,625,ref,0.0,GELUA,none,2
-2.87060406914829,2.3719310120222143,14.286055992913242,0.21607421875,-2.8799256203410004,2.050690763338095,12.22282183270001,0.18709716796875,2.081796309131018,2.131641406804433,-0.008105109095273264,-0.028039958560500743,0.032123830214038765,5.670622877652525,0.05240932665998116,0.2245364153976167,-2.8199426726844923,3.4048731444903546,0.7981818429317544,2.0839935455475675,0.24495745096882104,0.2585044205188751,0.9229999780654907,1,5,0.5599023699760437,1,0.0,0,0.0,0.0,0,0,0,0,0.7174218893051147,74,52,625,ref,0.0,GELUA,none,2
-2.790201316458331,2.420793471491911,13.696345397421728,0.22388671875,-2.9818773073787446,2.075821725497106,12.308601131332189,0.17800537109375,2.1432863612336646,2.163868543381939,0.0018809314301777458,-0.028987582696139658,0.03211858338046045,5.715853338647608,0.051959822745993735,0.22333673928124217,-2.9174647195110004,3.3970875176064257,0.7965342710671952,2.0938628743106733,0.2530998020532339,0.2907661199569702,0.9158999919891357,3,6,0.548046886920929,3,0.0,0,0.0,0.0,0,0,0,0,0.7104101777076721,76,53,625,ref,0.0,GELUA,none,2
-3.0282883520527593,2.4004061191564845,14.092326294491818,0.21099609375,-2.9600927149912786,2.074143333220294,12.109466941494638,0.17922363281249998,2.1117327784674838,2.194990866345643,-0.004653078070935571,-0.028808468144853015,0.03184960815736384,5.760406044997479,0.05420674642315135,0.22340567145200843,-2.896869693129277,3.367448876174908,0.8593875677562537,2.1026018335527414,0.23930084731573018,0.29000383615493774,0.9156000018119812,0,7,0.5790625214576721,0,0.0,0,0.0,0.0,0,0,0,0,0.7274414300918579,77,54,625,ref,0.0,GELUA,none,2
-2.805192132756251,2.4365943500764815,13.912367322549454,0.229921875,-2.953355603702522,2.081987506493742,11.990296398137648,0.18260498046875,2.0947463892165343,2.2390331092332167,0.0008924787462773187,-0.028809590984936757,0.03161482928174911,5.808571552861545,0.053138636610237884,0.22256841024102078,-2.8980528242234267,3.346139533296031,0.9260975713693529,2.11474528266867,0.25871703915544836,0.27340075373649597,0.9168999791145325,0,5,0.5537695288658142,0,0.0,0,0.0,0.0,0,0,0,0,0.7047265768051147,75,55,625,ref,0.0,GELUA,none,2
-3.0463199341711857,2.446530293689722,12.969237113348228,0.2089453125,-2.959638427116514,2.0896701940227116,11.967963162244045,0.18410888671875,2.105060516106521,2.2734956949170213,-0.011834691236624824,-0.028901588750071917,0.03167327242966494,5.855025015847949,0.0535255963075906,0.2219810609766799,-2.9070899142817477,3.3525158829722366,0.9227105627235732,2.129514723213445,0.2370880149538445,0.2651999592781067,0.9172999858856201,0,5,0.5831640362739563,0,0.0,0,0.0,0.0,0,0,0,0,0.730175793170929,77,56,625,ref,0.0,GELUA,none,2
-2.67694002912021,2.4644249541674292,12.517564949583258,0.23126953125,-2.8971407045626405,2.088575488303426,11.777004015859918,0.19124267578125,2.0543285003133405,2.3123153269689443,-0.00449625694038969,-0.02834802697980716,0.0314734734767512,5.911766977224765,0.05744971753330901,0.21571474498984766,-2.8464601365854647,3.3224859807814493,0.8831942395810599,2.148110660349471,0.2597203253432091,0.26937177777290344,0.9169999957084656,1,4,0.557910144329071,1,0.0,0,0.0,0.0,0,0,0,0,0.7108789086341858,72,57,625,ref,0.0,GELUA,none,2
-2.80150473298658,2.4631461726938313,14.306323847165213,0.2375,-2.8452648908189517,2.0921562151538744,11.737134657299423,0.1982275390625,2.0220788333512774,2.3560395596271433,-0.0010007643714371147,-0.027957044861364837,0.03137559397314319,5.955745002081451,0.058813589190831406,0.21732946423981483,-2.8050449122416454,3.313535846849728,0.8533292288522596,2.155382185634886,0.2642601536574646,0.2984822988510132,0.920199990272522,1,5,0.5628515481948853,1,0.0,0,0.0,0.0,0,0,0,0,0.7045702934265137,71,58,625,ref,0.0,GELUA,none,2
-2.9705305976207295,2.4925103748700637,13.693800789576088,0.2212109375,-2.8836414949773745,2.09971767682875,11.52247933247468,0.1973681640625,2.0183428542494175,2.3898918481735505,0.0005796199641543132,-0.028287100508200175,0.031025816749661723,6.002786220074342,0.058739646626927426,0.2161270249370728,-2.8389290330565933,3.277915918195791,0.8775725509868352,2.1670886084978407,0.24748805631039006,0.29005637764930725,0.913100004196167,1,4,0.5860351324081421,1,0.0,0,0.0,0.0,0,0,0,0,0.7223047018051147,75,59,625,ref,0.0,GELUA,none,2
-3.086634117833238,2.453163787848106,14.20848577611914,0.22408203125,-2.9120045818412548,2.123910530090526,11.778970773684637,0.1992578125,2.0734246581605804,2.4386123589738222,-0.001041077304982141,-0.028655595199999696,0.03145989595323136,6.0461188315475125,0.05746230481192469,0.21957615135231615,-2.8779541647784326,3.3246220152845916,0.8439797486823333,2.18196103836167,0.2500970490266377,0.2848561406135559,0.9146000146865845,1,6,0.5777929425239563,1,0.0,0,0.0,0.0,0,0,0,0,0.7142578363418579,76,60,625,ref,0.0,GELUA,none,2
-2.6589528525804287,2.4754423804145977,14.633913888305383,0.2486328125,-2.830047673303861,2.1232176812156633,11.714674751887905,0.20486083984375,2.0271070413736823,2.4876776242343612,-0.006731343781224359,-0.027914198947941785,0.0314835392042564,6.090313946584847,0.056761091123335064,0.2198029315893496,-2.8027083686913055,3.3262095225691426,0.8902115916499427,2.1965772705430306,0.2778403695383427,0.2861438989639282,0.9190000295639038,0,5,0.5304101705551147,0,0.0,0,0.0,0.0,0,0,0,0,0.6841601729393005,74,61,625,ref,0.0,GELUA,none,2
-2.753783933340507,2.4799104844614512,14.113230859612234,0.2371875,-2.8258931192105097,2.131435035904711,11.629019165618935,0.2057958984375,2.0142215741771885,2.5372553060989964,-0.008461567994068496,-0.027836392950791343,0.031373510844040504,6.13654568637798,0.05858788945712149,0.22105756909216617,-2.792911294260504,3.311102228868662,0.8697051462619996,2.2101091125430217,0.2664319235720802,0.2963404655456543,0.9193999767303467,1,5,0.5513281226158142,1,0.0,0,0.0,0.0,0,0,0,0,0.6964257955551147,72,62,625,ref,0.0,GELUA,none,2
-2.8995016036344,2.461662322813278,13.806647076741953,0.2168359375,-2.8625360221381846,2.1415671776241667,11.548889235090915,0.20018310546875004,2.0272504130391336,2.566284750818051,-0.007225187580045229,-0.02817909602675416,0.03124867209094266,6.18218321633648,0.05668865825980902,0.22266585500468208,-2.8299162786742262,3.2995011415805555,0.9115539487163145,2.2252565902509245,0.24511736113263322,0.3053598701953888,0.916100025177002,3,5,0.5675585865974426,3,0.0,0,0.0,0.0,0,0,0,0,0.7228124737739563,79,63,625,ref,0.0,GELUA,none,2
-2.9173396063272223,2.4983412191799768,15.491326087061012,0.2305078125,-2.8457050026439092,2.160333407811706,12.162971435932262,0.20713378906250002,2.0640020078220047,2.6022976554914936,0.0007407695938398629,-0.027989795917750505,0.03192506927355689,6.221268867129375,0.0577372222597478,0.22682668178826745,-2.809476225724702,3.372435852689752,0.8587939623237739,2.241196533899766,0.2569598093732885,0.2840384244918823,0.9175000190734863,2,6,0.5681445598602295,2,0.0,0,0.0,0.0,0,0,0,0,0.7098827958106995,72,64,625,ref,0.0,GELUA,none,2
-3.008104001402726,2.539544120787233,16.637096643384282,0.2398046875,-2.8363095957551314,2.185473880133272,13.039524198164502,0.215029296875,2.1481545095743257,2.630707551633735,-0.0025659804632800908,-0.027878206561199704,0.033150273688511825,6.259494143800119,0.0579383242316544,0.2273005111356893,-2.797844154241814,3.495860027074193,0.9484142356802628,2.2531284054566147,0.26500985000283334,0.31169962882995605,0.9038000106811523,3,4,0.5783789157867432,3,0.0,0,0.0,0.0,0,0,0,0,0.7030273675918579,73,65,625,ref,0.0,GELUA,none,2
-2.9760605810727396,2.546944622939036,17.0045655318552,0.2422265625,-2.921845023052326,2.2184974487602473,13.75104068221558,0.21300537109375,2.2769764692006076,2.6512592463216516,-0.00650478536653323,-0.02876042415114748,0.03408052764754234,6.2948543992450645,0.05397108182776719,0.23343473887048935,-2.892183836136857,3.5956496736322183,0.928410750457977,2.2660294722698096,0.267681407513261,0.255855530500412,0.9120000004768372,0,5,0.5718554854393005,0,0.0,0,0.0,0.0,0,0,0,0,0.7026953101158142,72,66,625,ref,0.0,GELUA,none,2
-3.102733345073024,2.547524053452825,15.719230387813848,0.2210546875,-3.0403889371368713,2.2435538188475252,13.738742350807863,0.20238037109375004,2.3442641527001005,2.6969716982427956,-0.007702112877582318,-0.02978835627974226,0.03405973103879198,6.333887614464304,0.051607585521414874,0.23296269320340693,-2.9998464504283153,3.5958450321179143,0.8969086196857956,2.2760412329655484,0.2474330183978752,0.2719724476337433,0.9135000109672546,3,5,0.5839062333106995,3,0.0,0,0.0,0.0,0,0,0,0,0.7201562523841858,78,67,625,ref,0.0,GELUA,none,2
-2.960925478406116,2.5792252127550137,16.388287348568063,0.23712890625,-3.0504806920858063,2.261705565346418,14.041480293886364,0.2012109375,2.3849824126291796,2.7306094280986146,-0.0002797764088322752,-0.02993323115662461,0.034452507208217256,6.374945356534441,0.05206750692683272,0.23373931026208736,-3.014227194402981,3.634637369703785,0.8528438936426861,2.2880887800754635,0.26340184710990594,0.2973814308643341,0.9110999703407288,3,4,0.5715038776397705,3,0.0,0,0.0,0.0,0,0,0,0,0.7059570550918579,73,68,625,ref,0.0,GELUA,none,2
-2.7799078135680264,2.5916729137626153,17.720719503176667,0.26490234375,-3.0072739195425924,2.2746196690695624,14.657648275385375,0.21405761718750002,2.415117526564286,2.7670782725223604,-0.008301160168522524,-0.029641973674992553,0.0350805658499424,6.417116393179302,0.054719619709067045,0.2359763889565009,-2.9817393025169796,3.6991595656346474,0.8792027485604281,2.29648605793262,0.2909166556151305,0.30427122116088867,0.9153000116348267,2,5,0.5461328029632568,2,0.0,0,0.0,0.0,0,0,0,0,0.6755077838897705,70,69,625,ref,0.0,GELUA,none,2
-2.7349220301713153,2.552496822905655,16.198363652892496,0.25705078125,-2.888688253458331,2.2526215027575156,14.095550526365798,0.22055908203125002,2.2842162765885283,2.8054495755723354,-0.015362217475335407,-0.02848957998914065,0.03439929111529278,6.461170603770959,0.0567539894109359,0.23755883387853172,-2.861656245244955,3.632336678890858,0.9304451031105407,2.309449377164373,0.2844884452986362,0.26393526792526245,0.9128999710083008,3,5,0.543261706829071,3,0.0,0,0.0,0.0,0,0,0,0,0.6803905963897705,73,70,625,ref,0.0,GELUA,none,2
-3.0134711955769022,2.5925063385444775,16.221677924054937,0.23396484375,-2.940732578451644,2.265338988350406,14.08694961404915,0.2130810546875,2.321994269646349,2.8348137574466676,-0.025047294952577053,-0.029033675262580782,0.034423934803399094,6.496513642759919,0.0561893594484718,0.2382467321596995,-2.9179568044573703,3.636347925274327,0.9104661807939061,2.319102706226881,0.25892524757515467,0.28101831674575806,0.9182999730110168,1,4,0.5829492211341858,1,0.0,0,0.0,0.0,0,0,0,0,0.7103320360183716,74,71,625,ref,0.0,GELUA,none,2
-2.8408413461102815,2.60416966310467,16.779509812979267,0.2499609375,-2.8747777013581115,2.2622620312258532,13.929463680625169,0.21624267578125,2.2720869517677404,2.868724750514845,-0.022982204356461925,-0.028470510189269015,0.03426082384816638,6.536677786682847,0.05638675423018867,0.2407100520276625,-2.8600700118544062,3.6226974298467947,0.9266465193322229,2.329432626930701,0.27662692036832454,0.31813138723373413,0.9053999781608582,3,5,0.5547070503234863,3,0.0,0,0.0,0.0,0,0,0,0,0.688671886920929,70,72,625,ref,0.0,GELUA,none,2
-2.730661871645969,2.6016750134482396,17.064375579317144,0.25486328125,-2.7647653532267613,2.270856074969828,14.68054714190715,0.23037841796875003,2.286605350757574,2.8960845650257214,-0.02590260255592372,-0.027417203231482237,0.03528952976955305,6.575243979721268,0.05857633972918848,0.24275259624451195,-2.7499819663917675,3.726563862581119,0.9104538207469539,2.344183880481329,0.2825085548696029,0.3007679879665375,0.9074000120162964,3,5,0.541308581829071,3,0.0,0,0.0,0.0,0,0,0,0,0.6812890768051147,72,73,625,ref,0.0,GELUA,none,2
-3.0117692768607958,2.620122356474332,17.256139322298317,0.2348828125,-2.868049300805078,2.283981187394649,14.3480915461011,0.22285888671875,2.3180264154944523,2.9277885993079575,-0.029244950429739465,-0.02838570240301709,0.034910572588090535,6.613790256604074,0.05573906948789954,0.2420173835757169,-2.8520301725450783,3.6894073861468386,0.9516378768139702,2.3604215710454453,0.2612372734370648,0.2693060040473938,0.9168000221252441,3,7,0.56689453125,3,0.0,0,0.0,0.0,0,0,0,0,0.7047265768051147,74,74,625,ref,0.0,GELUA,none,2
-2.5658859589059726,2.5840506428822594,16.007805808954878,0.26908203125,-2.9038203555725124,2.2920066250576645,14.20305177044092,0.21464355468750002,2.3254076360986407,2.9550076531305685,-0.02712091992098404,-0.02866586387876784,0.03477371088448169,6.65399578030268,0.05825236382777803,0.2417020151657665,-2.878216006746194,3.6714882086711333,0.9637894877820621,2.37401760561177,0.29687834669763763,0.2934102714061737,0.9072999954223633,3,4,0.529589831829071,3,0.0,0,0.0,0.0,0,0,0,0,0.6661328077316284,68,75,625,ref,0.0,GELUA,none,2
-2.8517847501575426,2.639066649093918,17.6310792159265,0.258125,-2.8956147827959917,2.304819583562347,14.554502295950856,0.22171875,2.3575506081299373,2.9933361130807055,-0.038693408438133604,-0.028642256650566095,0.035194269166016624,6.687769444771532,0.05813863781688269,0.24304236915628433,-2.8759114599562237,3.7192281156835234,0.9422663095578381,2.3829740594705493,0.28437812890365777,0.31304192543029785,0.909500002861023,3,4,0.5544335842132568,3,0.0,0,0.0,0.0,0,0,0,0,0.6824414134025574,72,76,625,ref,0.0,GELUA,none,2
-2.9958182897376573,2.67459960068551,18.158130292053155,0.2517578125,-2.884490196124388,2.3190104143470793,15.024738191634206,0.22216796875000003,2.3860659518592007,3.0240443600756675,-0.0323010100846567,-0.02844422171160156,0.03570498792835545,6.7247492410169105,0.057394291986711324,0.2443831509729332,-2.8563695399687226,3.7768131947401318,0.9404880056535103,2.390914314038516,0.2770233842622677,0.2597193419933319,0.9169999957084656,2,4,0.5627148151397705,2,0.0,0,0.0,0.0,0,0,0,0,0.6915624737739563,72,77,625,ref,0.0,GELUA,none,2
-3.019315675785496,2.6298045396140255,18.279331727996272,0.240234375,-2.970808390075232,2.3419538293190683,15.275534117836528,0.2150390625,2.468093625635258,3.0491796834949003,-0.0325255704679117,-0.029272046335442357,0.03603758837372699,6.758002647761946,0.05422388510312885,0.24629385831654782,-2.9443404899153482,3.8159168759035027,0.9125658244414502,2.400882947636393,0.2654083350249815,0.30004823207855225,0.9039999842643738,3,7,0.573046863079071,3,0.0,0,0.0,0.0,0,0,0,0,0.7020508050918579,74,78,625,ref,0.0,GELUA,none,2
-3.2469688763613647,2.7009943189803454,19.67736464931746,0.22728515625,-3.085276176695844,2.3808598017744598,16.110980956245115,0.215732421875,2.610363486241021,3.0773821223231415,-0.019252212858641683,-0.030260184000792955,0.03693421251058545,6.789875372206693,0.05293632714310661,0.251474337687802,-3.046850708121937,3.9152702540381137,0.9557025861853425,2.4091130654798314,0.2513982071192676,0.31908613443374634,0.9035999774932861,3,6,0.5983007550239563,3,0.0,0,0.0,0.0,0,0,0,0,0.7210742235183716,77,79,625,ref,0.0,GELUA,none,2
-2.9684646973929216,2.7515551876133104,19.840428162481945,0.2474609375,-3.1291096453944096,2.4160157470720356,16.997584870159635,0.21620849609375,2.736287333800251,3.1172348587543786,-0.016390102454582334,-0.030811268480864115,0.03795337552297919,6.827622106982789,0.053271461843978615,0.2551764402840804,-3.1029674617048766,4.0217354913267656,1.0000603079049193,2.4227791222296933,0.27312594845868987,0.26937854290008545,0.9128000140190125,3,4,0.5632617473602295,3,0.0,0,0.0,0.0,0,0,0,0,0.6941015720367432,69,80,625,ref,0.0,GELUA,none,2
-3.106290209469545,2.7295106328520102,19.37907289589938,0.25048828125,-3.1472911314081453,2.427940338283012,17.16469932402493,0.21489501953124998,2.7553152478958327,3.149785295038573,-0.01020625667258106,-0.030966756120028114,0.03804564910232943,6.863966541390057,0.0538288917276077,0.2560496608041374,-3.118337845347164,4.031290820462064,0.9762658264132349,2.437800314131178,0.27666993516826544,0.28599873185157776,0.9115999937057495,3,6,0.5594531297683716,3,0.0,0,0.0,0.0,0,0,0,0,0.6885741949081421,70,81,625,ref,0.0,GELUA,none,2
-3.375939491932457,2.813884987556009,19.494900867836417,0.234296875,-3.2281388465706256,2.4472502032715617,17.352337217209733,0.21120849609375003,2.8161331447432847,3.1821098117009194,-0.009209399031505059,-0.0316216632499277,0.03820469052493213,6.900451825162017,0.0535756069002673,0.25815083097277924,-3.1856783835273648,4.048896250719229,0.9696162952113623,2.4438269968065427,0.2566573247437452,0.32443976402282715,0.9106000065803528,3,5,0.6028906106948853,3,0.0,0,0.0,0.0,0,0,0,0,0.7160937786102295,73,82,625,ref,0.0,GELUA,none,2
-3.4764483945349,2.8231599219533847,21.122986447249733,0.21498046875,-3.3411205610834647,2.4719072117947354,17.405372261556106,0.20571044921874998,2.895424740231208,3.225525281474096,-0.010624757982481256,-0.03267832264702201,0.038221801947133066,6.938252593781238,0.05041650771861896,0.2578831168816514,-3.297079359219681,4.049748448793245,1.1213122988451127,2.448687807867803,0.2375305582109409,0.3000865578651428,0.9023000001907349,3,5,0.6183398365974426,3,0.0,0,0.0,0.0,0,0,0,0,0.7349414229393005,77,83,625,ref,0.0,GELUA,none,2
-3.273111857008636,2.77977213249201,21.122539304496726,0.24177734375,-3.3241607340000034,2.4864410891290216,17.969896516503137,0.21562255859374999,2.9242952687999155,3.2561291548553095,0.001964866053890681,-0.03250947054068697,0.03869273719774808,6.971315537032332,0.049939988912083205,0.26032686817686745,-3.280259037726738,4.101865117016227,1.0654705967889178,2.4578337112291515,0.2646555603130362,0.3121480345726013,0.9068999886512756,3,6,0.5928124785423279,3,0.0,0,0.0,0.0,0,0,0,0,0.7073437571525574,72,84,625,ref,0.0,GELUA,none,2
-3.3036954777152983,2.8557897411717295,21.3967304982334,0.24134765625,-3.311143724551658,2.4996920417313424,18.466817573580595,0.2210986328125,2.9564256677215752,3.289855923256042,0.002178712517388871,-0.03236339466508773,0.039174813580032504,7.002367990684224,0.04733949021436274,0.2624847285739815,-3.267895843363781,4.155506770399406,1.0717728524195773,2.4706368986255782,0.26543296505856157,0.2846375107765198,0.9110000133514404,3,5,0.5787304639816284,3,0.0,0,0.0,0.0,0,0,0,0,0.7026953101158142,74,85,625,ref,0.0,GELUA,none,2
-3.1929847905716544,2.8288938905050145,21.9228196221212,0.2378125,-3.2109960883120197,2.492490523732186,18.46898229192703,0.22544677734375,2.9012091167716267,3.317933550179619,-0.006633656056497741,-0.03154357662215964,0.03922796953125672,7.037761800097961,0.04962324367137626,0.2632185615552787,-3.1816317234728335,4.159694213296783,0.9864595608053359,2.4825276323404357,0.2620144361558995,0.2777315378189087,0.9050999879837036,3,4,0.5873242020606995,3,0.0,0,0.0,0.0,0,0,0,0,0.7104882597923279,76,86,625,ref,0.0,GELUA,none,2
-3.2056396569334673,2.858165872242123,21.368833280337313,0.2470703125,-3.260390469220353,2.50795549809666,18.491254833937248,0.21916015625,2.9309622343655177,3.3624883283914717,-0.0036097823237246683,-0.03187066741652485,0.03929474363064544,7.08215603070989,0.04917080283630639,0.2639046401661076,-3.2155906295594447,4.168294797967231,0.9570048517367126,2.4930435751130564,0.2707917947256897,0.29990115761756897,0.9135000109672546,3,6,0.5792773365974426,3,0.0,0,0.0,0.0,0,0,0,0,0.6988476514816284,69,87,625,ref,0.0,GELUA,none,2
-3.343636542983413,2.8670602472614024,20.33758729503701,0.23375,-3.309382708662972,2.5164753204869164,18.432572137388334,0.21351318359375,2.964875466531483,3.390370899587408,-0.022598327499161634,-0.032401048257994274,0.03923782882792647,7.115705799604805,0.04677131450327579,0.2678784008634978,-3.2723211707405606,4.169170723922468,1.0413525015317742,2.50211993859331,0.25743543629302396,0.28521260619163513,0.9143999814987183,3,5,0.593066394329071,3,0.0,0,0.0,0.0,0,0,0,0,0.7142968773841858,78,88,625,ref,0.0,GELUA,none,2
-3.4324458587953557,2.9068502079398617,21.67204559324806,0.227109375,-3.244061647025971,2.518480599112194,18.682151342120445,0.22235595703125002,2.9408032010701213,3.4168673982880136,-0.01492607125362091,-0.03175832731502846,0.03949455375068979,7.152527642727194,0.050684717278927566,0.2687253883128802,-3.2025688409363573,4.19485860146234,1.0560906919852564,2.507271264325353,0.2505235296596389,0.3397684395313263,0.9057000279426575,3,6,0.600878894329071,3,0.0,0,0.0,0.0,0,0,0,0,0.7223241925239563,74,89,625,ref,0.0,GELUA,none,2
-3.3159211603631356,2.8467612898772727,21.338246560855428,0.24474609375,-3.3118560470930523,2.542984531508373,18.985813199110503,0.21661376953125,3.0162404206120867,3.4520381249522303,-0.0015082180734579342,-0.03242034410064093,0.03978966033773954,7.186126954881223,0.049094138698419554,0.26940870500814434,-3.2719749704439725,4.223811757693495,1.0761371155805217,2.5237654809011527,0.2686750278515336,0.3011423945426941,0.9072999954223633,3,6,0.5800390839576721,3,0.0,0,0.0,0.0,0,0,0,0,0.7006445527076721,73,90,625,ref,0.0,GELUA,none,2
-3.341975014117489,2.8631263317015736,21.291179601959524,0.2397265625,-3.294252024859059,2.543761078548429,18.90550883057086,0.22035888671874998,2.991406769368947,3.4795729945829303,-0.0002593392140100037,-0.032269244937943795,0.039639659824771314,7.222121988754292,0.052647897866554556,0.2728917791079536,-3.252942943676548,4.211015015451503,1.0650163432888893,2.533168365273568,0.2617060915028083,0.3192127048969269,0.9075000286102295,3,6,0.5992382764816284,3,0.0,0,0.0,0.0,0,0,0,0,0.7119726538658142,74,91,625,ref,0.0,GELUA,none,2
-3.111220230902798,2.8652241458572933,20.395105435240207,0.25326171875,-3.2186805623174912,2.5317044769103965,18.424485443992303,0.21956787109375,2.8882624434150856,3.5197579232147427,0.0015071917783145694,-0.03148721605491695,0.03912900203905993,7.2566159893183,0.05377336452889722,0.27444924954667693,-3.171708149432261,4.161241247577535,1.0811837729885636,2.545329074655033,0.2766432140563163,0.3057132959365845,0.9144999980926514,3,5,0.5721484422683716,3,0.0,0,0.0,0.0,0,0,0,0,0.6936132907867432,73,92,625,ref,0.0,GELUA,none,2
-3.197591153694691,2.851912572552791,21.432116214100066,0.2467578125,-3.2222420573180783,2.547688094108623,18.93867118929255,0.2241162109375,2.937792804316292,3.549852657470071,0.003069163076464938,-0.03153217267980299,0.0396422000374753,7.291260075177527,0.054470460563898086,0.2796636013535856,-3.175616311678815,4.219722403714184,1.038754293865101,2.551826148385137,0.2696771884290484,0.28956037759780884,0.9156000018119812,3,6,0.5871875286102295,3,0.0,0,0.0,0.0,0,0,0,0,0.7015820145606995,75,93,625,ref,0.0,GELUA,none,2
-3.4218404768311763,2.8989921840479207,21.520451785643232,0.23056640625,-3.3071786085615047,2.556164027726456,18.489278120636424,0.21741699218749996,2.9565330722652368,3.580734176694063,-0.003292712316560301,-0.03223733106545545,0.03927981190163947,7.328757309812058,0.05441205126815476,0.2792968276471575,-3.2479096030095342,4.180038723671946,1.0706659854611553,2.5638249757079894,0.2537662346548896,0.305338054895401,0.9114000201225281,3,6,0.5992382764816284,3,0.0,0,0.0,0.0,0,0,0,0,0.7165429592132568,75,94,625,ref,0.0,GELUA,none,2
-3.4781543053796677,2.8523634569868173,20.860270897347256,0.23185546875,-3.399029188505138,2.576923275073895,18.514452109746244,0.21084960937500002,3.0132656119701564,3.615845993613782,0.01142196003362874,-0.033062203687241505,0.03922484363585211,7.356173386574674,0.05222774503286928,0.2792097539420982,-3.334592055676793,4.174563748450474,1.0725081027259726,2.573908486100194,0.25394421856850247,0.3263547420501709,0.8917999863624573,3,6,0.6055468916893005,3,0.0,0,0.0,0.0,0,0,0,0,0.7160937786102295,72,95,625,ref,0.0,GELUA,none,2
-3.382591608858141,2.8408281861239297,20.69475757654045,0.236875,-3.4911829025204613,2.5999927220171575,18.779965674953825,0.20674804687500004,3.0920899667127926,3.644502225979281,0.023369961850114467,-0.033847897698772715,0.03943171779489738,7.3889246639947785,0.0519330765097402,0.28097379467734057,-3.415371499526009,4.193502886644763,1.0422726487509428,2.5798350633021916,0.2595482639583028,0.29882100224494934,0.9050999879837036,3,6,0.594042956829071,3,0.0,0,0.0,0.0,0,0,0,0,0.709765613079071,77,96,625,ref,0.0,GELUA,none,2
-3.598210542450041,2.9095896774638708,20.568690185606755,0.22435546875,-3.5167293713181547,2.609278714172752,18.504027227632776,0.20904296875,3.1023551302357397,3.68925414048129,0.016726137517978416,-0.0342671641003633,0.03918248720645329,7.420082665471191,0.0516162627376616,0.27935883606311207,-3.458637046059879,4.165170719302061,1.0615681666268544,2.5980263937714962,0.24703883784418035,0.3198699951171875,0.9065999984741211,2,7,0.6053125262260437,2,0.0,0,0.0,0.0,0,0,0,0,0.7242382764816284,77,97,625,ref,0.0,GELUA,none,2
-3.593611518258464,2.936258378043395,21.669092992547807,0.226484375,-3.446349980383512,2.604318997894646,18.394032328806137,0.21534179687500005,3.0359806121579824,3.727277324706741,0.01921950593025176,-0.03370694356563599,0.03892785943624907,7.4506480422149295,0.05408833073684946,0.27907775274653085,-3.3987772123289477,4.137900332324234,1.0991455285733007,2.6103360048449065,0.2476899268879743,0.3132805824279785,0.9061999917030334,3,4,0.6197070479393005,3,0.0,0,0.0,0.0,0,0,0,0,0.7245117425918579,76,98,625,ref,0.0,GELUA,none,2
-3.48245779709915,2.896263145374986,19.146979437984104,0.20302734375,-3.480276352217113,2.5964392813774277,17.423349397379994,0.20244384765625,2.9672988745816724,3.7545691815442424,0.01962888575381893,-0.034029263225017106,0.03786239449787257,7.484615550309983,0.05546322416514158,0.2801042604117816,-3.4304200395243782,4.031367196443998,1.084549538237658,2.6142358084464634,0.22566867555697548,0.30879151821136475,0.9101999998092651,3,3,0.6284570097923279,3,0.0,0,0.0,0.0,0,0,0,0,0.7465624809265137,81,99,625,ref,0.0,GELUA,none,2
-3.143539153135909,2.8768270101234252,19.067089180414023,0.2480859375,-3.367310267407069,2.5761632395670575,17.017727710092178,0.20310058593750002,2.8434555950057883,3.7799768834764023,0.013184558414445576,-0.03306217921170332,0.037286497502903755,7.521069357161803,0.058193907263921575,0.27680579284381907,-3.328623386225166,3.9703466846252433,1.1706949051624496,2.6234195528788096,0.27329880216234975,0.3562397062778473,0.906499981880188,2,4,0.5721288919448853,2,0.0,0,0.0,0.0,0,0,0,0,0.6945898532867432,76,100,625,ref,0.0,GELUA,none,2
-3.7535180736537406,2.9560022720349584,20.035925092876287,0.20287109375,-3.5284496337104176,2.6136410844731723,17.487995153417607,0.19660156250000002,3.003460075802802,3.8159773863219164,0.01168225632138209,-0.03452691840166725,0.03782890045120329,7.555639424641726,0.053878759401850405,0.27609372752100536,-3.482983211640283,4.016897508369609,1.1774527413306335,2.637571197479799,0.22483251111064792,0.29450875520706177,0.9106000065803528,2,6,0.6340429782867432,2,0.0,0,0.0,0.0,0,0,0,0,0.7490038871765137,77,101,625,ref,0.0,GELUA,none,2
-3.4197161600975625,2.9637327052283036,19.334785755472474,0.2303515625,-3.518007500308106,2.613082424353675,17.083566644244595,0.198984375,2.95283582287415,3.844419162028611,0.03094477156331867,-0.034459136791483866,0.03730265352258693,7.590130008895342,0.054655015643220395,0.27662016351865,-3.4752635555679565,3.9622404440744154,1.2020741499046617,2.643495577294031,0.2536537523243903,0.3069087862968445,0.9063000082969666,3,5,0.6006054878234863,3,0.0,0,0.0,0.0,0,0,0,0,0.7160937786102295,74,102,625,ref,0.0,GELUA,none,2
-3.635066362896997,2.92757548816649,19.169138931734647,0.20810546875,-3.594340472303521,2.6294627286760064,17.005155237498073,0.1938037109375,3.006259159380212,3.876797550802315,0.031017531313739945,-0.03518139065732021,0.037253834600655254,7.617835303949221,0.054174655568785965,0.27870917361610964,-3.549730021259953,3.9590109466973336,1.1645016828961232,2.6522637617633107,0.23052662882413344,0.33765751123428345,0.9045000076293945,3,5,0.6282617449760437,3,0.0,0,0.0,0.0,0,0,0,0,0.7424609661102295,76,103,625,ref,0.0,GELUA,none,2
-3.6194741873697502,2.9758909307226036,19.917204642131605,0.2252734375,-3.515205383165245,2.6229612559376547,16.907511851180434,0.1967822265625,2.943877511062606,3.912227920602406,0.0238203184850281,-0.03442516518643545,0.037229076589957444,7.6469173889884345,0.05546622611116618,0.2812683969975213,-3.470972368213767,3.9567456130643213,1.1500082955756592,2.6639803938766793,0.2470039514338372,0.31372159719467163,0.9136000275611877,3,4,0.6127343773841858,3,0.0,0,0.0,0.0,0,0,0,0,0.7238671779632568,73,104,625,ref,0.0,GELUA,none,2
-3.3925106582252282,2.917553730411665,21.2766944599395,0.237890625,-3.517075666412481,2.635003303059119,17.419309221464612,0.20289062500000002,2.997415099462088,3.942049426665094,0.003777881005285009,-0.03455148670751429,0.03773657463519851,7.677796458489313,0.05723488703835756,0.28387563431516316,-3.482143807495645,4.014292135791523,1.1010499272559882,2.6701475811159106,0.2600550612073717,0.3135741651058197,0.9038000106811523,3,5,0.5980273485183716,3,0.0,0,0.0,0.0,0,0,0,0,0.7088476419448853,77,105,625,ref,0.0,GELUA,none,2
-3.3858279304573466,3.009393217662538,21.02034615354658,0.23234375,-3.4858306671627624,2.6380705684304417,17.461820162462455,0.20592041015625,2.9742065555252397,3.979765627786599,0.005444140707073091,-0.034314380080538845,0.03768431979035255,7.711615058159378,0.05984816761716502,0.2828542923858651,-3.455241842873982,4.011648542102043,1.0955713450911793,2.6810743895582774,0.2572705384942535,0.37539735436439514,0.904699981212616,3,5,0.590624988079071,3,0.0,0,0.0,0.0,0,0,0,0,0.7116992473602295,76,106,625,ref,0.0,GELUA,none,2
-3.6044218590589536,2.946514693130937,19.704596407119883,0.2059375,-3.523224736693529,2.6483374292907897,17.27736131322038,0.1987255859375,2.98619241581168,4.021219517938196,0.006279205632672471,-0.03471471059632031,0.03745586208962329,7.742327320050143,0.06092038952978328,0.28390877256526087,-3.4951786030154004,3.98965742664099,1.1228043721661978,2.6966206296775166,0.2297327359691585,0.3210185766220093,0.9072999954223633,3,5,0.6183788776397705,3,0.0,0,0.0,0.0,0,0,0,0,0.7417187690734863,78,107,625,ref,0.0,GELUA,none,2
-3.1803267278632763,2.9293840245677707,19.315140082080926,0.23298828125,-3.4619697240396454,2.646226234848128,17.328018331553757,0.199580078125,2.9465198179045107,4.057117279390557,-0.0011238112965701764,-0.03420298487983953,0.037464111898479514,7.779195997435008,0.06343927987851203,0.28463205609492004,-3.440239650002239,3.991811713647826,1.144059363708302,2.70725396264899,0.2570205262351465,0.28968900442123413,0.9090999960899353,3,5,0.5911328196525574,3,0.0,0,0.0,0.0,0,0,0,0,0.714062511920929,75,108,625,ref,0.0,GELUA,none,2
-3.552290592339894,2.96743197922957,20.909586687356015,0.21375,-3.517589514695601,2.664694544893522,17.62701500271614,0.19817871093749997,3.026693880990852,4.088237907599706,-0.014334771005264266,-0.03471084494771181,0.037928653675516955,7.810102724701653,0.06459030290367082,0.28635706337565187,-3.491112701056671,4.036513861240558,1.1294739800498226,2.7159565039426443,0.23551676124239404,0.3303762376308441,0.8999000191688538,3,6,0.6222851276397705,3,0.0,0,0.0,0.0,0,0,0,0,0.7366796731948853,80,109,625,ref,0.0,GELUA,none,2
-3.418252654828103,3.0175736181010753,20.141426040920518,0.2183203125,-3.485947771929732,2.669702543181465,18.000374342587648,0.20196044921875,3.0363838825468004,4.110763603414058,-0.01983581689127619,-0.03434590240013994,0.03836987721712093,7.839740872035784,0.06535440776729956,0.290022392118544,-3.452964680168268,4.0867577055665985,1.092172850435965,2.727348638984356,0.24184264362410396,0.3315821886062622,0.9071000218391418,3,5,0.6045703291893005,3,0.0,0,0.0,0.0,0,0,0,0,0.7285546660423279,78,110,625,ref,0.0,GELUA,none,2
-3.513635764266738,3.0054009195724167,20.573749599030315,0.2241796875,-3.5166980933906995,2.6924472576079217,18.770370039231157,0.20101562499999998,3.1280696909990513,4.151317610996989,-0.030115066995624294,-0.03462442255772005,0.03915499385411552,7.867194884436106,0.06570421478740172,0.29181127370218674,-3.481145868647208,4.171841766074587,1.1082011508221647,2.735139374311053,0.24638084673063457,0.28420528769493103,0.9018999934196472,3,5,0.6110546588897705,3,0.0,0,0.0,0.0,0,0,0,0,0.7271289229393005,75,111,625,ref,0.0,GELUA,none,2
-3.5209981405482593,2.990292525080577,21.685704998347088,0.22453125,-3.548261513509956,2.7126682264987676,19.27958833955146,0.19834716796875,3.2012090749983315,4.186653408816752,-0.029293576759116143,-0.034781479454262666,0.03982575369860546,7.890891450771194,0.06544697752571665,0.2920212972283888,-3.497491670726907,4.238371457095174,1.1505956703939546,2.743187165339308,0.24721965773687343,0.30283090472221375,0.9007999897003174,3,5,0.6056249737739563,3,0.0,0,0.0,0.0,0,0,0,0,0.7242968678474426,76,112,625,ref,0.0,GELUA,none,2
-3.640715583146608,3.071855880817324,23.153060139038285,0.23015625,-3.582714808982832,2.7209811356009337,19.243053510969442,0.19840087890625,3.2302702218484978,4.212020076496455,-0.03855195804880631,-0.03503131445605558,0.039925306888725455,7.920675879597744,0.0655263204779476,0.29087269122351933,-3.5230048786822583,4.246652686785474,1.1625522434859654,2.7474289036070467,0.25152907352671006,0.30612432956695557,0.907800018787384,3,5,0.6130273342132568,3,0.0,0,0.0,0.0,0,0,0,0,0.7212109565734863,74,113,625,ref,0.0,GELUA,none,2
-3.5721946568821066,3.1067951352437517,22.396077357231807,0.2147265625,-3.5802559765549775,2.7242312140145604,19.162167198938572,0.19582519531249998,3.210612536801533,4.2479696255153705,-0.03714645490565875,-0.035044651358995434,0.03969794817277422,7.952975641928979,0.06643113164696843,0.29356199992684345,-3.523466270667271,4.22733120848683,1.188794277720738,2.7581855494813734,0.2365116529073525,0.37738123536109924,0.9079999923706055,3,5,0.6213085651397705,3,0.0,0,0.0,0.0,0,0,0,0,0.7380468845367432,78,114,625,ref,0.0,GELUA,none,2
-3.7314592750235898,3.135198894044761,24.226119199441946,0.22443359375,-3.569085315611225,2.7413108247240747,19.897439028060536,0.2028173828125,3.2887903596068946,4.28414489680472,-0.05815021866222876,-0.03512898574978008,0.040475761291922756,7.984875187526393,0.06868677036545705,0.29361660537995266,-3.529849662404591,4.303594587871335,1.255818186802224,2.7665590381202265,0.24502033104601142,0.3307648003101349,0.9103000164031982,3,5,0.6257617473602295,3,0.0,0,0.0,0.0,0,0,0,0,0.7308008074760437,76,115,625,ref,0.0,GELUA,none,2
-3.8411167890802536,3.1203857175683645,22.702400121448797,0.20263671875,-3.684585166781881,2.75582736081716,19.577587512720665,0.19250244140625,3.322741460255389,4.309237645849134,-0.03739466347604932,-0.036137788778093656,0.039950532013888776,8.014723740710346,0.06591930266673444,0.2939642872397681,-3.635956704912924,4.25173694435973,1.2326211639517899,2.7714958436742045,0.22329030716540876,0.3273584544658661,0.902400016784668,3,5,0.6426367163658142,3,0.0,0,0.0,0.0,0,0,0,0,0.7517773509025574,82,116,625,ref,0.0,GELUA,none,2
-3.5220323027452376,3.053653220535969,22.3018444313384,0.2191796875,-3.6638535630900115,2.758263672046392,19.46905368728289,0.194453125,3.2869034333153646,4.352657515915358,-0.03154246469987733,-0.03587064435819439,0.03979926857747864,8.048791589187248,0.06817189441993833,0.29130315088182607,-3.6063384233369016,4.232535179485439,1.2468395077398027,2.783639060594953,0.24019594446596151,0.29303616285324097,0.9092000126838684,3,5,0.6214452981948853,3,0.0,0,0.0,0.0,0,0,0,0,0.735058605670929,80,117,625,ref,0.0,GELUA,none,2
-3.505923095804559,3.0308590591625824,23.612085465118607,0.22796875,-3.6832021267214214,2.7780937524304665,20.233722801013354,0.198544921875,3.3619974475669063,4.3695193984477925,-0.013711948721508377,-0.0360566263508626,0.04044983941045567,8.0820046356741,0.06979691072556307,0.29411877660809344,-3.6237649954039894,4.2963427901333535,1.2366895837041607,2.7916641441394017,0.24901108127812954,0.3054264187812805,0.9050999879837036,4,6,0.6175585985183716,4,0.0,0,0.0,0.0,0,0,0,0,0.7254883050918579,79,118,625,ref,0.0,GELUA,none,2
-3.639536164370163,3.1267012729422445,23.549959402920667,0.22556640625,-3.6872545032333743,2.807452127624681,21.350879456229624,0.20545898437500001,3.4662030812401694,4.407266153213454,0.008318214450724165,-0.03601900552990729,0.041592201098125926,8.110353412912989,0.07229567419271916,0.2941030208886004,-3.617412437358115,4.413658384018549,1.2600385329256651,2.802249076462216,0.24750164282315595,0.3100423514842987,0.9107000231742859,3,5,0.616503894329071,3,0.0,0,0.0,0.0,0,0,0,0,0.7284960746765137,78,119,625,ref,0.0,GELUA,none,2
-3.560380121638589,3.134627055877946,24.437572787430767,0.2377734375,-3.747028215898691,2.8256985835049426,21.708175620138658,0.20406249999999998,3.5444347164497247,4.43062762864023,0.009510139731884158,-0.03660774562403352,0.041898426271361755,8.140063737476154,0.0704031900409609,0.29382795867811573,-3.679614168501411,4.446417774526856,1.2745070395975198,2.805879620882865,0.25847039791548804,0.37365761399269104,0.9043999910354614,3,5,0.6139062643051147,3,0.0,0,0.0,0.0,0,0,0,0,0.7149609327316284,74,120,625,ref,0.0,GELUA,none,2
-3.6761527028520464,3.1239819916645524,23.87028289746422,0.21478515625,-3.748465848122377,2.826561440915001,21.60723857155519,0.20287597656249998,3.5442201534848787,4.447947914125186,-0.0027184883425772923,-0.03664800567123497,0.041860977664420304,8.172319046993856,0.07156498590367846,0.2936215135583863,-3.682576523779048,4.442056784188642,1.2360743076066676,2.8156035977100613,0.23525512002331095,0.32260429859161377,0.909500002861023,3,5,0.6299414038658142,3,0.0,0,0.0,0.0,0,0,0,0,0.7392382621765137,79,121,625,ref,0.0,GELUA,none,2
-3.5010433294236987,3.1646375182085236,25.445935066323724,0.2465234375,-3.77634412142396,2.841097655935799,21.98122173823429,0.20686523437499996,3.600453830933511,4.479279972568367,-0.007897912937987816,-0.036810569380743896,0.042302631059859166,8.198101360173375,0.07037904739379883,0.29246866383045655,-3.700415132977485,4.48633591693297,1.2632218221530378,2.823058282791426,0.26957194176269195,0.3478557765483856,0.9035999774932861,3,5,0.5920507907867432,3,0.0,0,0.0,0.0,0,0,0,0,0.7026562690734863,75,122,625,ref,0.0,GELUA,none,2
-3.6461157603910386,3.1528942804492854,25.163462873698535,0.234296875,-3.7622582803112605,2.8435346020614136,21.797485098366188,0.20424560546875,3.56513217752555,4.509903643114987,0.010653212480024734,-0.03667577886583574,0.042054357239070556,8.226972727709176,0.07063842669362203,0.2925687244041517,-3.686348108272134,4.4628642958917695,1.2285155722787602,2.829469331788532,0.2557478477407875,0.32579630613327026,0.906000018119812,3,6,0.6100000143051147,3,0.0,0,0.0,0.0,0,0,0,0,0.7153906226158142,74,123,625,ref,0.0,GELUA,none,2
-3.8532380770497623,3.226420315061206,27.32619736623937,0.23208984375,-3.8429017976144912,2.864275995001028,21.962583558370824,0.19748291015625,3.6552131725527857,4.534007478012985,0.014856324973357718,-0.03744610745167227,0.04231010340161441,8.251489219947645,0.06865447241492802,0.29048659177428765,-3.767242837290583,4.487331714055244,1.30670017152727,2.8387988125031605,0.2510505237235994,0.3327804505825043,0.904699981212616,4,7,0.6272265911102295,4,0.0,0,0.0,0.0,0,0,0,0,0.7243945598602295,72,124,625,ref,0.0,GELUA,none,2
-3.5987544116305172,3.2159666056392844,26.525559840793218,0.238359375,-3.815572444483372,2.865487787642333,21.738328868388685,0.19794433593750002,3.6018728444022177,4.5759650634211075,0.0331823533040251,-0.03710213132186555,0.04206188047123262,8.282405039937482,0.07226446298882365,0.29018810554856844,-3.7283966846501393,4.45791505177563,1.1976691976114489,2.8451243650097284,0.25983740211183665,0.359616756439209,0.901199996471405,5,7,0.6047656536102295,5,0.0,0,0.0,0.0,0,0,0,0,0.7132031321525574,72,125,625,ref,0.0,GELUA,none,2
-3.428773454905616,3.172273390375901,25.477536602185964,0.2428515625,-3.6519439061195373,2.8443714006450085,21.57658755204413,0.2056787109375,3.4545969675385324,4.615593200529392,0.020258496739322843,-0.035482661387637685,0.0419299922921874,8.3203070182779,0.07635268037382048,0.2914539897015447,-3.558413510843544,4.447841112150823,1.153233234229445,2.8572780326630967,0.2654587706812395,0.3275010585784912,0.9046000242233276,4,6,0.58837890625,4,0.0,0,0.0,0.0,0,0,0,0,0.70263671875,75,126,625,ref,0.0,GELUA,none,2
-3.5956149969964053,3.234316497827949,25.576483834767302,0.23962890625,-3.725785194981064,2.8606880447853382,21.629539022181937,0.20273193359375,3.5296315733410335,4.651961781223718,0.0019427350130101794,-0.03625092688151035,0.042054094135681924,8.349629061908292,0.07426684844307602,0.29138113057666537,-3.639198778887618,4.461410040011463,1.1387739527092746,2.866772882313149,0.2608145207054216,0.33551982045173645,0.8967000246047974,3,5,0.6036913990974426,3,0.0,0,0.0,0.0,0,0,0,0,0.7110937237739563,75,127,625,ref,0.0,GELUA,none,2
-3.6067446056186436,3.246932248533459,25.425746654888698,0.227734375,-3.7555099599829136,2.8708756512940288,21.764321639415254,0.19611083984375,3.575173892433363,4.670877468042535,-0.004124355282983703,-0.036586008431988476,0.042236427927169064,8.378311591103827,0.07096694316715002,0.2893079668512626,-3.6768237049863313,4.478655115417088,1.1547938451714943,2.8739578942382384,0.24802000905804164,0.36156001687049866,0.9004999995231628,3,5,0.6219921708106995,3,0.0,0,0.0,0.0,0,0,0,0,0.7265429496765137,76,128,625,ref,0.0,GELUA,none,2
-3.8700859623991706,3.241708378958193,26.448009571117993,0.22521484375,-3.7775980463098797,2.888118325610687,22.100722162465836,0.19724609375,3.625239749471393,4.708409029500349,0.007578683756535769,-0.03675109616663717,0.042609093353850325,8.409079346386413,0.07199365275533637,0.29191509716652253,-3.6927082216990788,4.520241242228572,1.1208816621657278,2.8841589546627677,0.24406368495037165,0.3423956334590912,0.9004999995231628,3,6,0.6369335651397705,3,0.0,0,0.0,0.0,0,0,0,0,0.7336719036102295,76,129,625,ref,0.0,GELUA,none,2
-3.841468991346458,3.226508014337168,28.56931067449477,0.2389453125,-3.856788043085947,2.9217924317055033,23.206109926752518,0.20300537109375,3.776366404235796,4.744152300970069,0.016352308765691655,-0.037438227844980264,0.043549358004963346,8.433712549598797,0.0720371389389038,0.29342122763004685,-3.763053001098827,4.616066266062489,1.1527513521712964,2.8896312240213233,0.2581668396947652,0.37592533230781555,0.8932999968528748,3,6,0.6239843964576721,3,0.0,0,0.0,0.0,0,0,0,0,0.7169140577316284,76,130,625,ref,0.0,GELUA,none,2
-3.727150785752878,3.2265899242219507,26.991815238872704,0.24173828125,-3.891327439945934,2.928769494216615,22.97273540416414,0.20082275390625,3.7899790278564423,4.775806081206147,0.011905641191260545,-0.03776502979635014,0.04340344314565142,8.461766421288317,0.0708223795943195,0.29337140335886136,-3.797744637250543,4.600708750192563,1.160020256366169,2.900037458398751,0.2615444952852997,0.33793315291404724,0.9017999768257141,4,5,0.6171484589576721,4,0.0,0,0.0,0.0,0,0,0,0,0.7134179472923279,74,131,625,ref,0.0,GELUA,none,2
-3.6343964542322555,3.301296940847129,24.828868831390988,0.2254296875,-3.8761438159489545,2.9276204171127977,22.582282260426236,0.19827392578125,3.745623541091533,4.81327904859251,0.012058717011666999,-0.03763583984202348,0.04306809878092021,8.496301926305753,0.07190055782848503,0.2924182487943053,-3.783432522781959,4.566475154372101,1.1092519782237587,2.9082569264525624,0.24660024350373574,0.3197363615036011,0.9075999855995178,3,4,0.6189062595367432,3,0.0,0,0.0,0.0,0,0,0,0,0.7267968654632568,78,132,625,ref,0.0,GELUA,none,2
-3.6221067773355564,3.2786824283132177,25.145332357335374,0.2453125,-3.873680790831467,2.9263246580810542,21.997532298888046,0.20222412109375,3.7012317287995318,4.850926610389148,0.011217665304516747,-0.03769584728825694,0.04256254416256375,8.524318254897132,0.07178804090071936,0.2892616775126832,-3.7896920711966766,4.509991478468665,1.17551326253761,2.9215340869130535,0.26475744911301546,0.4096088409423828,0.89410001039505,1,5,0.6125390529632568,1,0.0,0,0.0,0.0,0,0,0,0,0.7111914157867432,76,133,625,ref,0.0,GELUA,none,2
-3.6200607047173787,3.2372093447211987,23.153646289680026,0.22822265625,-3.8663180263680332,2.912925185477178,21.141171679875356,0.20178955078125,3.615104551579523,4.8742911558592,-0.004262571251473126,-0.03763435159113934,0.04172507282298508,8.558070190002436,0.07306353506399318,0.2855767010017969,-3.7821170923823932,4.4207715096246645,1.1740371601854127,2.9282066367621296,0.2495169349506465,0.29889991879463196,0.8986999988555908,2,4,0.6153320074081421,2,0.0,0,0.0,0.0,0,0,0,0,0.722851574420929,77,134,625,ref,0.0,GELUA,none,2
-3.859036660113278,3.296770060084718,26.557396300745868,0.23322265625,-3.9145653994629255,2.931913619165116,21.431039234431772,0.202724609375,3.6928776464005524,4.910837248262642,-0.007597424417306424,-0.038035699754015245,0.04217269735771967,8.587181155329228,0.07281692545075202,0.2845948434494917,-3.823476929591262,4.459762433903439,1.1723234907502853,2.9351102604316566,0.2519702056634729,0.39212313294410706,0.8964999914169312,2,5,0.6285547018051147,2,0.0,0,0.0,0.0,0,0,0,0,0.7248828411102295,76,135,625,ref,0.0,GELUA,none,2
-3.862061272037869,3.2380377887024507,24.46471286803045,0.2262890625,-3.840328459401651,2.9155872330107693,21.006170836005573,0.20872314453124996,3.5995054759785265,4.937742713265903,-0.03659927594903462,-0.037351450750209264,0.0418159236920103,8.619499676206797,0.07499437100719661,0.28525148623425073,-3.7512065133233623,4.426618026241369,1.1860503244737277,2.9469440563867058,0.2469315751645191,0.36225655674934387,0.8962000012397766,3,5,0.627148449420929,3,0.0,0,0.0,0.0,0,0,0,0,0.7279492020606995,76,136,625,ref,0.0,GELUA,none,2
-3.5738913084620014,3.2622080490845913,23.930040657127666,0.2457421875,-3.7541730319798035,2.9033416324429604,20.24907033528348,0.21052734375,3.4836590628618067,4.97877097680147,-0.03303740498672364,-0.036681480298157945,0.04119459304648762,8.652479273602076,0.07834504275582731,0.2824139581651492,-3.6792255344614335,4.356695920238434,1.1500302633545942,2.9547815203179404,0.26603502035322896,0.34230637550354004,0.8998000025749207,2,4,0.6090039014816284,2,0.0,0,0.0,0.0,0,0,0,0,0.707714855670929,75,137,625,ref,0.0,GELUA,none,2
-3.631415951928894,3.216608309313847,23.466436703184897,0.2377734375,-3.7912964700382488,2.9203139760625145,20.444512071066164,0.20581787109375,3.5678280940447733,5.029058748959539,-0.06865312421825992,-0.03715287494465765,0.04166173467162772,8.683482712527775,0.07642798428656533,0.2834240835011996,-3.729431229036637,4.408227583198761,1.1628907534718937,2.9627513408669106,0.25914391162403033,0.29048025608062744,0.9072999954223633,2,6,0.607617199420929,2,0.0,0,0.0,0.0,0,0,0,0,0.7133984565734863,76,138,625,ref,0.0,GELUA,none,2
-3.57845318458446,3.299518214884724,26.174914942101555,0.24099609375,-3.8133806505822427,2.9295109390466334,20.27430485669599,0.1994970703125,3.582000428055094,5.062712494915142,-0.0626785809763481,-0.037405534871636614,0.041584130550992776,8.708875727965786,0.07954479001200525,0.2796553064496224,-3.752196353373482,4.389476265692213,1.1704728629990937,2.971310049631136,0.26100942360515733,0.3909938931465149,0.8985999822616577,2,6,0.6137304902076721,2,0.0,0,0.0,0.0,0,0,0,0,0.7140820026397705,74,139,625,ref,0.0,GELUA,none,2
-3.6453282167553227,3.2966697005652463,24.918900866750537,0.24509765625,-3.7679267067573448,2.932988367050857,20.496795319383892,0.20986328125000003,3.5743558656712935,5.085724826018376,-0.05765993043401508,-0.03703454682961981,0.04183514978594787,8.73614798476786,0.08138957211747766,0.2794324643027543,-3.712348368020737,4.413128206733319,1.1659582815201581,2.9769944714902614,0.2642200879940257,0.3509361147880554,0.901199996471405,2,5,0.6216406226158142,2,0.0,0,0.0,0.0,0,0,0,0,0.7119726538658142,75,140,625,ref,0.0,GELUA,none,2
-4.088680616980644,3.2500723820238933,24.682808066916092,0.209140625,-3.97233163135785,2.9764266981938,21.08263750474555,0.20209228515625,3.787899068643892,5.122842776982752,-0.051625955905795495,-0.03903889079195102,0.042239848281849034,8.756417571645798,0.07962983687408269,0.2821416976453398,-3.919428712963109,4.456326363648856,1.1493503268985314,2.977832217920765,0.2281532990451549,0.341448575258255,0.8955000042915344,3,4,0.6525976657867432,3,0.0,0,0.0,0.0,0,0,0,0,0.7489258050918579,74,141,625,ref,0.0,GELUA,none,2
-4.0753694796571756,3.353414553419536,23.709351077687106,0.2128125,-4.015945601082086,2.9812161310006573,20.652771513178372,0.19515380859375,3.7787263463161596,5.1620705915049845,-0.053147318082616565,-0.03952466672446704,0.041689678713402116,8.783756051156837,0.08009528228722047,0.2824808237740789,-3.9687250911270358,4.395343131825891,1.1707375157138191,2.9908775787758577,0.23151559970995972,0.33450159430503845,0.8985000252723694,2,4,0.6520116925239563,2,0.0,0,0.0,0.0,0,0,0,0,0.7443945407867432,76,142,625,ref,0.0,GELUA,none,2
-4.198794377800625,3.3264333780743667,24.606785196603536,0.1998828125,-4.055271908336447,2.9915715670057565,20.496475556836163,0.19205078124999997,3.826386323974913,5.192810024935003,-0.06969590839263785,-0.04006754917262747,0.041670672164998764,8.811081491069672,0.08196181397011969,0.28337565279807636,-4.022470249526275,4.391662484466434,1.2745988399998007,2.9984582895774103,0.2179122445739886,0.36886128783226013,0.896399974822998,4,6,0.6695703268051147,4,0.0,0,0.0,0.0,0,0,0,0,0.759960949420929,79,143,625,ref,0.0,GELUA,none,2
-4.283421559047092,3.3840014117752184,27.351077685938513,0.2097265625,-4.191832413136896,3.022924458524573,20.866617244536865,0.18167724609375,3.9886169861498217,5.2193086261867325,-0.06985333039047208,-0.04137615339021772,0.04208984249003489,8.83803359974751,0.08081590982154012,0.2839060256689471,-4.157666706304447,4.43363987196187,1.2464335251042638,3.005791253912191,0.22683911561983686,0.32119324803352356,0.8996000289916992,4,5,0.6660937666893005,4,0.0,0,0.0,0.0,0,0,0,0,0.7516796588897705,80,144,625,ref,0.0,GELUA,none,2
-4.093545109027524,3.3781009987710755,26.63099730776548,0.22541015625,-4.16290394341542,3.0334419942102024,21.311902063378557,0.18563720703125,4.009977410423558,5.250870710898917,-0.05907778908450647,-0.04121103295108879,0.04247172283307972,8.863129718242973,0.08164162042550743,0.2867900428672278,-4.139926419224154,4.4791665704541135,1.281813178333558,3.0225655994081704,0.2438437430695813,0.3348698318004608,0.8985999822616577,4,4,0.6407421827316284,4,0.0,0,0.0,0.0,0,0,0,0,0.7319140434265137,73,145,625,ref,0.0,GELUA,none,2
-4.2936335645188555,3.391122555117444,27.323824037027467,0.20828125,-4.128296404342929,3.040373007072602,21.283359977092637,0.1855224609375,4.009630980812981,5.293828171487559,-0.05959113016484443,-0.04092906710846782,0.04273997404644381,8.89528631813693,0.0845753731764853,0.28735070237329824,-4.1081087025382175,4.502465191554483,1.2281394827523795,3.0330132778330254,0.22596223601392573,0.3495015501976013,0.8981000185012817,4,5,0.6629492044448853,4,0.0,0,0.0,0.0,0,0,0,0,0.751660168170929,78,146,625,ref,0.0,GELUA,none,2
-4.115971289714987,3.4290126082907886,27.014683826216693,0.21556640625,-4.10488046990186,3.041416489903634,21.19765127320574,0.18554199218749998,3.975226848251698,5.333159118991396,-0.05817170218535283,-0.04067108983132276,0.04263459638643126,8.92776252289509,0.0863734325999394,0.28777995314663457,-4.079884015336615,4.494422379079429,1.4119787944738214,3.046214140467308,0.23439136469067867,0.29971593618392944,0.9003000259399414,3,5,0.6446484327316284,3,0.0,0,0.0,0.0,0,0,0,0,0.7417187690734863,75,147,625,ref,0.0,GELUA,none,2
-4.173902023163204,3.414291602326433,25.16049936602035,0.2006640625,-4.119706384218002,3.043892982986113,21.020551109700705,0.18575927734374997,3.950420925469013,5.360182473209733,-0.04531890680664876,-0.04081143395585038,0.04224462630067257,8.95879496890178,0.08627246895048302,0.2883044642443338,-4.094361524008896,4.455320345153742,1.5058004976302906,3.052818788887278,0.2196312649219015,0.34236279129981995,0.8942999839782715,4,4,0.6605663895606995,4,0.0,0,0.0,0.0,0,0,0,0,0.7567773461341858,84,148,625,ref,0.0,GELUA,none,2
-3.757861434337923,3.3451663487179473,24.964844597538523,0.21318359375,-4.101920762855159,3.0487738240045514,21.274291702132718,0.18191650390625003,3.9422438758872103,5.393715761086858,-0.040937807038732184,-0.040582277994130195,0.0423806407539949,8.983342765138367,0.08579658642411232,0.2895025414103816,-4.071363171243925,4.4751064758749095,1.5362363336764848,3.0604100979712325,0.2328341241537325,0.3407488763332367,0.8978999853134155,3,4,0.6376757621765137,3,0.0,0,0.0,0.0,0,0,0,0,0.741894543170929,81,149,625,ref,0.0,GELUA,none,2
-4.141192171760684,3.355102638043641,25.66059880917147,0.209921875,-4.144082927198283,3.065250809415714,21.491964082584442,0.1826171875,3.9994271100704064,5.421227869893237,-0.02489245533995442,-0.041082688259212484,0.042487585013605195,9.008223729160086,0.08319415830541402,0.28846975293320815,-4.125226531945683,4.4849705130079665,1.5625326283789782,3.064933584906168,0.228881741084721,0.33731886744499207,0.9053999781608582,4,4,0.6539648175239563,4,0.0,0,0.0,0.0,0,0,0,0,0.7483789324760437,75,150,625,ref,0.0,GELUA,none,2
-4.2492054563033,3.3773162894530624,23.665180439503814,0.19787109375,-4.125494145902198,3.065775253120781,21.281986982288572,0.180634765625,3.9543697207819526,5.453631351728282,-0.009023169862446351,-0.04087584821734841,0.042223161738068546,9.034639691533174,0.08384062509518117,0.2894339297157325,-4.1033918238640865,4.456347991571952,1.4513095840592056,3.0800665801644334,0.21601664409777155,0.3954087197780609,0.8963000178337097,4,4,0.6676366925239563,4,0.0,0,0.0,0.0,0,0,0,0,0.7628320455551147,82,151,625,ref,0.0,GELUA,none,2
-3.8260691847190937,3.346471852277476,25.159711517577325,0.2230078125,-3.9978133053866918,3.043617736785905,20.86666868077042,0.18842041015625,3.7974677127374448,5.493670100871785,-0.027528885931475785,-0.03969945371531546,0.0417199008210437,9.06113448238205,0.08498447195161134,0.291570103698425,-3.9817406983452646,4.411089370530252,1.2984345368145531,3.097617369917133,0.24349758159034762,0.3184327781200409,0.9057999849319458,4,4,0.6284765601158142,4,0.0,0,0.0,0.0,0,0,0,0,0.7300195097923279,74,152,625,ref,0.0,GELUA,none,2
-4.11207054206679,3.350619402311732,24.71301985331447,0.20724609375,-3.9798212496144583,3.0498151565991387,20.952296363440258,0.19090087890625,3.783202413237693,5.5406501113073485,-0.022480035123215628,-0.03947569801534658,0.0417828568012408,9.089921094188737,0.0858447344636079,0.29138603926873713,-3.9579593915391547,4.418108434156586,1.3021444887017086,3.103686552630045,0.22641237644695336,0.3501560688018799,0.8999999761581421,3,5,0.6526952981948853,3,0.0,0,0.0,0.0,0,0,0,0,0.7510741949081421,79,153,625,ref,0.0,GELUA,none,2
-3.808123770381662,3.3743001384615265,24.32468801706959,0.20828125,-3.9287960200647785,3.050533709904797,20.965813163955932,0.1890673828125,3.7438032174573688,5.576955544537777,-0.015002846729622685,-0.038972445868738444,0.04184347283670017,9.118996632038908,0.0852883966313675,0.2903280452474364,-3.906963680663287,4.4235666726226945,1.2755662283765759,3.1112999637005156,0.22825150816246487,0.39781779050827026,0.8934999704360962,2,5,0.6428515911102295,2,0.0,0,0.0,0.0,0,0,0,0,0.7466992139816284,80,154,625,ref,0.0,GELUA,none,2
-4.148915864090997,3.3724966798060487,26.042145759916217,0.20513671875,-3.944672527929786,3.064658947228201,21.49823084699546,0.19176025390625,3.8183105900405043,5.611249705072799,-0.037425832287438086,-0.03919490973387916,0.04240942533851289,9.141741528290785,0.08554947900120169,0.29293385350557705,-3.929491309854496,4.484321243159464,1.3258206775801575,3.111853606140551,0.22372964744411042,0.39737173914909363,0.8877000212669373,2,4,0.6566406488418579,2,0.0,0,0.0,0.0,0,0,0,0,0.7527539134025574,77,155,625,ref,0.0,GELUA,none,2
-4.183776340287418,3.3858442083388867,26.126058803837626,0.21451171875,-3.951676490188513,3.067521872020722,21.56014033582507,0.19439697265624997,3.8345710844133545,5.635498090609032,-0.060378739696871124,-0.039243530656217274,0.04253171812139871,9.167140974655124,0.08475902217905969,0.2956014994456997,-3.935262387571155,4.504614667248855,1.3273466791158954,3.117731639716171,0.23243308898918502,0.38735777139663696,0.8962000012397766,4,4,0.6551367044448853,4,0.0,0,0.0,0.0,0,0,0,0,0.7449804544448853,76,156,625,ref,0.0,GELUA,none,2
-4.038100998600539,3.4131404651480217,25.100546717382535,0.2234375,-3.9983720851938243,3.0760542353283995,21.37408327442661,0.191201171875,3.849212826705377,5.67858564351876,-0.06568881154235363,-0.03963434559615419,0.04231912170054257,9.195078346528714,0.08554729250725358,0.2965763537504157,-3.9745083445289753,4.485626481462812,1.294837397846611,3.129440228123916,0.2416387785034089,0.36127662658691406,0.9027000069618225,4,6,0.6424023509025574,4,0.0,0,0.0,0.0,0,0,0,0,0.7351953387260437,76,157,625,ref,0.0,GELUA,none,2
-4.12409417125751,3.430516817750184,26.376549759511093,0.21625,-4.1270207727436645,3.110215420191961,21.973318687916976,0.18772705078125002,4.01396076601995,5.716716818466766,-0.057237624486859505,-0.040817115671965686,0.04289100711447552,9.21862964957075,0.08316212833859027,0.29495417535582524,-4.098053887187202,4.54050124028469,1.2374781542673654,3.1413782750761525,0.23544781937488146,0.33771276473999023,0.8942999839782715,3,4,0.640917956829071,3,0.0,0,0.0,0.0,0,0,0,0,0.7388671636581421,80,158,625,ref,0.0,GELUA,none,2
-3.729105261348982,3.46541881092516,24.99441793638337,0.22548828125,-4.092249477100603,3.1082900912487608,21.765000002558917,0.19272460937499997,3.9612077317863315,5.750838062645284,-0.05057850307638657,-0.04053316238592674,0.042622355866232475,9.24630082230283,0.08334199641831219,0.2953603224308882,-4.068786465817608,4.511162725300825,1.2367195473405879,3.1488598184830225,0.2451904058616276,0.3367607593536377,0.9045000076293945,3,4,0.6256640553474426,3,0.0,0,0.0,0.0,0,0,0,0,0.7305077910423279,79,159,625,ref,0.0,GELUA,none,2
-3.9373524454830204,3.434854206854736,25.582861735871244,0.21662109375,-3.9795416798073706,3.0899125077009018,21.372084648878122,0.20088867187499998,3.8190662951174237,5.77113357771353,-0.04264056758447848,-0.039569908158242045,0.042067596622026006,9.275595934691374,0.08478294992703013,0.2925665056400428,-3.9686718569681614,4.450163546897399,1.2517410791160088,3.153424984088795,0.2354927786784134,0.36715564131736755,0.8982999920845032,3,4,0.6402929425239563,3,0.0,0,0.0,0.0,0,0,0,0,0.7395898699760437,79,160,625,ref,0.0,GELUA,none,2
-4.153050966093433,3.445252680380617,26.0887681656755,0.2142578125,-4.000214131452135,3.1033858695560923,21.42782993792577,0.20244628906249998,3.8502660405865097,5.813095430759821,-0.032357615985909575,-0.03964986870739451,0.04231544835982193,9.294554569581388,0.08504511741921306,0.29046668051819474,-3.9766006731656005,4.473149639543716,1.2199407825485444,3.158677668286269,0.23298138906973087,0.3504267930984497,0.9034000039100647,2,5,0.6506054401397705,2,0.0,0,0.0,0.0,0,0,0,0,0.7439258098602295,76,161,625,ref,0.0,GELUA,none,2
-4.3149286565248,3.500307623519427,26.9890007685497,0.19306640625,-4.003384231620848,3.114147495742973,21.54166040970881,0.200771484375,3.880571706470201,5.85700168007464,-0.039658761302611596,-0.039642062551124416,0.04263430793919336,9.31695903941364,0.0854361578868702,0.28787480776483626,-3.9754099871306647,4.49388857160773,1.2751705193636038,3.168186187679715,0.21130363702587387,0.3849550485610962,0.8902999758720398,2,5,0.6660742163658142,2,0.0,0,0.0,0.0,0,0,0,0,0.7654492259025574,83,162,625,ref,0.0,GELUA,none,2
-3.9485525388759823,3.4719282065877155,25.323507246328766,0.2230078125,-3.941003030630626,3.105979541588653,21.27565996728715,0.20291748046875,3.7800379431382276,5.894208724747898,-0.02713775511886653,-0.038963086493640754,0.042228568433375004,9.343955583241332,0.08590130211785435,0.28715485530890794,-3.9053920212714957,4.45165216640833,1.238284019648554,3.1780476652313236,0.24249302906300924,0.33407750725746155,0.902400016784668,2,4,0.6352148652076721,2,0.0,0,0.0,0.0,0,0,0,0,0.7333788871765137,81,163,625,ref,0.0,GELUA,none,2
-4.528759271467183,3.481706859473711,25.764236558309975,0.19,-4.119572579481606,3.1267554476078936,20.910692480377378,0.18900146484374997,3.903084058170902,5.916918612667489,-0.043403041692752255,-0.040501079701516396,0.042053555217703334,9.368884547365044,0.08302622707560658,0.28508757896507186,-4.065815755170997,4.433981560688409,1.2001279365045567,3.1875335993858265,0.20587849548224035,0.38865926861763,0.8877000212669373,2,7,0.6914843916893005,2,0.0,0,0.0,0.0,0,0,0,0,0.7741796970367432,80,164,625,ref,0.0,GELUA,none,2
-4.076511759510508,3.4359854592352637,23.60319356275441,0.1970703125,-4.04616408105039,3.113140624746361,20.243315041912933,0.19016845703125002,3.7818474868924126,5.966878139876705,-0.05708107732295316,-0.0397379397159677,0.04151928046742739,9.39906093411691,0.08496348588727415,0.2818394368396377,-3.985704106103333,4.368495187532202,1.2317276327385915,3.1953854670900808,0.21699489989415835,0.3550263047218323,0.9035000205039978,2,3,0.6561328172683716,2,0.0,0,0.0,0.0,0,0,0,0,0.7585351467132568,82,165,625,ref,0.0,GELUA,none,2
-4.133306048724673,3.508216562255448,25.020328358297807,0.21255859375,-4.087696715094118,3.118950223322476,20.206616362322645,0.18745361328125,3.8002688031551926,5.994259866721538,-0.06667817431340856,-0.040058094531483145,0.04140521950681915,9.422113179764413,0.08533040475100279,0.28461281144479866,-4.018133145994727,4.364153036248728,1.2437538354290814,3.1986557940216374,0.23141463179369406,0.39469754695892334,0.8986999988555908,2,6,0.6517578363418579,2,0.0,0,0.0,0.0,0,0,0,0,0.7447656393051147,79,166,625,ref,0.0,GELUA,none,2
-4.0085367921978365,3.408928826570194,23.441963504759993,0.2144140625,-4.174099534274089,3.1234192806205017,19.70269792525979,0.18051513671874997,3.8282898187557577,6.024941904614223,-0.09748372081808726,-0.04102212824507328,0.04075169770764127,9.450616492049468,0.08343518326058984,0.2873083185586898,-4.11878187165639,4.297660848620611,1.2600252686023392,3.208642847762966,0.2341196393896683,0.36327940225601196,0.8960999846458435,3,6,0.6413671970367432,3,0.0,0,0.0,0.0,0,0,0,0,0.742382824420929,79,167,625,ref,0.0,GELUA,none,2
-3.9250318235045274,3.5213165817498,29.177026452557193,0.2442578125,-4.0249950493987114,3.1340545450762742,21.29542264311585,0.20010986328125,3.864922649537034,6.047908642621365,-0.09053340064514702,-0.03956884744980066,0.042541934859862095,9.469510996966484,0.08671968264505267,0.2864981051340356,-3.9666264675983904,4.478168033986887,1.2571240656873668,3.214471200843864,0.26358169574095425,0.3461958169937134,0.9014000296592712,2,6,0.6139062643051147,2,0.0,0,0.0,0.0,0,0,0,0,0.7120898365974426,74,168,625,ref,0.0,GELUA,none,2
-4.185535968832918,3.5683233298492665,26.63413624398124,0.21521484375,-3.996897977901455,3.14473399121492,22.091091551104483,0.20509033203125,3.90953314663145,6.072069877561064,-0.09225114868999272,-0.0391934393629759,0.04333988600305051,9.491464765827294,0.08706623867154122,0.2868179559946522,-3.927823928606216,4.560412123044671,1.2778295384579748,3.2245064387611757,0.233209451906553,0.3656425476074219,0.89410001039505,3,4,0.6537109613418579,3,0.0,0,0.0,0.0,0,0,0,0,0.7450000047683716,76,169,625,ref,0.0,GELUA,none,2
-4.0189551861301815,3.4367268670896824,26.511103060240835,0.22685546875,-4.00810273668624,3.1580846312060142,22.226930973788384,0.20698974609375,3.9496143797689514,6.117411040485613,-0.09352688239493892,-0.03937486497088763,0.0435786322412533,9.516018795304358,0.08975651353568537,0.28934959180732844,-3.9437184960303777,4.584547054294184,1.3825441507499,3.2347042898215053,0.2443143113638038,0.39177536964416504,0.9003999829292297,2,4,0.6489453315734863,2,0.0,0,0.0,0.0,0,0,0,0,0.7360546588897705,76,170,625,ref,0.0,GELUA,none,2
-3.5923387994894513,3.532094416404263,27.636103737841566,0.25095703125,-3.8480772146957616,3.1396023117425913,21.99915549706132,0.2169287109375,3.8130151923779385,6.144192891318794,-0.10010540779730871,-0.038066152526364326,0.04337215113022473,9.543625171507362,0.09284039047663101,0.2878832316833449,-3.8065729799296344,4.55662636082891,1.4010307215062623,3.244568553488989,0.270615082122619,0.33438923954963684,0.8989999890327454,3,4,0.6103711128234863,3,0.0,0,0.0,0.0,0,0,0,0,0.7061132788658142,75,171,625,ref,0.0,GELUA,none,2
-3.7741242963887034,3.540170060799438,28.863576318033303,0.24916015625,-3.754827844587853,3.149203399295261,22.814507620017775,0.2260400390625,3.830334056775641,6.192292654702296,-0.10514466134511222,-0.037203746354944084,0.04428524027714355,9.571054967771383,0.09367030948633329,0.28670167709685734,-3.717400059792413,4.648611858853123,1.4177342568067273,3.2507912077571275,0.26859448663731994,0.3470980226993561,0.8938999772071838,2,5,0.6137304902076721,2,0.0,0,0.0,0.0,0,0,0,0,0.7062695026397705,73,172,625,ref,0.0,GELUA,none,2
-4.000988734393375,3.497930358256113,27.36668359767103,0.22931640625,-3.848452382525297,3.157187307649858,22.198186230762452,0.21684814453125,3.836457032905287,6.226205726127652,-0.09483106344757884,-0.03813276186318396,0.04354929792111992,9.596571995273157,0.09255136952619068,0.28803940771831715,-3.8136853155927586,4.576561019304703,1.4472179768727154,3.2608705785572316,0.24749103905416195,0.3456791341304779,0.9057999849319458,3,6,0.6403906345367432,3,0.0,0,0.0,0.0,0,0,0,0,0.7300781011581421,73,173,625,ref,0.0,GELUA,none,2
-3.829051468973148,3.5778526936550734,30.113991052092,0.251484375,-3.793734783820713,3.1581099367900367,22.308652197537203,0.21704833984375,3.7812516691919855,6.257674759774633,-0.06526805611464921,-0.037628187741446134,0.04343447502871234,9.623254971243176,0.09132384010124951,0.29172497532279107,-3.763225376069984,4.566745651779695,1.5459220557211046,3.2671774675109173,0.26927735203195363,0.36299359798431396,0.9016000032424927,2,4,0.6205664277076721,2,0.0,0,0.0,0.0,0,0,0,0,0.7076171636581421,77,174,625,ref,0.0,GELUA,none,2
-3.8327062501642626,3.464675841830818,25.90578901286066,0.23490234375,-3.7203982384754233,3.1322312835674295,21.08977480510649,0.2201171875,3.600645844218939,6.2809358896954155,-0.07070892015588522,-0.03687282423119323,0.0422503626576123,9.651513089184531,0.09292397726327181,0.28920694054736473,-3.684247453765185,4.438032222393607,1.4810647670813046,3.2787451179139704,0.2521068795896545,0.3711369037628174,0.8934000134468079,2,2,0.6395117044448853,2,0.0,0,0.0,0.0,0,0,0,0,0.7253124713897705,71,175,625,ref,0.0,GELUA,none,2
-3.568100174275855,3.458808203080372,26.662776106991938,0.2572265625,-3.6393548897353423,3.128156383021676,21.2595192900214,0.22833740234375002,3.5523038354108634,6.307048620308672,-0.07399009908027983,-0.035995584212581436,0.04250641996488508,9.675420821397944,0.09525813579093664,0.28914685446068145,-3.592050747262356,4.462972844237878,1.403584575897844,3.285127558814697,0.27601609309755937,0.34988659620285034,0.9050999879837036,2,3,0.6107031106948853,2,0.0,0,0.0,0.0,0,0,0,0,0.6997851729393005,71,176,625,ref,0.0,GELUA,none,2
-3.6943455730349775,3.5160147800606416,26.39665140920217,0.24923828125,-3.638338324898736,3.1281863151797245,21.209102008120603,0.22669921875000001,3.5218024120245595,6.320683837209934,-0.05693662675679209,-0.03585065092713216,0.042315122615087374,9.69784101649355,0.09274320201948286,0.28995707926194425,-3.579719032407938,4.445355706997148,1.3528626637842853,3.2973029711223645,0.26879222721377904,0.3264530599117279,0.9023000001907349,2,4,0.6118749976158142,2,0.0,0,0.0,0.0,0,0,0,0,0.704882800579071,73,177,625,ref,0.0,GELUA,none,2
-3.490013978051906,3.575190008100843,24.490291420275284,0.246171875,-3.5008400273068783,3.1101529938676817,20.645077197319385,0.2282763671875,3.3550134152494038,6.373406078858396,-0.05536784884369585,-0.034623705663138465,0.04160972445978635,9.72933119290018,0.09303518647328018,0.29171378049929947,-3.4537414598490632,4.374220704895532,1.3389917214424747,3.30251428387632,0.2673269377450117,0.3069351315498352,0.902400016784668,2,3,0.6044726371765137,2,0.0,0,0.0,0.0,0,0,0,0,0.7052343487739563,75,178,625,ref,0.0,GELUA,none,2
-3.4634514652725286,3.4591607952291312,26.094849674179592,0.25150390625,-3.5417595209116395,3.141205083666571,21.78215316053449,0.23339111328125,3.4552366937820485,6.420298548159667,-0.008365864289007706,-0.034871856104526804,0.042445917150027226,9.754801298507182,0.0910849867547222,0.29216864150176236,-3.4811116477934276,4.463998627360787,1.3626146284843763,3.3110809756736552,0.2713337592281783,0.34482818841934204,0.8970000147819519,2,3,0.612109363079071,2,0.0,0,0.0,0.0,0,0,0,0,0.7036523222923279,74,179,625,ref,0.0,GELUA,none,2
-4.032742903362669,3.5565657082362834,27.87609214933929,0.2280859375,-3.7439853506059637,3.1897263878424265,22.72955375340286,0.22483886718749996,3.709864032453796,6.4546998480321625,0.009790548812334427,-0.03680575785982899,0.04342145157835474,9.774011521562956,0.08722032334189862,0.2953639061879915,-3.6830809753551845,4.568011646129029,1.3468189934303965,3.315873443323176,0.24505850430404053,0.35339879989624023,0.8927000164985657,2,3,0.6495116949081421,2,0.0,0,0.0,0.0,0,0,0,0,0.7350780963897705,80,180,625,ref,0.0,GELUA,none,2
-3.5705110638883584,3.456578988439415,27.434604982285922,0.25609375,-3.7474724873924568,3.1986633910859306,23.060424248765262,0.22511230468750001,3.764084122546133,6.47871791566564,-0.011354548738427814,-0.03674132144929082,0.0440172216404089,9.802363913069522,0.08663186757825315,0.29623977180703037,-3.677068706219736,4.628138010148441,1.4185586813953073,3.3217559201682847,0.2748280822344487,0.3570324778556824,0.896399974822998,2,4,0.6112695336341858,2,0.0,0,0.0,0.0,0,0,0,0,0.7015234231948853,68,181,625,ref,0.0,GELUA,none,2
-3.827232440979823,3.5354735040760374,29.50124993230892,0.24720703125,-3.768800439738543,3.212597585980414,23.70231077651969,0.22898437500000002,3.8337843620951606,6.5004693863946645,-0.01347049904263911,-0.03709525245061918,0.0444100989661771,9.822706236249836,0.08489081550796981,0.2985448339584779,-3.715065675612507,4.677165584991831,1.4584590463655438,3.3268747612882414,0.2653996078833258,0.33569207787513733,0.9021999835968018,2,3,0.6278125047683716,2,0.0,0,0.0,0.0,0,0,0,0,0.7117968797683716,71,182,625,ref,0.0,GELUA,none,2
-3.6044126255916034,3.522115094810305,28.472866287001192,0.25849609375,-3.7289778152410498,3.213519542165369,23.546862246840256,0.22834716796875001,3.779287515490024,6.545354588942987,0.002065743445709942,-0.036707795884484154,0.044195660656698665,9.847862010072474,0.08657695815665647,0.2975060175074396,-3.6736893301414506,4.655191862811105,1.4023373557612357,3.333116862056901,0.2771663949434475,0.3680690824985504,0.8909000158309937,2,4,0.6091015338897705,2,0.0,0,0.0,0.0,0,0,0,0,0.6982421875,72,183,625,ref,0.0,GELUA,none,2
-3.754983513776585,3.560366684330755,28.880967387293918,0.24951171875,-3.7026596905369638,3.2182967570047163,23.585452090526186,0.2256396484375,3.763449949763723,6.576543269969443,0.017440796413906418,-0.03649382331097268,0.04421637134647251,9.870069512628607,0.08769453251850791,0.2967488868787405,-3.650652873552849,4.653102144491249,1.3766105543946807,3.341043769001956,0.2676792677886474,0.3723125159740448,0.8902999758720398,2,3,0.6203711032867432,2,0.0,0,0.0,0.0,0,0,0,0,0.7086328268051147,73,184,625,ref,0.0,GELUA,none,2
-3.8068353778899144,3.6120347140654894,32.394538595497224,0.25875,-3.704428518036995,3.229780138619092,23.835702096486976,0.23010986328125002,3.818928742526112,6.596641145491066,0.01590985580118336,-0.036497888047339284,0.044757617797381084,9.892005691812319,0.08805263337213547,0.29474761656503723,-3.6507111553983704,4.700435454661054,1.4202404597118798,3.351506124236861,0.2768808052777733,0.35411056876182556,0.8847000002861023,2,4,0.6165624856948853,2,0.0,0,0.0,0.0,0,0,0,0,0.7018749713897705,69,185,625,ref,0.0,GELUA,none,2
-3.6494246979079765,3.5295423603760736,29.666669807638808,0.26849609375,-3.7469340273355596,3.2443306939327172,24.147033857416044,0.22623291015624997,3.8870636245304713,6.632292157425882,0.006325869637594736,-0.03689769611733842,0.045093316672515135,9.911312201017171,0.08821651205420494,0.2956063334809195,-3.691502740567584,4.737208766116509,1.378496402546511,3.3593975449369635,0.28693322295914675,0.3903631269931793,0.8953999876976013,2,5,0.6011523604393005,2,0.0,0,0.0,0.0,0,0,0,0,0.6887890696525574,68,186,625,ref,0.0,GELUA,none,2
-3.3311957555387317,3.590987331974761,30.58617021514419,0.27947265625,-3.600574215942878,3.242148571034974,24.78452837200609,0.238603515625,3.8274548220023816,6.66201656003802,0.02205597462371997,-0.03541441386139134,0.04570126804617034,9.942122545537693,0.08956762560177595,0.29750408825713026,-3.538207438362635,4.802693801526982,1.3515793934012148,3.3705259490017068,0.29772767657811355,0.3293145000934601,0.8912000060081482,2,5,0.5914062261581421,2,0.0,0,0.0,0.0,0,0,0,0,0.6793164014816284,70,187,625,ref,0.0,GELUA,none,2
-3.796339509594166,3.6199752789699415,30.03849917068353,0.25240234375,-3.70295876891307,3.2688192327649674,25.155507168326398,0.23532226562499997,3.95523400303844,6.699253033710738,0.03069213974497212,-0.0365099573173383,0.046058747378402376,9.965744322269693,0.08796767857391387,0.29776114088969624,-3.6520324598059357,4.834717261546718,1.3342867536120093,3.3734509317712082,0.2710261885381699,0.38404950499534607,0.9002000093460083,2,6,0.6178320050239563,2,0.0,0,0.0,0.0,0,0,0,0,0.7058203220367432,72,188,625,ref,0.0,GELUA,none,2
-3.7049644247384497,3.645889829303342,31.088347207617954,0.2600390625,-3.6510929120751814,3.2627521410941767,24.75686207368293,0.2352685546875,3.8674444305942903,6.750097637633062,0.028009465987278045,-0.036034251098526704,0.04559874019523832,9.992473182793491,0.0880043973494321,0.29664009000140473,-3.6032654368912067,4.784507126214726,1.3291065904273074,3.385688536059381,0.2788903393766554,0.4237060248851776,0.8835999965667725,2,4,0.609570324420929,2,0.0,0,0.0,0.0,0,0,0,0,0.696972668170929,73,189,625,ref,0.0,GELUA,none,2
-3.5295142346383,3.5804745422688633,28.141810198653246,0.257265625,-3.6246243234916373,3.2402680167423976,23.22765862559939,0.23004638671875,3.689459592530192,6.784973652709738,0.02490357508378238,-0.03582877941760418,0.0440291289466749,10.019628184522226,0.08763805854599922,0.29858493290384375,-3.5825837063034864,4.628923700112203,1.3827027211158676,3.3899419956159305,0.27574139381197404,0.3805755376815796,0.8899999856948853,2,3,0.6086523532867432,2,0.0,0,0.0,0.0,0,0,0,0,0.701171875,72,190,625,ref,0.0,GELUA,none,2
-3.5464143685046308,3.507686002859264,29.47800953275957,0.26056640625,-3.6976607294857846,3.2599984702823104,23.168088934423796,0.22906982421875,3.760923668196564,6.821516561253961,0.04514979679247629,-0.03661030339635352,0.04409496501889166,10.048656471993654,0.08717472424614243,0.29089076080725634,-3.6631046468959045,4.620512679353095,1.3572988564539683,3.400469878860621,0.27941198191536776,0.33385199308395386,0.8962000012397766,2,6,0.6007617115974426,2,0.0,0,0.0,0.0,0,0,0,0,0.6956250071525574,72,191,625,ref,0.0,GELUA,none,2
-3.5528612444862926,3.5756885474461675,27.467727352441056,0.2492578125,-3.645892836697848,3.2666148698088464,23.65501985962234,0.2376123046875,3.7593995561878297,6.876994680722395,0.03437847074604225,-0.0361971014816552,0.044419803966917755,10.075323968837134,0.08917022615205497,0.29002898860684817,-3.6187816449954453,4.656132210128737,1.5166107307885326,3.4090496481600154,0.26843561662687426,0.33447393774986267,0.894599974155426,2,2,0.6089453101158142,2,0.0,0,0.0,0.0,0,0,0,0,0.7057031393051147,74,192,625,ref,0.0,GELUA,none,2
-3.836206740335927,3.643933153440726,28.416090997313244,0.23369140625,-3.584881036939028,3.2569868164885487,22.712879167442644,0.23790527343749995,3.63301022212646,6.939911348025174,0.035041552628578554,-0.03565646442565538,0.04360712044045176,10.104972691525537,0.09106018619146199,0.2878810739554924,-3.5615100079335793,4.564525890891337,1.528089862285283,3.417577373389486,0.2524933803035184,0.3300228416919708,0.8973000049591064,2,3,0.6257421970367432,2,0.0,0,0.0,0.0,0,0,0,0,0.7249218821525574,76,193,625,ref,0.0,GELUA,none,2
-3.8191617836271647,3.6266848073878606,27.56943506843251,0.23337890625,-3.6673980208831667,3.2759308273960586,23.14771542066865,0.2315625,3.753753589502134,6.961285666703934,0.016683529677757228,-0.03644833123305281,0.04415809403727835,10.124950558035252,0.09117902756202965,0.28617779338255067,-3.642508269590638,4.618833543532667,1.4041882362758462,3.4260347700494833,0.2520290702168719,0.321764200925827,0.8925999999046326,2,4,0.637011706829071,2,0.0,0,0.0,0.0,0,0,0,0,0.7265625,76,194,625,ref,0.0,GELUA,none,2
-3.5326184389964363,3.576423299732579,27.006707396680564,0.24861328125,-3.59904535854337,3.276425270123618,23.713196346633413,0.23662109374999998,3.7592013994749003,6.984387743822204,-0.008626592592481925,-0.03581463952385278,0.04472681155254534,10.146982371297552,0.09103218734991969,0.2874625556977278,-3.577741117723859,4.681622838370531,1.387382055377069,3.431065912094488,0.268100513982895,0.3288498818874359,0.9014999866485596,2,2,0.6128320097923279,2,0.0,0,0.0,0.0,0,0,0,0,0.7099999785423279,75,195,625,ref,0.0,GELUA,none,2
-3.5268671724770138,3.5653334455062295,29.01728601299005,0.25427734375,-3.610188281423592,3.2761336870979902,23.612731426701508,0.240126953125,3.753605841821975,6.973949102344798,0.005496991571499927,-0.03597446538373131,0.044543539605092,10.17265416946785,0.09517954267794267,0.2912515128884553,-3.5899659737590777,4.667317419672419,1.3828438040471642,3.434961712742187,0.2723978389604575,0.3245082199573517,0.8996999859809875,1,4,0.6175976395606995,1,0.0,0,0.0,0.0,0,0,0,0,0.7064453363418579,72,196,625,ref,0.0,GELUA,none,2
-4.045870051051378,3.5471173866065757,28.53489535793195,0.2296875,-3.6899953944570676,3.2860652726197026,23.380754674851165,0.2380419921875,3.8012146136758234,7.001528007509785,-0.00451764526840853,-0.036647431725547075,0.04446161187977835,10.193951521192211,0.09366000295849516,0.29283068108229215,-3.6604227129838423,4.663589066884394,1.386707771441376,3.4397907688052896,0.2466051407071403,0.3635190427303314,0.8999999761581421,2,4,0.6523633003234863,2,0.0,0,0.0,0.0,0,0,0,0,0.7337695360183716,77,197,625,ref,0.0,GELUA,none,2
-3.7728143978749755,3.5375688671740173,27.788381562271702,0.2391015625,-3.7088649766447532,3.2930546048613905,23.005230797126245,0.23431396484375,3.77619779771293,7.053210327853403,0.014800505032475087,-0.03662111345431499,0.044237023862360475,10.220417015854876,0.0966639634501189,0.29013718601604815,-3.6547227663754893,4.632930072556862,1.6208941973614484,3.44969839266037,0.2574506439604625,0.356291800737381,0.9002000093460083,2,4,0.6288281083106995,2,0.0,0,0.0,0.0,0,0,0,0,0.7173241972923279,73,198,625,ref,0.0,GELUA,none,2
-3.61008358530263,3.6673883556672657,28.966722949748554,0.26384765625,-3.7067146914000295,3.2918151442471073,22.817312891407173,0.23465576171875002,3.7290993881989585,7.0812678027115235,0.025679752984119862,-0.036485611961479585,0.043882638745567366,10.243379921283015,0.09562099628616125,0.2906531222921226,-3.6418852571107756,4.600254823191527,1.6028413370853052,3.4583755609655715,0.2829779318399083,0.3966224491596222,0.892799973487854,2,2,0.6006835699081421,2,0.0,0,0.0,0.0,0,0,0,0,0.6927539110183716,72,199,625,ref,0.0,GELUA,none,2
-3.806859159484028,3.577337491650871,29.53929944514537,0.25828125,-3.6457016811671856,3.2961561805716735,23.10072006617562,0.238154296875,3.7436176424363676,7.11398482768226,0.007043096602212837,-0.03593273541829262,0.0444792559022103,10.263076557760376,0.09571524486178533,0.29188118944465435,-3.585155545227057,4.6574281598135086,1.5331042100540617,3.4637821384609895,0.2763412698581099,0.3137053847312927,0.8967999815940857,2,3,0.6164648532867432,2,0.0,0,0.0,0.0,0,0,0,0,0.700488269329071,70,200,625,ref,0.0,GELUA,none,2
-3.5008096561854156,3.6273437479535984,28.148986826292802,0.262890625,-3.6058930622544785,3.2930655494610233,23.118258468285244,0.2431005859375,3.7197186795115926,7.128642014621265,-0.0040799810858273625,-0.03561513112334236,0.04450006138349962,10.28325448445523,0.09675380380824208,0.29301197489273684,-3.5515822972712567,4.656997998034909,1.6131710166345465,3.468336189493203,0.2824709413358972,0.36548706889152527,0.8937000036239624,2,3,0.6007617115974426,2,0.0,0,0.0,0.0,0,0,0,0,0.6919726729393005,71,201,625,ref,0.0,GELUA,none,2
-3.6522608453380885,3.650951718780152,30.106888816619147,0.27380859375,-3.6565793806334774,3.3193603326452417,24.326506691238766,0.24268310546874997,3.8371255589875473,7.1591989606270054,0.02182849832417756,-0.03595687548502343,0.04536888639953147,10.299232034500385,0.09553149034094531,0.297057216310421,-3.5878121553617515,4.758678406813,1.5965750685936264,3.4802993326669265,0.2927158348366295,0.3609202802181244,0.8930000066757202,2,4,0.5925390720367432,2,0.0,0,0.0,0.0,0,0,0,0,0.6825195550918579,69,202,625,ref,0.0,GELUA,none,2
-3.8847032077498778,3.7026169616014726,27.154961750101403,0.24125,-3.6664837018411034,3.3268337274083306,24.361388771073837,0.23880126953125003,3.873373414823432,7.194053828526753,0.0003954064714226813,-0.03612440051895115,0.04558418856832847,10.32471838652406,0.0964800384407863,0.29934227591623846,-3.604024505167814,4.78733908847798,1.479121017311133,3.4885732128125353,0.259263773289558,0.3215633034706116,0.8930000066757202,2,4,0.6339648365974426,2,0.0,0,0.0,0.0,0,0,0,0,0.7191601395606995,76,203,625,ref,0.0,GELUA,none,2
-3.7388043878639707,3.7214239629895487,30.503329279925456,0.2602734375,-3.6504970072193315,3.3391016262270945,24.851282192980225,0.23894287109375,3.9258978776009887,7.22246795052902,0.0012338421424180734,-0.03610408299300377,0.04610053225729964,10.348752166717981,0.09932878345716745,0.30648342702411785,-3.599094477251146,4.850948062506492,1.5036464095646442,3.493614254504749,0.27834745294539487,0.3805493414402008,0.8851000070571899,2,4,0.6107812523841858,2,0.0,0,0.0,0.0,0,0,0,0,0.6981640458106995,73,204,625,ref,0.0,GELUA,none,2
-3.8827480549234212,3.7025984109194803,31.001529443629984,0.2540625,-3.758967218923292,3.3722521874965876,25.56399323383408,0.23510742187500003,4.084620923260596,7.280258333647334,0.007205559167590516,-0.0372027307391349,0.04672627477467216,10.3696090471374,0.10096641134936363,0.308364481563989,-3.709999920468207,4.91718918622141,1.473949619196329,3.497218579817344,0.27119623225358636,0.34512069821357727,0.8949000239372253,2,5,0.6214648485183716,2,0.0,0,0.0,0.0,0,0,0,0,0.7059960961341858,75,205,625,ref,0.0,GELUA,none,2
-3.7179142121928703,3.6936850453795818,28.96207026711095,0.24310546875,-3.732885817428796,3.377959028678021,25.5910452757488,0.23623046875,4.054726580952472,7.332301446307192,0.02357917216769572,-0.03697322520991783,0.046628957804318,10.391673605164927,0.1023460158193484,0.3101621505552709,-3.685110271777404,4.911997284066303,1.4933446345751413,3.500829370783308,0.26113233176203443,0.3815736174583435,0.891700029373169,2,2,0.6259765625,2,0.0,0,0.0,0.0,0,0,0,0,0.7153124809265137,77,206,625,ref,0.0,GELUA,none,2
-3.661484171632887,3.668706105445103,32.79627223884939,0.2706640625,-3.724813802630947,3.3843830967881434,26.017447391679276,0.23765625,4.066490597538126,7.365780103844518,0.021778244442656743,-0.036928125354749645,0.04677464048651114,10.415611138574258,0.10146025163558078,0.3141053896969798,-3.681376105482924,4.935711680549279,1.559594090880708,3.508211509269707,0.28865725545574633,0.3803628087043762,0.8895000219345093,2,3,0.6057226657867432,2,0.0,0,0.0,0.0,0,0,0,0,0.6892773509025574,72,207,625,ref,0.0,GELUA,none,2
-3.3474497711633084,3.7179522721157596,32.71588623872485,0.28626953125,-3.609297674857933,3.3653293336214074,25.278567146005884,0.240068359375,3.901411129418982,7.4143638191528245,0.009666575160896832,-0.03590813408734364,0.04602155780688719,10.445280378361458,0.10482783325249329,0.3141075278446769,-3.5735228503253005,4.860949991171139,1.6556686425549816,3.5131987445669,0.3042332360459584,0.3842853605747223,0.8942999839782715,2,3,0.5871679782867432,2,0.0,0,0.0,0.0,0,0,0,0,0.672656238079071,67,208,625,ref,0.0,GELUA,none,2
-3.8144170129814587,3.72006166582627,29.327789197142057,0.24759765625,-3.658174076087728,3.3613714976583005,24.31082531318245,0.2377880859375,3.853320382791165,7.441507078959181,0.003990883519260513,-0.03637650156206501,0.045189898929648,10.468701673583096,0.10626886264886708,0.3118434785599787,-3.6200603601817978,4.769964933627183,1.6373725104736412,3.5184570820277417,0.26443617553076754,0.3357318639755249,0.8942999839782715,2,4,0.633593738079071,2,0.0,0,0.0,0.0,0,0,0,0,0.7152929902076721,74,209,625,ref,0.0,GELUA,none,2
-3.660698077497594,3.70618683548129,29.417440228911275,0.2558984375,-3.59885296696029,3.358482613598655,24.303075282159668,0.2414697265625,3.79691259717438,7.511070362242737,-0.028577493572667104,-0.03587513250427076,0.04504538595668744,10.496842064704179,0.10864525798708201,0.31639741284418277,-3.5663248156330907,4.7671547704265915,1.4479924909439799,3.5229595893674612,0.2735378079225711,0.330122172832489,0.8920000195503235,2,5,0.6121289134025574,2,0.0,0,0.0,0.0,0,0,0,0,0.7032031416893005,75,210,625,ref,0.0,GELUA,none,2
-3.523408753407385,3.6250036858240553,28.7800730211471,0.26232421875,-3.5680194684637736,3.364848072239146,24.28009866743972,0.24139160156250003,3.794589394859947,7.562158157223189,-0.03454500283163743,-0.03576997559040209,0.04510644918180245,10.52253536663312,0.11112640345934778,0.3146885804115435,-3.553071626003062,4.768475000755203,1.426142385334864,3.5301481857749324,0.2802266056327748,0.34596771001815796,0.8942999839782715,2,3,0.6091210842132568,2,0.0,0,0.0,0.0,0,0,0,0,0.6974413990974426,72,211,625,ref,0.0,GELUA,none,2
-4.055939865135417,3.7435317853101067,30.79973189411146,0.24060546875,-3.6697600124351544,3.387820733772813,24.37706802156913,0.24008056640625,3.8903777350005866,7.617413213756623,-0.030461624576251057,-0.036684948815197,0.04529852276238449,10.546168127283725,0.1110690682195127,0.31523291594122127,-3.6468568162936004,4.787934695582465,1.4437410243461197,3.5369739419285855,0.256862781808539,0.34647640585899353,0.8862000107765198,2,4,0.6434570550918579,2,0.0,0,0.0,0.0,0,0,0,0,0.7227538824081421,73,212,625,ref,0.0,GELUA,none,2
-3.378624837350589,3.702377007813088,30.941300597375438,0.2805859375,-3.568357415649465,3.3800902789923932,24.81990234196813,0.24669677734375,3.8409796747846925,7.630987285522497,-0.04695666616831634,-0.03559083924673523,0.04569344571177381,10.568901764255225,0.11232028406113387,0.31650187200021296,-3.5335274103329635,4.831953284994085,1.4537609169672763,3.545077021884876,0.3001730630220085,0.3481234908103943,0.8932999968528748,2,3,0.5827538967132568,2,0.0,0,0.0,0.0,0,0,0,0,0.674511730670929,70,213,625,ref,0.0,GELUA,none,2
-3.5530985936259714,3.761392158382699,30.938135539363785,0.26388671875,-3.433923323810734,3.379531610538984,25.18409406302765,0.25970458984375,3.778739950758447,7.67063953726433,-0.028145581390557766,-0.03438186822429021,0.04602312038567891,10.596884554954153,0.11518946877680719,0.31809676910759693,-3.4068138794861498,4.863605342245022,1.3715092024620419,3.5480152385857378,0.28135964241613004,0.3991016447544098,0.8844000101089478,2,4,0.6089453101158142,2,0.0,0,0.0,0.0,0,0,0,0,0.6954687237739563,75,214,625,ref,0.0,GELUA,none,2
-3.6869268187060995,3.6832730323450233,31.69695700592275,0.26779296875,-3.5443084459319874,3.402003757003647,25.935863560674605,0.25584228515624996,3.9291896862383164,7.690511028109289,-0.04607115168067558,-0.03547988257973348,0.046613482859226694,10.618460035103501,0.11539328407961875,0.31803979047820485,-3.5190882521364846,4.924841222795627,1.3752372325540014,3.5515393829962414,0.2848452224700519,0.3829442858695984,0.8931000232696533,2,3,0.6172460913658142,2,0.0,0,0.0,0.0,0,0,0,0,0.6936718821525574,70,215,625,ref,0.0,GELUA,none,2
-3.623572999622975,3.709761805401706,32.9602654274012,0.25607421875,-3.672481557111456,3.4165063261791584,26.087954847892075,0.2467138671875,4.000625905382355,7.723615479383311,-0.051725907943457355,-0.03660684057298711,0.046410864792274145,10.638015192520957,0.11189543745014817,0.3169455421560602,-3.638029209643416,4.90455216989541,1.4015682752016718,3.5633641560984075,0.2739981812016623,0.35597193241119385,0.8917999863624573,2,5,0.6131250262260437,2,0.0,0,0.0,0.0,0,0,0,0,0.7038476467132568,74,216,625,ref,0.0,GELUA,none,2
-3.707405653882981,3.796768596928221,32.59198808119495,0.2712890625,-3.6571994157737358,3.422674554382107,26.3766981644116,0.25281005859375,4.057835737539019,7.733088704932002,-0.07622333725626558,-0.036542155979324385,0.04699643997957943,10.659170684432006,0.11231566325295717,0.31490394438479735,-3.6309828356052933,4.959590386040377,1.448792472599847,3.574139645051095,0.28869620590261447,0.3964844346046448,0.8877000212669373,2,4,0.6054297089576721,2,0.0,0,0.0,0.0,0,0,0,0,0.6902539134025574,71,217,625,ref,0.0,GELUA,none,2
-3.3970039437250743,3.7205160457926594,30.395205131903662,0.281953125,-3.658183706603994,3.427018414679231,26.3283857898184,0.25236083984374996,4.069448892918996,7.760477393493191,-0.08547107186163558,-0.036516253257152555,0.047124307646943586,10.681637483682499,0.11520588450366631,0.3153821279454319,-3.6254391961743044,4.973472412130722,1.4799255595603031,3.5803306597037228,0.30016406869743184,0.3604266941547394,0.8920999765396118,2,3,0.5897461175918579,2,0.0,0,0.0,0.0,0,0,0,0,0.6759374737739563,68,218,625,ref,0.0,GELUA,none,2
-3.6814544133206675,3.7945402824721812,30.48567986179907,0.25818359375,-3.6153855846857756,3.4256342191452247,26.381323689720148,0.25558593749999997,4.06150014384268,7.778985474705073,-0.10551581516903795,-0.03621626133433222,0.04728189224384571,10.700583895065208,0.11763179296511225,0.31391929825124465,-3.592282771566019,4.987885423095283,1.5177665204547317,3.584398953314004,0.2763502805987211,0.34079769253730774,0.896399974822998,2,4,0.6089843511581421,2,0.0,0,0.0,0.0,0,0,0,0,0.7000976800918579,74,219,625,ref,0.0,GELUA,none,2
-3.664416944552377,3.7735822289861223,29.010044599316487,0.2573828125,-3.618385592555705,3.4251034278233043,26.123917038170145,0.2571533203125,4.027255040638933,7.785374015116926,-0.08129556446890987,-0.03621445266599883,0.04696594159716247,10.718386495614604,0.1170757590699941,0.31173317000441736,-3.592653529434699,4.949902075362803,1.4719219387776787,3.591161757699737,0.27612938109052143,0.3510033190250397,0.8978000283241272,2,5,0.6097265481948853,2,0.0,0,0.0,0.0,0,0,0,0,0.7009570598602295,76,220,625,ref,0.0,GELUA,none,2
-3.7296381499249502,3.7382366850148294,29.715828360701554,0.26384765625,-3.5602844917854615,3.3958679691540374,23.859284775474375,0.24923583984374997,3.782031240906016,7.829460887024141,-0.07957286400379338,-0.0355829686845123,0.045132774436738445,10.750072846363993,0.12071511406684295,0.30687241867880566,-3.524326337155097,4.748576858102318,1.5175238560629323,3.603253794669785,0.28157539164830914,0.36023759841918945,0.8978999853134155,2,4,0.6085546612739563,2,0.0,0,0.0,0.0,0,0,0,0,0.6940624713897705,75,221,625,ref,0.0,GELUA,none,2
-3.354417329213246,3.6849612527887055,31.69431510766106,0.286484375,-3.506375358454571,3.394440889701175,23.934712468908128,0.2589599609375,3.7426863201697502,7.853435226653443,-0.07389259314789022,-0.035102553220843886,0.04512829542673921,10.773034765174229,0.12101105280336924,0.3094219659583371,-3.474817689540753,4.752005938801087,1.5524312670099087,3.608668145768578,0.30510211244447255,0.3280330300331116,0.8945000171661377,2,5,0.5823047161102295,2,0.0,0,0.0,0.0,0,0,0,0,0.6708593964576721,67,222,625,ref,0.0,GELUA,none,2
-3.406392492731783,3.673672628770225,27.267074244391623,0.27662109375,-3.492237247222315,3.403000947876798,24.5461598578432,0.259833984375,3.785481465743075,7.8721774904417385,-0.07724350493442964,-0.03495104079488177,0.04565690595230308,10.7938296650597,0.12273135723313316,0.31559211583503843,-3.4575767837271174,4.824039233635962,1.5031248786889564,3.6164358848354743,0.29517876749128624,0.3933793008327484,0.887499988079071,2,3,0.5938085913658142,2,0.0,0,0.0,0.0,0,0,0,0,0.6821484565734863,71,223,625,ref,0.0,GELUA,none,2
-3.348816464264361,3.713310394329916,26.85906483515441,0.27923828125,-3.4760818520492434,3.390741819807195,23.345179432471138,0.25623046875,3.635142051905466,7.924983375228136,-0.06299533854419549,-0.03458261294232401,0.0444844823284935,10.814415407799745,0.12000894623459317,0.32076752900353434,-3.422558251684493,4.718251469124027,1.5769920386699325,3.629739696911666,0.2989733943052028,0.3997451066970825,0.8932999968528748,2,4,0.5818750262260437,2,0.0,0,0.0,0.0,0,0,0,0,0.6751562356948853,69,224,625,ref,0.0,GELUA,none,2
-3.376338909220986,3.732251011378157,29.49766490339312,0.27861328125,-3.4194239080635054,3.3961473294663658,23.74374033340779,0.26411376953125,3.625856024887527,7.95764190003138,-0.049681241477376945,-0.034071808312713385,0.044786471406370466,10.834759720799461,0.11943680812924867,0.3247608884079267,-3.370804681248909,4.757458050587811,1.5196006277120624,3.633865676322645,0.2979939683002727,0.35427001118659973,0.8906000256538391,2,3,0.5879492163658142,2,0.0,0,0.0,0.0,0,0,0,0,0.6756250262260437,73,225,625,ref,0.0,GELUA,none,2
-3.612101632902814,3.765127603570899,32.86508535900457,0.28732421875,-3.418395907368331,3.40356972116421,23.989159213759855,0.26872802734375,3.6318071420352687,7.986323813746636,-0.03384410895608438,-0.03403023081502853,0.044876018810838934,10.848728192831635,0.12035307410638779,0.3277896834924346,-3.365629307386672,4.773413186582173,1.4917748583868375,3.6383677083591626,0.30405960980471014,0.3484174311161041,0.8932999968528748,2,4,0.5948241949081421,2,0.0,0,0.0,0.0,0,0,0,0,0.6732617020606995,71,226,625,ref,0.0,GELUA,none,2
-3.4229489282586005,3.7809693584220008,30.87881156052864,0.2738671875,-3.3599468873236717,3.4004753282949722,24.00103421920473,0.2679443359375,3.603411270754288,8.002604082687608,-0.04278289509909719,-0.0334641568228934,0.045025145884479784,10.873695670360568,0.12059007412346545,0.3283199132620938,-3.307404926269228,4.787378646400233,1.4955296038255268,3.6457973027949224,0.2922090206375489,0.3901614248752594,0.897599995136261,2,2,0.5950390696525574,2,0.0,0,0.0,0.0,0,0,0,0,0.6848828196525574,73,227,625,ref,0.0,GELUA,none,2
-3.6164308788830897,3.7612350665225054,30.27559396288333,0.26421875,-3.3927752810716343,3.4146302493497673,24.132801235366777,0.2677734375,3.6523279697089133,8.042570807492497,-0.035199037426956965,-0.0337714993862719,0.04526943550486826,10.890665395054848,0.1187388967256993,0.32937667784618335,-3.3407396033483194,4.818042603732843,1.6276451392394873,3.648184160469499,0.28234304042041647,0.3564870059490204,0.8797000050544739,2,3,0.611035168170929,2,0.0,0,0.0,0.0,0,0,0,0,0.695605456829071,74,228,625,ref,0.0,GELUA,none,2
-3.47465785260686,3.7619175435842487,34.41788086897505,0.2903125,-3.44925335024649,3.4539371485373582,25.70811940450967,0.269716796875,3.848737404403611,8.076479031055992,0.004465390586773716,-0.03438538919554082,0.04667996574912044,10.906372548688275,0.11886473038000986,0.32959493616931496,-3.4034992984734527,4.964048992942157,1.7516022423499464,3.6520749243191277,0.3075775502700008,0.38075169920921326,0.8833000063896179,2,5,0.5908593535423279,2,0.0,0,0.0,0.0,0,0,0,0,0.6689453125,70,229,625,ref,0.0,GELUA,none,2
-3.3769518930012667,3.836008295855639,34.528566830569495,0.29171875,-3.3490299415523435,3.4590808714780907,26.52464093740522,0.2746337890625,3.8397585507325767,8.113318626553612,0.012163298139438908,-0.033357012658463275,0.04733753301481026,10.925058775775605,0.12243037696927786,0.3282327868339923,-3.2945890096665362,5.027344520029429,1.7174809935859274,3.655434742639055,0.30854473288524364,0.41376248002052307,0.885200023651123,2,2,0.5942187309265137,2,0.0,0,0.0,0.0,0,0,0,0,0.6700390577316284,72,230,625,ref,0.0,GELUA,none,2
-3.5838560813889675,3.850920306466358,33.17130256143731,0.27982421875,-3.4300865278524886,3.471284608835252,26.624584277225246,0.27318359375,3.9171389111566146,8.129756580944642,0.0029213434352511735,-0.034267246827323544,0.04740115878382253,10.941756534423586,0.12317244796897285,0.32544751819751266,-3.3870893351973574,5.032216317608411,1.7016046031884482,3.6632046542786427,0.29779640361146487,0.3423365354537964,0.8985000252723694,2,3,0.6006445288658142,2,0.0,0,0.0,0.0,0,0,0,0,0.6793164014816284,71,231,625,ref,0.0,GELUA,none,2
-3.3079310434458944,3.8070755633031808,33.27215442241176,0.29955078125,-3.4004124679258654,3.468265445599238,26.459747593561964,0.27361572265625,3.9000914043492765,8.166002460625476,-0.037228663837072136,-0.03401107750734331,0.047428597642011266,10.962559260837937,0.12403704794123768,0.32756113122798175,-3.35998331062283,5.037764322185645,1.7083397784204069,3.6704545626085165,0.31831363116570077,0.3915932774543762,0.8909000158309937,2,5,0.5651757717132568,2,0.0,0,0.0,0.0,0,0,0,0,0.6549413800239563,70,232,625,ref,0.0,GELUA,none,2
-3.2486765270018174,3.7908743818438393,33.277524112485594,0.29677734375,-3.472742870973135,3.493634915202738,27.471432934671384,0.27197998046874994,4.029604977076121,8.208849496956802,-0.032969553309277755,-0.034574791074096084,0.04820707872961691,10.985038755782034,0.1246667651529424,0.33276798255767903,-3.417099177700285,5.1295288521103455,1.7444216553185425,3.6758391580456053,0.31512206029441353,0.3493094742298126,0.883899986743927,2,5,0.578906238079071,2,0.0,0,0.0,0.0,0,0,0,0,0.661816418170929,68,233,625,ref,0.0,GELUA,none,2
-3.0014582994329984,3.7851637768559527,31.642304043614754,0.29587890625,-3.406069527232546,3.4851883692597525,26.583334406326177,0.26602294921874997,3.895137348161848,8.25650102950453,-0.005100408442929045,-0.03392379035227031,0.04744549492296044,11.015089498634936,0.12890363121638074,0.33059738804374955,-3.3461752221792658,5.047786366182633,1.7676464935246088,3.6818114667527606,0.31529834164170156,0.34273451566696167,0.886900007724762,2,2,0.567675769329071,2,0.0,0,0.0,0.0,0,0,0,0,0.6574413776397705,68,234,625,ref,0.0,GELUA,none,2
-3.2312513348742247,3.784697191606388,32.917128974825154,0.30376953125,-3.367107818603833,3.486936106397114,26.778984925937888,0.26953857421875,3.879487971483673,8.275570216043015,0.0036652225691749998,-0.03353763870253564,0.047575809238696705,11.03725880880413,0.13221825101762077,0.3319681525536371,-3.3033040723363594,5.064757436588174,1.7871506037716527,3.6893908090025667,0.32144927368735104,0.3793482184410095,0.8841999769210815,2,3,0.576953113079071,2,0.0,0,0.0,0.0,0,0,0,0,0.6566992402076721,66,235,625,ref,0.0,GELUA,none,2
-3.146445137028258,3.783004687489934,33.170223563491604,0.29201171875,-3.329148466898549,3.487808895167837,26.406194312665715,0.2671875,3.828569536087355,8.325965517580148,0.010275835544388165,-0.03328314947848525,0.047286278448443686,11.06287685351066,0.13285754951182752,0.3284289290196244,-3.276595454590643,5.022177867647125,1.743455610459053,3.6942006476595366,0.31031781377749906,0.38146814703941345,0.8809000253677368,2,3,0.5840820074081421,2,0.0,0,0.0,0.0,0,0,0,0,0.667675793170929,70,236,625,ref,0.0,GELUA,none,2
-3.4034700559969076,3.823914515523182,33.03831881764066,0.28529296875,-3.476013266596322,3.50712504857223,26.456476171085054,0.2523388671875,3.9771569464906826,8.347149801678931,-0.024380641846847417,-0.03469298790095714,0.04764376809941484,11.086622355762042,0.13098813995718955,0.3274971527085448,-3.422885627207474,5.058156617729797,1.7342669528225958,3.702939560398487,0.30195302448773953,0.33779528737068176,0.8913000226020813,2,2,0.5998828411102295,2,0.0,0,0.0,0.0,0,0,0,0,0.6764062643051147,69,237,625,ref,0.0,GELUA,none,2
-3.5581037506761195,3.8835231009444637,34.87837880636759,0.26169921875,-3.595905549374736,3.5468563769130355,27.670415399529414,0.24927490234375002,4.172728600676558,8.393871885338246,0.013589672433858233,-0.03584495557695553,0.0485744556917287,11.109859894223264,0.1302348587475717,0.32779528208521735,-3.5416439564700273,5.151568423437547,1.7298211728595998,3.7067533053668105,0.27910549347543334,0.38442832231521606,0.8844000101089478,2,3,0.6171875,2,0.0,0,0.0,0.0,0,0,0,0,0.6996679902076721,75,238,625,ref,0.0,GELUA,none,2
-3.811630991411871,3.902272689872263,37.108153119567255,0.268203125,-3.7713156018301017,3.587856598599504,28.693618180845874,0.24165527343749998,4.3895713605294295,8.43443887406468,0.048704737519893335,-0.03728513900772192,0.04943218680114042,11.125635031583457,0.1281931849254761,0.329260586021095,-3.6912148696046203,5.237586134837997,1.7126505203319962,3.7080500663494695,0.285018934746164,0.36014416813850403,0.8877000212669373,1,4,0.6206250190734863,1,0.0,0,0.0,0.0,0,0,0,0,0.6962304711341858,70,239,625,ref,0.0,GELUA,none,2
-3.5592903101256046,4.011229074070052,38.65100103286817,0.27771484375,-3.775085779298964,3.6076295511054455,29.846318565106234,0.24324707031249998,4.503024857114895,8.47039203752479,0.04157408336959156,-0.037332087826178355,0.050389729633442217,11.145170840081585,0.12949343275511638,0.33319664591329645,-3.6947239560066705,5.344619138820323,1.6529240625569788,3.7123583882583238,0.294434984401032,0.40462884306907654,0.8730000257492065,2,4,0.6072656512260437,2,0.0,0,0.0,0.0,0,0,0,0,0.682812511920929,72,240,625,ref,0.0,GELUA,none,2
-3.490866013349935,4.019092913509983,37.035220557136064,0.27740234375,-3.7061966587371797,3.6076816881550715,30.193045497178062,0.24779541015624998,4.44237026234464,8.484800871815153,0.08819602888963514,-0.036577085427176616,0.05041777974385984,11.166424898718983,0.13314854096854106,0.33544736370765577,-3.6137280540968737,5.352215303774137,1.6544912279434811,3.7151970249816837,0.29515064793145773,0.3789444863796234,0.886900007724762,2,4,0.5957617163658142,2,0.0,0,0.0,0.0,0,0,0,0,0.6800195574760437,70,241,625,ref,0.0,GELUA,none,2
-3.9805400921559277,3.9271086318014397,33.04923042586096,0.24671875,-3.7295065568348686,3.6144538745995827,30.340992769278632,0.24571044921875002,4.4645226405259635,8.501316890995078,0.09843728008689241,-0.036728649974625556,0.05049939801687683,11.187382751839152,0.13460068647749723,0.3350782570751072,-3.6278018491828505,5.359861442440708,1.65853767780626,3.7222118281267744,0.2633289471525282,0.34354159235954285,0.8899999856948853,2,3,0.6324023604393005,2,0.0,0,0.0,0.0,0,0,0,0,0.7152148485183716,76,242,625,ref,0.0,GELUA,none,2
-3.5605754480577203,3.8948478684745993,33.46327392331098,0.26658203125,-3.7298021988655137,3.6190357941046853,29.94595132185472,0.24581787109375003,4.417763061760454,8.55790766809668,0.12174934915379723,-0.03675203789226715,0.0500762638108935,11.208449630225518,0.13447330617811531,0.33387243248728843,-3.6303250365891997,5.314048792502036,1.9548657804229403,3.726786886606705,0.28587075840243,0.3706634044647217,0.896399974822998,2,3,0.6016210913658142,2,0.0,0,0.0,0.0,0,0,0,0,0.6890234351158142,72,243,625,ref,0.0,GELUA,none,2
-3.58139212053915,3.9381430938262483,34.56442958917789,0.2751953125,-3.643525248196441,3.5950622457187094,28.620522473735722,0.2430908203125,4.268781380638034,8.602287232321277,0.053403937632740046,-0.03604246976514286,0.04928659691804054,11.234381369548064,0.1389389862329699,0.3355055759034848,-3.553172750232165,5.233091815019408,1.9742256443918986,3.7338965228826804,0.29233785077399543,0.3484184741973877,0.8980000019073486,2,3,0.606152355670929,2,0.0,0,0.0,0.0,0,0,0,0,0.6865624785423279,74,244,625,ref,0.0,GELUA,none,2
-3.6506809691723507,3.9103636090436042,34.390320746847195,0.26271484375,-3.5826966436296486,3.5893078389427444,28.362731444888826,0.24586181640625002,4.184108659726973,8.63527971492252,0.06374238804634348,-0.03541709061978357,0.048988848602283246,11.253305682184076,0.13903793937992304,0.33460315376551186,-3.489011325857044,5.199834236505853,2.0046716705701098,3.734303171774914,0.2803374211638776,0.38343626260757446,0.8845999836921692,2,4,0.6125195026397705,2,0.0,0,0.0,0.0,0,0,0,0,0.6976953148841858,74,245,625,ref,0.0,GELUA,none,2
-3.737291957403616,3.935397059949069,32.24392207613719,0.26021484375,-3.558061522819239,3.582550660931154,27.682466107371052,0.2457177734375,4.114971751345499,8.661015551091126,0.05868193570162226,-0.035181355254153196,0.048540371784140196,11.280399080739219,0.13950351089471952,0.3316612247174991,-3.4643975393110575,5.152499164816178,1.9900246706497864,3.7358282452771197,0.2773647524220473,0.38722655177116394,0.8928999900817871,2,3,0.6164648532867432,2,0.0,0,0.0,0.0,0,0,0,0,0.7008398175239563,71,246,625,ref,0.0,GELUA,none,2
-3.4996136391889148,3.89878065340492,33.07047741734608,0.27595703125,-3.6448728181978765,3.6017279470118466,27.926205952684043,0.2479150390625,4.202669678876275,8.706888424427207,0.062886100982687,-0.03606926048670375,0.0486774762306486,11.300185151177013,0.13680247549898922,0.3319208485582963,-3.5580536438607653,5.170374888961947,2.037050630773779,3.741087751306913,0.2935362724936953,0.35735172033309937,0.8939999938011169,2,4,0.5995507836341858,2,0.0,0,0.0,0.0,0,0,0,0,0.6840038895606995,74,247,625,ref,0.0,GELUA,none,2
-3.242359790688351,3.904772339937603,31.94157152508684,0.28228515625,-3.562774867724644,3.599672156592947,27.969591401214075,0.25481201171875,4.13753180639553,8.746251080124399,0.07385674843059205,-0.035265080219682984,0.048682367002238214,11.324747016400506,0.13896175309084355,0.3335113072775718,-3.4735158993811477,5.172785468624971,1.9979418638178927,3.7505846968148786,0.300727650175717,0.31824803352355957,0.9034000039100647,2,2,0.5877538919448853,2,0.0,0,0.0,0.0,0,0,0,0,0.6750195026397705,70,248,625,ref,0.0,GELUA,none,2
-3.374340365380919,3.8691863548334475,34.37197306264053,0.27330078125,-3.5926505536321396,3.6011310850982063,27.903239630052603,0.24544677734375,4.150036954798997,8.765871718543549,0.05223641871804407,-0.03549156721938873,0.04862991903581736,11.344185222739817,0.1376478845521342,0.3327600444296319,-3.498030600582526,5.165420231356267,2.0319724966490824,3.7541700783664385,0.29170052382110717,0.40508636832237244,0.8837000131607056,2,3,0.6035351753234863,2,0.0,0,0.0,0.0,0,0,0,0,0.6864843964576721,76,249,625,ref,0.0,GELUA,none,2
-3.526306213013093,3.9097434835453346,33.33318711564015,0.2578125,-3.564743065280807,3.601341389711143,27.62845173240583,0.2452197265625,4.129402306913618,8.811414551297995,0.028842947034971783,-0.03524992581245431,0.0486203805416416,11.367884093008492,0.1365652039134875,0.3326452628543443,-3.4743600642420915,5.165475331353492,2.0375166699220397,3.7641091471194716,0.2757328025008769,0.36017781496047974,0.8790000081062317,2,2,0.6149023175239563,2,0.0,0,0.0,0.0,0,0,0,0,0.7025781273841858,74,250,625,ref,0.0,GELUA,none,2
-3.6598120453500793,3.9175068835801223,36.112415856349784,0.27712890625,-3.557754960537112,3.5949150776103505,26.98649996564287,0.24338378906250002,4.082120026272537,8.846363804645145,-0.005069415687448238,-0.035161871043054044,0.04825812411970418,11.388159662382328,0.13717511674156413,0.3334086120894912,-3.4647300135135635,5.13052745983062,2.058023196720935,3.7698337443570598,0.29459133454581937,0.4326269030570984,0.878600001335144,2,3,0.6030859351158142,2,0.0,0,0.0,0.0,0,0,0,0,0.6829687356948853,67,251,625,ref,0.0,GELUA,none,2
-3.662055276144494,3.996566811644385,35.55836502960598,0.25923828125,-3.6540953174560915,3.6233140019984584,28.011520232709096,0.236865234375,4.2256179974645,8.87597244028573,0.02681391932785572,-0.036038615898994514,0.04890550884794695,11.41128361199396,0.13564200086751954,0.3377121717952829,-3.5560749539822107,5.206779812410712,2.028054740131614,3.7734732590232194,0.2763657474364151,0.36869674921035767,0.8831999897956848,2,2,0.6166210770606995,2,0.0,0,0.0,0.0,0,0,0,0,0.7012890577316284,74,252,625,ref,0.0,GELUA,none,2
-3.700715083542961,4.002962074894175,36.997462223871615,0.26544921875,-3.6588125693128974,3.6363325042700976,28.24594693335289,0.23471435546875,4.277253510262667,8.923499157821354,0.02216141352721733,-0.03613126359691868,0.049296646565139074,11.43352195234682,0.13215710095922986,0.3383559534964704,-3.5690504813389294,5.246526168417727,2.0095332168282773,3.778509253308392,0.28182955784634245,0.35866740345954895,0.8888000249862671,2,2,0.6211133003234863,2,0.0,0,0.0,0.0,0,0,0,0,0.6974023580551147,73,253,625,ref,0.0,GELUA,none,2
-3.5881811993233015,4.082317477798324,38.431788422856336,0.26484375,-3.6289559374065057,3.6317100486582854,27.897593997065655,0.23688232421875,4.223559205829014,8.941440526966383,0.02431814473016614,-0.035906271862905646,0.04898440756364717,11.45624375253307,0.13301650184439495,0.3402832239984162,-3.5451434195367937,5.219263235737628,1.9381432950461797,3.7813494426956673,0.28118855227775585,0.3874346911907196,0.8837000131607056,2,2,0.6192773580551147,2,0.0,0,0.0,0.0,0,0,0,0,0.6969531178474426,73,254,625,ref,0.0,GELUA,none,2
-3.7812844818506295,4.047161941639462,38.37085074678772,0.2509375,-3.7004719969012037,3.6509668379133364,28.70140380224162,0.23342285156249998,4.357445381806031,8.96195565668031,0.01015781305656807,-0.03656576063267564,0.04968510788963265,11.48231300276817,0.13286717293551192,0.3414315886767274,-3.6128493349615542,5.2882217951910695,1.9359444735641276,3.7883146118305144,0.2678200239353342,0.41843172907829285,0.8809999823570251,2,4,0.6279687285423279,2,0.0,0,0.0,0.0,0,0,0,0,0.7123633027076721,76,255,625,ref,0.0,GELUA,none,2
-3.5773003889120583,4.046437282904205,38.599055175228344,0.277890625,-3.563326499202643,3.6432590795860373,29.165842607101204,0.24781982421874998,4.295077739602523,8.983157907529534,-0.004898926145956004,-0.03525019101526067,0.05008611347853972,11.506677797058806,0.13673123687971384,0.3405668440682286,-3.474221198071046,5.331856668462788,1.935813659629492,3.7973772599936924,0.29526437061021643,0.36801981925964355,0.8892999887466431,2,2,0.6063085794448853,2,0.0,0,0.0,0.0,0,0,0,0,0.6834765672683716,74,256,625,ref,0.0,GELUA,none,2
-3.8925125191786893,4.05029991631607,37.52714556220328,0.26021484375,-3.6109419094151223,3.6598063818413107,29.460654026340475,0.24753906250000002,4.373592150762193,9.023890389000657,-0.0032997871964625756,-0.03571717231119265,0.05043858158630786,11.527493543262395,0.1348135998658836,0.33853662516812005,-3.5239753772157267,5.362322558802063,1.9952107640441898,3.7978983316085704,0.2766286265035258,0.3688666820526123,0.8849999904632568,2,2,0.6254296898841858,2,0.0,0,0.0,0.0,0,0,0,0,0.7036718726158142,72,257,625,ref,0.0,GELUA,none,2
-3.627540398949547,4.091407456393119,39.3081935618679,0.282265625,-3.645079337035239,3.6669784160190195,29.171666125430324,0.24369873046874999,4.367868920532681,9.082373760734399,-0.0035119777177219412,-0.03606197894114361,0.050142816873724044,11.551208839369046,0.13457922676578163,0.33811839528749393,-3.5595309869998943,5.32776842952573,1.9950088012611822,3.799306994389476,0.2989454320484912,0.37221425771713257,0.8930000066757202,2,4,0.6020703315734863,2,0.0,0,0.0,0.0,0,0,0,0,0.6786913871765137,69,258,625,ref,0.0,GELUA,none,2
-3.9008838286311645,3.9834174595829306,38.44130589853559,0.2541015625,-3.7843285956587085,3.6860839987438663,29.462252090379852,0.23973388671874998,4.483745332353648,9.107704740573237,-0.004234827131314489,-0.037327308218030625,0.05022592482571117,11.566100489721961,0.13264533274341375,0.34159621055003464,-3.6910824434182117,5.345551665588238,2.0244517730514957,3.801727217902944,0.2700396130108497,0.4247649610042572,0.8824999928474426,2,4,0.635058581829071,2,0.0,0,0.0,0.0,0,0,0,0,0.710156261920929,76,259,625,ref,0.0,GELUA,none,2
-3.82514821232538,4.072226547570542,36.87128036935072,0.2618359375,-3.822714895896719,3.694226558523609,29.68234181978076,0.23591552734375001,4.533012135212566,9.13442318517736,-0.02012545468873861,-0.03770384756181812,0.05037280536999353,11.590427395062394,0.13222452464920934,0.34258472936194884,-3.7300751179660074,5.358831345460405,2.0610187381499525,3.809038934685276,0.278706979872055,0.3884412348270416,0.8809999823570251,2,3,0.6187695264816284,2,0.0,0,0.0,0.0,0,0,0,0,0.6989843845367432,71,260,625,ref,0.0,GELUA,none,2
-4.13812911871618,4.096144669722813,35.41578197113848,0.24724609375,-3.819503770252054,3.689086121457405,29.13997501691049,0.23751464843749998,4.479459131242455,9.172143307505145,-0.04224602721796084,-0.037831904307243126,0.049809387044471375,11.61468389301185,0.1331422790978104,0.34479709290697574,-3.7422752163115685,5.30692833781703,2.077145303932232,3.811961774879799,0.262789609072601,0.36786678433418274,0.8896999955177307,2,4,0.6436523199081421,2,0.0,0,0.0,0.0,0,0,0,0,0.7180469036102295,76,261,625,ref,0.0,GELUA,none,2
-3.4014281095111447,4.022747372672917,37.052287181067065,0.29568359375,-3.617009788728652,3.6651631622444074,28.750328542550843,0.24955810546874999,4.292454055837662,9.208139598492837,-0.06717264845707462,-0.03592596525702297,0.04958052341413006,11.634979875634617,0.13767320850514808,0.34494401588061363,-3.5425040610773486,5.282122086169161,2.121728448767545,3.818018132852539,0.31239157263327877,0.402778685092926,0.8876000046730042,2,2,0.5897851586341858,2,0.0,0,0.0,0.0,0,0,0,0,0.6655468940734863,70,262,625,ref,0.0,GELUA,none,2
-3.9589983843326477,4.055686479551454,38.45014691243878,0.27453125,-3.7206742217101048,3.6862389476133575,29.278663878450057,0.25044189453125,4.446524716513771,9.240417704268282,-0.09858484188042152,-0.036816654135979,0.05027920095937683,11.654317033383984,0.1371653187368065,0.34716302899903634,-3.6342521706464135,5.354375296069308,2.1362031888177313,3.8215961865944403,0.289113971235121,0.34993478655815125,0.8885999917984009,2,4,0.62451171875,2,0.0,0,0.0,0.0,0,0,0,0,0.6924804449081421,70,263,625,ref,0.0,GELUA,none,2
-3.564986190109952,4.042327403661833,35.293410682412365,0.26830078125,-3.569170900925303,3.671746499053336,28.985793991322684,0.25481201171875,4.260323470339464,9.275572841040765,-0.054173958069800035,-0.03544508687705725,0.04964360168648705,11.6767839364611,0.13903613031841813,0.3492695852417333,-3.491881010253696,5.293364509857933,2.1220813429686682,3.8235705535730413,0.28554514835466277,0.3643709123134613,0.8927000164985657,2,2,0.6111133098602295,2,0.0,0,0.0,0.0,0,0,0,0,0.6931054592132568,74,264,625,ref,0.0,GELUA,none,2
-3.5792170755271036,4.015463250622671,35.43328548100982,0.275703125,-3.5736466800287805,3.682677860347288,29.272460547812784,0.255068359375,4.31037129059449,9.314315205497936,-0.06257027300034446,-0.035604733311593535,0.04996853644041054,11.698740905347087,0.14024611189961433,0.3493933573341118,-3.5070248600962914,5.324886310444258,2.2027078073978537,3.828479233901324,0.29356032309103947,0.3963923752307892,0.8945000171661377,2,2,0.5972656011581421,2,0.0,0,0.0,0.0,0,0,0,0,0.68212890625,72,265,625,ref,0.0,GELUA,none,2
-3.452394410999724,4.142248312267118,41.01572746937856,0.28568359375,-3.701133586619106,3.7023759539904826,29.323547282512386,0.24309814453125,4.423993464800844,9.349119687559869,-0.06552544767377504,-0.03684163670793631,0.050064755488975154,11.720744686513129,0.1399820958689088,0.34979602684348265,-3.6339945535200413,5.3323543223218035,2.2392896568415956,3.8311283252523527,0.30236864883801035,0.4174332916736603,0.8845999836921692,2,4,0.6003320217132568,2,0.0,0,0.0,0.0,0,0,0,0,0.6766406297683716,71,266,625,ref,0.0,GELUA,none,2
-3.592108581672548,4.081614822039062,38.0754057883348,0.268125,-3.5429509873240117,3.688871453484212,29.164735546257145,0.25153564453125,4.29860331593159,9.393420306256651,-0.08425102185751379,-0.03536719486010396,0.050034342131450825,11.74477675584965,0.14588416416663677,0.3461302177984786,-3.477053888628081,5.322700694103447,2.2291693298656448,3.8364750415552646,0.2844605397115558,0.32978102564811707,0.8931999802589417,2,3,0.6169726848602295,2,0.0,0,0.0,0.0,0,0,0,0,0.6929101347923279,73,267,625,ref,0.0,GELUA,none,2
-3.569677874762556,4.064730191719212,39.24025188922596,0.27955078125,-3.498308055784494,3.7095809819692964,30.536261666208816,0.25432373046875,4.405008203702011,9.43562195148866,-0.07963909340238258,-0.03494183093454159,0.051247177669409845,11.762215926788828,0.148901645380829,0.3457831846070882,-3.430463057638716,5.441628549137925,2.257150146028591,3.8387185976253044,0.29563008846620176,0.396284818649292,0.8845999836921692,2,3,0.6064843535423279,2,0.0,0,0.0,0.0,0,0,0,0,0.6842578053474426,73,268,625,ref,0.0,GELUA,none,2
-3.735414932216462,4.07868493418724,42.47288553211556,0.27009765625,-3.61531253496085,3.7389622855723688,32.09116978387132,0.25156005859374997,4.643935280582614,9.42828728807681,-0.09238359572687241,-0.03592176055676967,0.0525880573620335,11.775790611517662,0.14724073499732185,0.3479286985576926,-3.5325058142917363,5.586383728345456,2.2493215036209993,3.839259829826714,0.28471222380098055,0.38651466369628906,0.8863000273704529,2,3,0.6288866996765137,2,0.0,0,0.0,0.0,0,0,0,0,0.6973242163658142,71,269,625,ref,0.0,GELUA,none,2
-3.7719050161463814,4.113877555179846,38.59709469350776,0.26521484375,-3.6379035659610093,3.737918442677611,31.453522046836007,0.249375,4.614181854805404,9.464882172915445,-0.10702974361143297,-0.03610505896867645,0.052214132257569205,11.796409693589602,0.14672840335522777,0.35219616108963414,-3.551794834165415,5.560917178018837,2.2875008289601784,3.8447324435033328,0.2803141515829615,0.3839022219181061,0.8891000151634216,2,3,0.6280273199081421,2,0.0,0,0.0,0.0,0,0,0,0,0.7016991972923279,75,270,625,ref,0.0,GELUA,none,2
-3.5188109323626087,4.098043175483139,36.966846606034125,0.2647265625,-3.582375340598304,3.7443185456434245,31.97917736389208,0.25151611328125,4.609781859437867,9.508118686215521,-0.0979791744040985,-0.03558287068541819,0.052534820620451894,11.814467486674904,0.1487499827670399,0.3546484154045148,-3.496281429642136,5.597876924735418,2.293698215126801,3.84626022718605,0.2813360524317967,0.33168038725852966,0.8938999772071838,2,3,0.6187890768051147,2,0.0,0,0.0,0.0,0,0,0,0,0.6996288895606995,74,271,625,ref,0.0,GELUA,none,2
-3.5567239951907266,4.1271503960657,37.3488558220161,0.27259765625,-3.527967518249675,3.753151719599533,32.74401563040829,0.25734863281250003,4.656472216686576,9.553896589410712,-0.12422097576435732,-0.03522196491350569,0.05316238555560966,11.831346395683072,0.14934263912960888,0.356923253617556,-3.4587183757202733,5.670307853978104,2.287014312907555,3.852230156716463,0.2882943154475171,0.4259706437587738,0.883899986743927,2,3,0.6162109375,2,0.0,0,0.0,0.0,0,0,0,0,0.6916601657867432,72,272,625,ref,0.0,GELUA,none,2
-3.6033374760126637,4.093091290888725,38.36831889009736,0.27271484375,-3.5314206770679344,3.760799849325533,32.97914528256218,0.259208984375,4.6873466736447,9.579934030929078,-0.12366519788682848,-0.035319354316952,0.053351045957283405,11.848629442016044,0.1502934035146609,0.35965586203813865,-3.4677439687217833,5.693374522095982,2.195505408446653,3.8555615918265658,0.2892441100186526,0.3534797728061676,0.8870999813079834,2,2,0.6134570240974426,2,0.0,0,0.0,0.0,0,0,0,0,0.6912304759025574,71,273,625,ref,0.0,GELUA,none,2
-3.3478995847752318,4.0455761311488505,42.02159285442153,0.28458984375,-3.560532180365377,3.7756429540477323,33.71862237874972,0.25851318359375,4.790049735133774,9.58286429235199,-0.11743431103547744,-0.03567769184240173,0.05394989375250511,11.865302642122888,0.14991946020163596,0.36426018192332765,-3.504825224046162,5.763303831647577,2.3307325249763036,3.8587853085785717,0.3005210326718339,0.4291061758995056,0.8896999955177307,2,5,0.6058398485183716,2,0.0,0,0.0,0.0,0,0,0,0,0.6792968511581421,70,274,625,ref,0.0,GELUA,none,2
-3.9152705123228144,4.073401469384216,45.41620827818812,0.2662109375,-3.740345944979228,3.8098857802234534,34.471630845366505,0.2525634765625,5.018310505192184,9.613676080465085,-0.1167569273084008,-0.037388281699505074,0.05463480002784502,11.884685323261264,0.1487442521424964,0.3629847340452625,-3.681229514042341,5.828695047611661,2.29031362326056,3.8648990678633597,0.2799574777519473,0.37381529808044434,0.8863000273704529,2,3,0.6374609470367432,2,0.0,0,0.0,0.0,0,0,0,0,0.7031054496765137,73,275,625,ref,0.0,GELUA,none,2
-3.864956472007618,4.1402414062183395,41.77545555724494,0.2632421875,-3.8716933403302844,3.825656261400357,34.99102235372421,0.252099609375,5.135760305682891,9.6270727264122,-0.1271872017033403,-0.0385319436420367,0.054778750509257824,11.897183519617156,0.146706717107445,0.36722911095586425,-3.8004212759681697,5.853221809327538,2.247769242165673,3.869808399810444,0.27777646944544065,0.3988819420337677,0.8769999742507935,2,3,0.63623046875,2,0.0,0,0.0,0.0,0,0,0,0,0.7046679854393005,73,276,625,ref,0.0,GELUA,none,2
-4.2547602435290806,4.2648768117000255,42.92102106806743,0.247734375,-3.91608415853135,3.846450114142696,36.13911588711712,0.25497802734375,5.268744928565999,9.639917245974752,-0.11348369395238997,-0.03902166283589157,0.055487628178880255,11.911798004153736,0.14546793825458734,0.3677674031507033,-3.8518258174612003,5.929183565517226,2.2544412164856977,3.8729248581977074,0.26197736578219016,0.3846154510974884,0.8698999881744385,1,5,0.6533593535423279,1,0.0,0,0.0,0.0,0,0,0,0,0.7209570407867432,75,277,625,ref,0.0,GELUA,none,2
-3.655482826370188,4.181348745065606,40.94726344491688,0.2758203125,-3.7460965121864764,3.8095214947358147,34.434402388713764,0.2596435546875,4.960420217096206,9.690876752759857,-0.13884295100186375,-0.03749959500955618,0.054093120445633046,11.938783214782596,0.15111079132184385,0.36798788240927865,-3.690265666774576,5.789763024017847,2.2826917220363,3.877151154238386,0.2922137488311895,0.38266679644584656,0.8921999931335449,2,5,0.6073437333106995,2,0.0,0,0.0,0.0,0,0,0,0,0.6865820288658142,73,278,625,ref,0.0,GELUA,none,2
-3.7973010506232208,4.161561890288703,40.03558560690525,0.25974609375,-3.723614180718039,3.7833867166182853,32.51154249308912,0.2540234375,4.740623743780337,9.708876453068125,-0.13548514936477438,-0.037293137496229437,0.052436088887655594,11.96697910213661,0.15093156942748465,0.3668942184021207,-3.669295832763441,5.619625624276395,2.268198987559945,3.8864906288615555,0.27423958464394466,0.3911588788032532,0.8828999996185303,2,4,0.6377734541893005,2,0.0,0,0.0,0.0,0,0,0,0,0.7084375023841858,75,279,625,ref,0.0,GELUA,none,2
-3.537140535686129,4.225372403674058,41.314728600996624,0.27634765625,-3.7354338645916245,3.783795349015984,31.814163259900386,0.24712890625,4.661891852968806,9.759587338968117,-0.10437194870193106,-0.03737368600882946,0.05171814957606471,11.99401943175314,0.1529541532753501,0.36722576109976995,-3.6755244622942143,5.545841120304117,2.2840117030875025,3.890734340855192,0.29167390283718353,0.40224531292915344,0.885699987411499,3,3,0.6131054759025574,3,0.0,0,0.0,0.0,0,0,0,0,0.6869335770606995,72,280,625,ref,0.0,GELUA,none,2
-3.61005158431596,4.159694699204962,38.38458791188164,0.268359375,-3.7004905945162876,3.7886164785237804,31.565264757675923,0.25134521484375,4.63604121036114,9.821618791679285,-0.10404518069849457,-0.03701369251030375,0.05175875555227084,12.017662699410208,0.15541832021437585,0.36378471550394603,-3.6361833490854485,5.539494788016402,2.3286530377359016,3.8955163695286483,0.2836129434959491,0.4150022566318512,0.8853999972343445,2,4,0.6226562261581421,2,0.0,0,0.0,0.0,0,0,0,0,0.6977929472923279,76,281,625,ref,0.0,GELUA,none,2
-3.1486789273133837,4.151149784683834,37.210211646570535,0.297109375,-3.596643470381671,3.791153475643156,32.24580416630712,0.25306884765625,4.623297907637551,9.861471655889169,-0.11192488764553833,-0.03615039892896678,0.052258982391345195,12.040970789507105,0.1578473441139795,0.36543219867340737,-3.545320419728239,5.590112309014125,2.312215973379992,3.899338856430173,0.31432124069206274,0.3972457945346832,0.8992999792098999,2,2,0.5841015577316284,2,0.0,0,0.0,0.0,0,0,0,0,0.6640820503234863,71,282,625,ref,0.0,GELUA,none,2
-3.6830145164705947,4.1756735519146355,45.78936695143968,0.2777734375,-3.4878598126083635,3.7877812563067357,32.375032063067074,0.26070556640625003,4.5754320322335476,9.889904514091947,-0.11804970069686412,-0.03514240338716519,0.052545784016958336,12.05788170455986,0.160872650872916,0.3657769129579917,-3.4390382553110794,5.617502031249115,2.2785708785140892,3.903623058461352,0.29264763472034666,0.3902755081653595,0.8873000144958496,2,4,0.6152734160423279,2,0.0,0,0.0,0.0,0,0,0,0,0.6875,71,283,625,ref,0.0,GELUA,none,2
-3.805453180981664,4.145608381150211,38.86751920853689,0.2543359375,-3.5960072237009633,3.8061036848189187,32.525184698402306,0.25630126953125,4.639204265570535,9.93571411159252,-0.08849311757090401,-0.036054386822438826,0.05245784898306672,12.07960359434956,0.1594219148159027,0.36339953983387513,-3.5339105789223395,5.601085891795419,2.1764683511083724,3.9054618341178804,0.2688574381577953,0.4015440344810486,0.8744000196456909,2,3,0.6437890529632568,2,0.0,0,0.0,0.0,0,0,0,0,0.7148827910423279,75,284,625,ref,0.0,GELUA,none,2
-4.0510794940909,4.265935306499319,42.20826055989597,0.2579296875,-3.6140171507260233,3.819395902669478,33.106636312749345,0.26116943359375,4.711758404078748,9.947260274024401,-0.07123361677475547,-0.03628834597742058,0.05289865148179941,12.09896368055103,0.157305306638591,0.36240551980564906,-3.5599934509986086,5.6449433769165775,2.176010392397899,3.9095440602920126,0.27131824979036245,0.34726160764694214,0.8833000063896179,2,2,0.6462500095367432,2,0.0,0,0.0,0.0,0,0,0,0,0.7115625143051147,74,285,625,ref,0.0,GELUA,none,2
-3.861609744881802,4.232287726940458,40.49823860781905,0.26833984375,-3.6694794281686374,3.829931381522749,33.13874960841357,0.26130615234375,4.780394814892938,9.969514493335735,-0.08153492105592208,-0.03685890749115118,0.0530704941181195,12.115374375367434,0.15502504920586943,0.36146659104956275,-3.620720781424574,5.654905238046644,2.1748210349673087,3.9154962603964396,0.283730781306595,0.4088444411754608,0.8884000182151794,2,6,0.6220703125,2,0.0,0,0.0,0.0,0,0,0,0,0.6963672041893005,75,286,625,ref,0.0,GELUA,none,2
-3.504833063975019,4.204883126276185,40.98704281525943,0.28875,-3.5845919195868015,3.824465595923739,33.40137820950551,0.27145263671875,4.715955894156658,10.012218234740024,-0.1016370344923635,-0.03610157776504244,0.053060846485684335,12.132352257867344,0.15607466065790504,0.36521727065372167,-3.542091969979861,5.662739125857587,2.1512626314171053,3.920502403790922,0.30460653738352145,0.3822837769985199,0.8847000002861023,2,3,0.6068164110183716,2,0.0,0,0.0,0.0,0,0,0,0,0.6767382621765137,69,287,625,ref,0.0,GELUA,none,2
-3.7770920109826047,4.233664891496089,40.18843723384314,0.27462890625,-3.6712816053606163,3.834919512486311,33.38597942863184,0.2662744140625,4.725439093259892,10.033339316679125,-0.05217074269077373,-0.03684315635935911,0.05262738378364135,12.155739289271729,0.15531577094458043,0.3630174027866193,-3.618816548210898,5.615792343855677,2.2805353159946193,3.9280715209470167,0.29036296441393616,0.4262964129447937,0.8895000219345093,2,3,0.6185937523841858,2,0.0,0,0.0,0.0,0,0,0,0,0.6891992092132568,72,288,625,ref,0.0,GELUA,none,2
-3.7940854948917284,4.268547990411963,40.77616637704048,0.27814453125,-3.6615244804944864,3.84951712784372,34.41101666051461,0.26822509765625,4.780821469840578,10.054949710221276,-0.016989062499691027,-0.03669922434231605,0.05318454632647764,12.175497347624637,0.15401938129216433,0.3635251561712803,-3.605368856982051,5.67559133140705,2.2463571768878348,3.9324777880992006,0.29320952048606624,0.4475190043449402,0.871999979019165,2,3,0.6160937547683716,2,0.0,0,0.0,0.0,0,0,0,0,0.6881054639816284,70,289,625,ref,0.0,GELUA,none,2
-3.3445469621073287,4.177547410774689,41.540834442590764,0.299140625,-3.5924576002517754,3.8395305136192897,33.40557467721032,0.2676904296875,4.639283531458623,10.116137812540952,-0.013426778985968446,-0.036074899133302155,0.05244440494554764,12.195380380573114,0.15626013475935907,0.36307954018450017,-3.5391735952197405,5.600716772003482,2.2530547183431358,3.935668225971529,0.31496591308571714,0.38840654492378235,0.8819000124931335,2,3,0.5952343940734863,2,0.0,0,0.0,0.0,0,0,0,0,0.6653125286102295,70,290,625,ref,0.0,GELUA,none,2
-3.5752172832972793,4.163489076781428,43.99940125170123,0.28291015625,-3.4969068067424676,3.824544098868108,33.1775246323993,0.27159423828125,4.5151036991719415,10.11784424171046,-0.005810376695537824,-0.035269004345188565,0.05195629194167914,12.212188700341393,0.15646063073072583,0.3658369395352674,-3.456419000571488,5.555048332117902,2.2418231088970035,3.9384724098976904,0.2978035195231097,0.40475955605506897,0.8830000162124634,2,3,0.6124414205551147,2,0.0,0,0.0,0.0,0,0,0,0,0.6841015815734863,75,291,625,ref,0.0,GELUA,none,2
-3.368955468834078,4.1010645479350485,36.6609322737063,0.28294921875,-3.3218458425596213,3.787865890935368,31.412945402770433,0.27908447265625,4.210827102843624,10.160155386486645,-0.023054481618680275,-0.033693946614678186,0.050421529729266244,12.229555575082241,0.16050612767226993,0.36688534245433463,-3.291028036176668,5.397645089174541,2.160491578849734,3.942055118757479,0.29960520854964334,0.37351271510124207,0.8942000269889832,2,3,0.6005859375,2,0.0,0,0.0,0.0,0,0,0,0,0.6801953315734863,76,292,625,ref,0.0,GELUA,none,2
-3.3516145563884225,4.151112862077992,38.924007045155335,0.29890625,-3.295620862376576,3.783490311393348,30.669338759629426,0.28211669921875,4.127381333657343,10.189781528084003,-0.0023639253340126533,-0.033418023133191976,0.04987954836394386,12.247992539121142,0.16319570818915963,0.3662894824814532,-3.2600734579778834,5.342111886315341,2.233136657486625,3.945832707394452,0.31517836499463286,0.3912366032600403,0.890999972820282,2,2,0.5898827910423279,2,0.0,0,0.0,0.0,0,0,0,0,0.6647655963897705,68,293,625,ref,0.0,GELUA,none,2
-3.671766218017305,4.235443896441728,42.36491511986408,0.273515625,-3.3193915394770785,3.8074739791621246,31.814998759772738,0.279150390625,4.2804636342229,10.253697870862538,-0.03730340308877594,-0.033847398273332316,0.05091939541838905,12.272573376855087,0.16397212225943802,0.3674757656237452,-3.303281293727013,5.446543332513889,2.114057500582263,3.953326894663129,0.2901408381276853,0.4016304314136505,0.8894000053405762,2,4,0.6106640696525574,2,0.0,0,0.0,0.0,0,0,0,0,0.6882617473602295,74,294,625,ref,0.0,GELUA,none,2
-3.615006521279064,4.1654782299637,41.59700222782013,0.28013671875,-3.344334125464235,3.8258907338298855,33.06330327116142,0.28007568359375,4.430331999907075,10.252183536085958,-0.045075628787655135,-0.034034944406693655,0.05206673013634731,12.288646099172936,0.16347345959860832,0.36512541653601494,-3.322991771910589,5.563253411036637,2.106180539989211,3.956206756123351,0.29536131050770104,0.41310909390449524,0.8830000162124634,1,2,0.6161718964576721,1,0.0,0,0.0,0.0,0,0,0,0,0.6862695217132568,69,295,625,ref,0.0,GELUA,none,2
-3.8081415980075435,4.223181238898281,43.716046106205695,0.2799609375,-3.4519010317082417,3.850772461703815,33.924200118302515,0.2760498046875,4.57292673724616,10.302012217594932,-0.04649040302463273,-0.03494842845104649,0.05265422330199291,12.304017692011898,0.16141731945332138,0.36800510847468343,-3.4186232187206396,5.625395905767178,2.166724098750293,3.9594493999368647,0.29524968949848257,0.39400893449783325,0.8870000243186951,2,4,0.6151171922683716,2,0.0,0,0.0,0.0,0,0,0,0,0.6852148175239563,73,296,625,ref,0.0,GELUA,none,2
-3.695217339602928,4.242453481311394,40.904384602196636,0.27453125,-3.4128761714438776,3.843680106115222,33.28237736710985,0.27454833984375,4.488847674366822,10.339499756756425,-0.054470672977319355,-0.0345180572859721,0.05223917514889921,12.326744563273424,0.164053039716091,0.3681401566437387,-3.371901218023668,5.584843520494174,2.158384945471627,3.9578562137065045,0.29107700018941673,0.4032054543495178,0.8930000066757202,1,3,0.6150781512260437,1,0.0,0,0.0,0.0,0,0,0,0,0.6889843940734863,71,297,625,ref,0.0,GELUA,none,2
-3.2333211411966203,4.171947373298159,39.307736082768756,0.29259765625,-3.352839926811314,3.8276594405520488,31.890697231524552,0.27067138671875,4.318603493184319,10.381837593951365,-0.04946429428846109,-0.033894098756102026,0.051214563374290395,12.359100355512126,0.17038566734954658,0.3623108200520945,-3.3016516439042425,5.473871587163248,2.161361260394984,3.963401444754278,0.30855035157542354,0.3811216652393341,0.8805999755859375,0,2,0.5988476276397705,0,0.0,0,0.0,0.0,0,0,0,0,0.6712890863418579,69,298,625,ref,0.0,GELUA,none,2
-3.525179185694674,4.205240423728242,40.2094217360602,0.2746875,-3.4121142717397657,3.8376111017729113,31.472445031042547,0.2655224609375,4.339979220314147,10.42331832248618,-0.03603857434962866,-0.03443745837557412,0.05103402614826792,12.376485693295155,0.1684838189301081,0.36247981028178017,-3.3592140627908664,5.4502403252121505,2.210285464072763,3.9641842335489814,0.29024964970515205,0.39681321382522583,0.8813999891281128,1,2,0.6175195574760437,1,0.0,0,0.0,0.0,0,0,0,0,0.6903906464576721,75,299,625,ref,0.0,GELUA,none,2
-3.3881039884301436,4.172126741653686,37.13202711757757,0.27791015625,-3.3092897414561393,3.8136363237107336,30.224642691233047,0.26906005859375,4.146459486858891,10.471594090403237,-0.07423156773620793,-0.03342690485342948,0.050040363164423896,12.398583319285212,0.17192342201014982,0.3643321266375379,-3.2522555681435006,5.352639537096387,2.2873789185894893,3.969323333880634,0.29520414361262626,0.3659743070602417,0.8863999843597412,1,2,0.599316418170929,1,0.0,0,0.0,0.0,0,0,0,0,0.682324230670929,71,300,625,ref,0.0,GELUA,none,2
-3.4782896838569126,4.145715610750262,37.09923756422411,0.27408203125,-3.390681308226764,3.831267383495233,30.614649672374462,0.2617333984375,4.237925917365585,10.505847257910823,-0.06516341144200058,-0.03409015190615954,0.050389895319435794,12.41178458411975,0.16938287109136582,0.36842817471373224,-3.322737695860909,5.394342982589715,2.2352908674037293,3.9754656164577202,0.2898010151554244,0.3770725727081299,0.8725000023841858,1,2,0.6138867139816284,1,0.0,0,0.0,0.0,0,0,0,0,0.68994140625,72,301,625,ref,0.0,GELUA,none,2
-3.453353990626452,4.130754250857006,37.73919457181107,0.2747265625,-3.4492427543908857,3.8338080341221143,30.233501244573723,0.2591064453125,4.2804206742332385,10.515051660502595,-0.09738829223656474,-0.034722378998661936,0.05032643516411725,12.43505864661252,0.1711460204096511,0.36665284443475477,-3.385738506491806,5.384796161538848,2.2216869395878245,3.9818706797063226,0.29120513405361603,0.4009155333042145,0.876800000667572,0,3,0.6117382645606995,0,0.0,0,0.0,0.0,0,0,0,0,0.6878320574760437,73,302,625,ref,0.0,GELUA,none,2
-3.6810105451766697,4.208439849879151,42.048884364998784,0.2783203125,-3.4582621513646683,3.843197016330264,30.394876703952022,0.25717773437499997,4.300753592073315,10.553964967022265,-0.0845552527657395,-0.03478564855363681,0.050458998280984456,12.454903961152656,0.17336625389987603,0.36847962637293286,-3.3899994677700254,5.400176323044265,2.2177339460300285,3.983393781334126,0.2934930060108911,0.43228599429130554,0.8848000168800354,1,2,0.6166796684265137,1,0.0,0,0.0,0.0,0,0,0,0,0.6873632669448853,72,303,625,ref,0.0,GELUA,none,2
-4.0014398265240825,4.230125063558481,41.326058760353156,0.25283203125,-3.4948660301622607,3.864098333316544,31.742836751200738,0.25963623046875,4.473012048158295,10.564860636008438,-0.10661675462704125,-0.0350947993961812,0.05171994183694824,12.477034505632277,0.17366248970851303,0.36871656534783137,-3.421371967803684,5.525850991942238,2.2270700566302004,3.985601156668334,0.2676326899854725,0.43138203024864197,0.8769999742507935,1,3,0.6443164348602295,1,0.0,0,0.0,0.0,0,0,0,0,0.713085949420929,75,304,625,ref,0.0,GELUA,none,2
-3.3654380048817405,4.146579688464035,37.70188043685709,0.2863671875,-3.45818747309295,3.853369222063044,30.817938466512746,0.26510009765625,4.36271202082865,10.574512994950362,-0.08877065423626426,-0.034897698812729035,0.050915765162095145,12.496477397113681,0.1764379737805575,0.36571639387530847,-3.398405931248145,5.438716346199315,2.229504671771357,3.992284172514467,0.30232840385943116,0.3639572858810425,0.8873000144958496,0,2,0.6021875143051147,0,0.0,0,0.0,0.0,0,0,0,0,0.6771093606948853,67,305,625,ref,0.0,GELUA,none,2
-3.1326316526777473,4.209583165794946,38.83740516390956,0.3109375,-3.2880006247121196,3.8447635435618057,31.266872244862252,0.27644531250000004,4.249905752546539,10.586489046458802,-0.05418809310340213,-0.03320700531654269,0.051078739621643054,12.514463112006116,0.18174073434434831,0.36605422759946776,-3.2199122284234614,5.456164652055671,2.2565516889002826,4.001298491866615,0.32713466290589976,0.4079775810241699,0.8841999769210815,1,1,0.5807226300239563,1,0.0,0,0.0,0.0,0,0,0,0,0.6524999737739563,65,306,625,ref,0.0,GELUA,none,2
-3.5665016596474937,4.148729944406853,40.52501805444289,0.2887890625,-3.286414062188315,3.858116884501895,31.700623057457207,0.27964599609375,4.303058485365241,10.625242446736811,-0.04323503762344181,-0.03321487778056081,0.05152607857129181,12.531551006135745,0.18304641458555124,0.36070688970429915,-3.2194129861701533,5.484410316244334,2.1959887748469793,4.005453316640944,0.30478700092464917,0.37733781337738037,0.8906000256538391,1,2,0.601367175579071,1,0.0,0,0.0,0.0,0,0,0,0,0.6742187738418579,69,307,625,ref,0.0,GELUA,none,2
-3.4619943984767327,4.288922857799844,37.322830362294006,0.276171875,-3.360946624661643,3.875785188404821,32.124269649965484,0.27626220703125,4.4052151121691026,10.642241815109157,-0.025746100620066728,-0.03388952115617255,0.05195080203154429,12.552915954722163,0.18169942785985768,0.3618792396124062,-3.2898689640736247,5.523827384834348,2.163835773124707,4.011319347715681,0.2922817015501412,0.3913169503211975,0.8788999915122986,1,2,0.6106250286102295,1,0.0,0,0.0,0.0,0,0,0,0,0.6882617473602295,71,308,625,ref,0.0,GELUA,none,2
-3.2117247024792475,4.239857908650255,35.28693664527955,0.29689453125,-3.2685384089816973,3.862380624538753,31.600785436362422,0.2819921875,4.2675778786287255,10.654511304223448,-0.0041050940398038895,-0.03296987452016026,0.051382531402758204,12.576697043713278,0.18509879242163152,0.3610971770456343,-3.1922630104421574,5.467234350072953,2.0458723281632887,4.0188233085880105,0.31373184979104884,0.39013034105300903,0.8849999904632568,1,1,0.5880273580551147,1,0.0,0,0.0,0.0,0,0,0,0,0.665722668170929,69,309,625,ref,0.0,GELUA,none,2
-3.6500313238484767,4.23336802946801,42.02569667726979,0.286015625,-3.383478599649296,3.890045447902094,32.58071946330411,0.2777099609375,4.446511030253789,10.684505651373716,0.0014369051162947243,-0.03405892675925983,0.05218660389134017,12.597590634812407,0.18250775316730142,0.35765407324088655,-3.3064141780618264,5.53988859513102,2.038607149759377,4.024185809012314,0.30164982528767437,0.4094204008579254,0.8834999799728394,1,5,0.6035351753234863,1,0.0,0,0.0,0.0,0,0,0,0,0.677734375,70,310,625,ref,0.0,GELUA,none,2
-3.352854498504787,4.15671230512319,37.82065744342398,0.2994140625,-3.4926482322859265,3.9157917380149385,32.67308019197526,0.274306640625,4.536421249468706,10.748331615922911,0.04867207011443396,-0.035096171623800625,0.05225165834123823,12.614674432542198,0.17979473403072915,0.35814215982789427,-3.415380291476164,5.542699943525637,2.0401906281787383,4.026614045333697,0.31517030911885857,0.4219505786895752,0.8781999945640564,0,3,0.593457043170929,0,0.0,0,0.0,0.0,0,0,0,0,0.6661523580551147,67,311,625,ref,0.0,GELUA,none,2
-3.248796293036767,4.279146620420561,37.23480318542452,0.2893359375,-3.329060734574806,3.8817981348392454,31.09800329965157,0.27698974609375004,4.27257602866338,10.797260854197521,-0.0014801232194605496,-0.03350255671660438,0.051079556479094644,12.639494169247198,0.1860752574680373,0.35654831917291213,-3.2458533440117403,5.41973506486053,2.120496457177328,4.036875238241048,0.30711032952179806,0.36076757311820984,0.8845000267028809,0,4,0.5876562595367432,0,0.0,0,0.0,0.0,0,0,0,0,0.6704687476158142,70,312,625,ref,0.0,GELUA,none,2
-3.202586441884238,4.15693112084678,37.955944664905886,0.29662109375,-3.3392727220113727,3.887529111718936,31.11188514792441,0.2740478515625,4.262718571723427,10.841172648175693,0.008991374563102516,-0.03358985183531498,0.050937756497543445,12.656438260645231,0.1873545010294765,0.3545653453593644,-3.2535164213963306,5.3983036968692,2.1948821614950185,4.043205885756177,0.3130380798097876,0.38466668128967285,0.8898000121116638,1,1,0.5910546779632568,1,0.0,0,0.0,0.0,0,0,0,0,0.665332019329071,70,313,625,ref,0.0,GELUA,none,2
-3.043378698939603,4.239398187150656,39.18306128076941,0.31056640625,-3.3080101892737797,3.882927763258514,30.546578437738926,0.27376953125,4.201841323612709,10.87919374825661,-0.003907057185555143,-0.03344103630621736,0.05051199732593251,12.678684519851263,0.18811030255048536,0.3601936718423366,-3.237516282705038,5.3638085119204,2.110660396267635,4.050071083324774,0.328010204701264,0.43074944615364075,0.8772000074386597,1,2,0.5729687213897705,1,0.0,0,0.0,0.0,0,0,0,0,0.6508984565734863,68,314,625,ref,0.0,GELUA,none,2
-3.311536881498973,4.336371382301148,37.30285234071866,0.29248046875,-3.2787390335767976,3.880858968581823,30.339441641360335,0.27680664062500004,4.211307863292136,10.913618178561892,-0.06385970783205842,-0.033166760363385624,0.050773995192058906,12.69563154565079,0.19048855357861613,0.3576261249048751,-3.2070418042497177,5.384128205939274,2.1360432235867455,4.056009314407776,0.3099216939687816,0.38785991072654724,0.8784000277519226,0,1,0.5894140601158142,0,0.0,0,0.0,0.0,0,0,0,0,0.6683593988418579,72,315,625,ref,0.0,GELUA,none,2
-2.9524294216623694,4.2705381396739535,36.12335142427798,0.30505859375,-3.1797972217995993,3.8650047326165957,29.043293325000192,0.27785644531250003,3.973524736663917,10.963271491837654,0.0014653546471128554,-0.03208125040163139,0.049408027237564885,12.719210132497723,0.19261510731070303,0.3621397821778897,-3.09371798529252,5.256471027727402,1.9961913511072296,4.059100525487662,0.322665116356492,0.3893827497959137,0.8773000240325928,0,2,0.5738086104393005,0,0.0,0,0.0,0.0,0,0,0,0,0.6555273532867432,70,316,625,ref,0.0,GELUA,none,2
-2.9426922919633096,4.242763512726211,38.16559536590945,0.3001171875,-3.2499529258757276,3.8778929394591883,28.725224917536547,0.27426757812499997,3.988356157789338,11.021494411094336,0.0282030810237469,-0.032788339401840186,0.04907380064401251,12.752700619913103,0.19453448648564517,0.3582286589281382,-3.164231256083232,5.216882306854787,2.0035072150089155,4.060625722652935,0.31792315958761486,0.4235883355140686,0.8873000144958496,0,0,0.5766015648841858,0,0.0,0,0.0,0.0,0,0,0,0,0.6592968702316284,70,317,625,ref,0.0,GELUA,none,2
-3.0317367917960905,4.1837979198498685,34.156702387197605,0.29802734375,-3.2683052158559924,3.874236574741985,27.967260294309632,0.2760693359375,3.9393525767788993,11.04947646000635,0.020880000283258003,-0.03302255039214397,0.04847706661712289,12.774789031911258,0.1963040475989692,0.3579618591867021,-3.1864537563282,5.15224317971966,2.01524271279712,4.066198279861403,0.3158989629170229,0.3580440282821655,0.892799973487854,0,1,0.5785742402076721,0,0.0,0,0.0,0.0,0,0,0,0,0.6620703339576721,70,318,625,ref,0.0,GELUA,none,2
-3.1966782713348914,4.325460286969475,34.85565400266586,0.29634765625,-3.2536260073951446,3.8632249487006085,27.20171435046723,0.2758349609375,3.8114527412738486,11.075171841014635,0.037882421974335646,-0.032787115579565936,0.04747437113747071,12.799077174396157,0.20014462131541222,0.35947226761878176,-3.158495755577596,5.052520355886179,1.9970162857300933,4.070607463506712,0.3132275459460761,0.3764515221118927,0.8912000060081482,0,1,0.58642578125,0,0.0,0,0.0,0.0,0,0,0,0,0.6657421588897705,70,319,625,ref,0.0,GELUA,none,2
-2.9334043921890873,4.205309798315591,33.645677266109736,0.29439453125,-3.141814536113486,3.861892158962836,27.719474197388646,0.28237060546875,3.7490921962691823,11.094612503289461,0.07050634789998915,-0.031672507283408695,0.04765710101485917,12.822057610364796,0.20460932273417712,0.36201655200579097,-3.0398530192289526,5.076778805385195,2.0797096384485103,4.073405017253093,0.3116066292861966,0.34466981887817383,0.8847000002861023,0,0,0.5877538919448853,0,0.0,0,0.0,0.0,0,0,0,0,0.6675586104393005,70,320,625,ref,0.0,GELUA,none,2
-2.9641730663851082,4.278653817672253,40.278970500492754,0.30357421875,-3.2005001726467834,3.893624851499913,29.084099277953783,0.2774658203125,3.936457840135064,11.144510042674334,0.07934660140832094,-0.03220640306344857,0.04899728814909473,12.843692554528557,0.20952986733056606,0.35967219309977344,-3.0896235900965987,5.20999490330373,2.1212799803830578,4.0781299426991575,0.3210306086016508,0.4149332046508789,0.8820000290870667,0,1,0.5755859613418579,0,0.0,0,0.0,0.0,0,0,0,0,0.6558984518051147,69,321,625,ref,0.0,GELUA,none,2
-3.1219911429708946,4.257941442252773,37.338556713151796,0.30587890625,-3.112177220917918,3.8860012499252283,28.678414506894807,0.28202392578125,3.853900260324665,11.181420502614172,0.06568495148159913,-0.031545301314271336,0.04869062788835676,12.863390989457793,0.21281537083443255,0.35943041327546066,-3.018616269995816,5.1759158924650865,2.103887214527237,4.087225983849769,0.32195144770061246,0.3906414806842804,0.8844000101089478,0,1,0.580371081829071,0,0.0,0,0.0,0.0,0,0,0,0,0.656933605670929,69,322,625,ref,0.0,GELUA,none,2
-3.0013936273783446,4.177325845617368,36.77759503584947,0.29427734375,-3.071405420086636,3.8745558322143228,27.48209073209887,0.286689453125,3.749655053339892,11.232981502586421,0.029546341019706827,-0.031090248246498454,0.04804409476263256,12.88574518472877,0.2134522708482109,0.3581919578452159,-2.9713647294430716,5.102120806558244,2.0887379839862312,4.094462302095343,0.31112029950276104,0.4664006531238556,0.8654000163078308,0,2,0.5885937213897705,0,0.0,0,0.0,0.0,0,0,0,0,0.6675976514816284,70,323,625,ref,0.0,GELUA,none,2
-3.4749804899391807,4.266298616695671,39.38485734282163,0.2880859375,-3.135984314460754,3.8891265002921522,28.00835631412016,0.28760986328125004,3.882842007561444,11.254989829255035,-0.012526901541795738,-0.03177597268121645,0.04880007900820329,12.8991027267782,0.21000776278378908,0.35892312548115746,-3.0450533481331115,5.177144921166536,2.0894758407746377,4.097206797692825,0.30351927832119485,0.39991140365600586,0.878600001335144,0,0,0.6055859327316284,0,0.0,0,0.0,0.0,0,0,0,0,0.6775586009025574,71,324,625,ref,0.0,GELUA,none,2
-3.2515794977956727,4.295928379324759,41.77215625613674,0.29673828125,-3.149145308776925,3.9015467830243677,29.06154550956856,0.2854394531250001,3.965494607932774,11.2654538274137,-0.008881135218680596,-0.03194812361446487,0.049423313343056975,12.9221159959051,0.20980672714998946,0.3641776447184547,-3.062889148677074,5.252556583570143,2.0498087632383206,4.0990285618084235,0.3136690230868053,0.37673428654670715,0.883400022983551,0,3,0.5889648199081421,0,0.0,0,0.0,0.0,0,0,0,0,0.6645117402076721,69,325,625,ref,0.0,GELUA,none,2
-3.373194711580967,4.3981149466479055,39.867479756760176,0.2955078125,-3.1518554703245307,3.907256315009507,29.058349842817442,0.2809033203125,3.961472069606933,11.309383879300242,-0.004204037725505137,-0.031938957855787826,0.0493936869302695,12.938277615684957,0.20910422878805549,0.3687777035638417,-3.0626527267761725,5.258879610432387,2.0677945639397266,4.105613018128538,0.31273308896554014,0.41031232476234436,0.8838000297546387,0,0,0.584277331829071,0,0.0,0,0.0,0.0,0,0,0,0,0.6650000214576721,68,326,625,ref,0.0,GELUA,none,2
-3.594491222720671,4.336310039437969,38.522372255818134,0.27330078125,-3.2264061782962323,3.920771867800683,29.214104197194892,0.27182617187499997,4.021093487967885,11.351262211648258,9.63397211114625e-05,-0.03258989798836305,0.04949548951173788,12.955505595829095,0.20806229799520223,0.3705563822567995,-3.130375540396358,5.269447089635181,2.048801131160216,4.118440048409676,0.2893527025728828,0.41665881872177124,0.8766999840736389,0,0,0.6128906011581421,0,0.0,0,0.0,0.0,0,0,0,0,0.6902148723602295,71,327,625,ref,0.0,GELUA,none,2
-3.256333368346797,4.3027895242323915,39.58363750571864,0.2826953125,-3.269657066864032,3.9238469635068314,29.219549769263196,0.26824707031249995,4.056250891265356,11.359867485516748,-0.019543383760325505,-0.03309263556730571,0.049472091601228764,12.980959207412004,0.21076006589457394,0.3704450021159695,-3.179177110019394,5.267042596240589,2.1830405918881954,4.121644305320868,0.2987466896504491,0.376950204372406,0.8819000124931335,0,2,0.608593761920929,0,0.0,0,0.0,0.0,0,0,0,0,0.6828906536102295,72,328,625,ref,0.0,GELUA,none,2
-2.9495463174878025,4.294215926367087,35.18474345245111,0.30453125,-3.1313846358813016,3.912934533851646,28.91991417329557,0.27023193359375003,3.9624464705749625,11.403214155934585,-0.05460396030074909,-0.03185399648198001,0.04945712546021808,13.005240581661015,0.21441073504509403,0.3723259499339649,-3.048642963294364,5.267949724492278,2.2667991897263065,4.1262144788896515,0.32112550297491266,0.3698577582836151,0.8866000175476074,0,0,0.5749218463897705,0,0.0,0,0.0,0.0,0,0,0,0,0.6561523675918579,72,329,625,ref,0.0,GELUA,none,2
-3.3165411465983357,4.333894781990519,40.78780494038036,0.27982421875,-3.2486274169189118,3.9358871108125077,29.918353234417523,0.2695751953125,4.1062470346901225,11.402889521707007,-0.017929207337100694,-0.03294704536393181,0.05000767682076396,13.023826003169978,0.21162768689915537,0.3780055773061876,-3.163395547154175,5.331718640361926,2.2756363574785023,4.1360777747075215,0.2951094888326359,0.39123329520225525,0.8755999803543091,0,0,0.6147851347923279,0,0.0,0,0.0,0.0,0,0,0,0,0.6864843964576721,72,330,625,ref,0.0,GELUA,none,2
-3.234754583826449,4.325562179066881,40.91992532709312,0.29078125,-3.2187581049548437,3.9461417310907776,30.807468914427076,0.27162841796875,4.168675078678791,11.413202137129804,-0.009842653952476627,-0.032685253377150635,0.05071954821064875,13.037488847942486,0.21238838390447198,0.37944915186221256,-3.1358174518627377,5.408349867178842,2.2684152115631973,4.138522307722905,0.3074156247133028,0.3628389835357666,0.8822000026702881,0,1,0.5953710675239563,0,0.0,0,0.0,0.0,0,0,0,0,0.6729491949081421,69,331,625,ref,0.0,GELUA,none,2
-3.0429276578500066,4.334406916239979,40.88690304420916,0.3130078125,-3.156700619683767,3.9528370356722875,31.657837734925938,0.27859619140625,4.237032587514988,11.420833154208362,-0.032945111140871654,-0.03208901747398441,0.051679732553420586,13.055741814631723,0.21416793268173934,0.3779223199212383,-3.0729608018178194,5.493998074191405,2.2944218851707268,4.144490348662068,0.33053917556716994,0.407627671957016,0.8842999935150146,0,1,0.5680273175239563,0,0.0,0,0.0,0.0,0,0,0,0,0.6472461223602295,66,332,625,ref,0.0,GELUA,none,2
-3.081910545880128,4.355202185573933,41.257880480314014,0.31029296875,-3.114002489182094,3.9477581312948806,31.364742087105224,0.28431884765625,4.182884673326213,11.451734482498177,-0.04982489261954028,-0.0316967078667005,0.05146384470667321,13.08042121273735,0.2163498300453648,0.3788378716038728,-3.0305915667157075,5.473396226399112,2.348103397487476,4.152669353988951,0.3259425723162333,0.4162025451660156,0.8881999850273132,0,2,0.5802538990974426,0,0.0,0,0.0,0.0,0,0,0,0,0.6527148485183716,69,333,625,ref,0.0,GELUA,none,2
-2.9567372515193022,4.395529062159702,38.557595440410985,0.31744140625,-3.1466930359181577,3.9468914172766807,30.36646034594534,0.2791357421875,4.135116992285399,11.486456326903197,-0.04362145941627082,-0.03209397721417637,0.05080813260402821,13.101504385544212,0.21740948748774827,0.3749382271124345,-3.0702273119444254,5.399463416526397,2.343337721249646,4.154840680078328,0.3351156393488466,0.42834585905075073,0.8813999891281128,0,0,0.5614062547683716,0,0.0,0,0.0,0.0,0,0,0,0,0.6416211128234863,65,334,625,ref,0.0,GELUA,none,2
-3.3784053390849773,4.416144978588907,46.33686468437908,0.31291015625,-3.1649556825547047,3.9642542777995553,31.553021678828163,0.283134765625,4.24491291231699,11.507959424571391,-0.03756035783630814,-0.03231676980845172,0.05160434703185459,13.11499997060787,0.22029418501537293,0.3784006799278413,-3.0901650002710874,5.4903082347545284,2.2111664126570787,4.162936944191408,0.3280062347219291,0.48573195934295654,0.8689000010490417,0,0,0.5848242044448853,0,0.0,0,0.0,0.0,0,0,0,0,0.6529101729393005,71,335,625,ref,0.0,GELUA,none,2
-2.999197268953464,4.329431960649513,36.37280227967968,0.31029296875,-3.1516863750860056,3.965802928830923,31.308538633348626,0.28331298828125,4.234219133784923,11.535076593330881,-0.04170285679188101,-0.032119498547749425,0.051637006346583976,13.134288026131507,0.2169054509466514,0.3802200616944487,-3.0733456980522793,5.497636642226639,2.205714586185481,4.166752794365715,0.3276791681482021,0.386036217212677,0.8816999793052673,0,1,0.5743749737739563,0,0.0,0,0.0,0.0,0,0,0,0,0.6503515839576721,66,336,625,ref,0.0,GELUA,none,2
-3.1685089642308104,4.361090369612873,39.48165460533082,0.3033203125,-3.1847590878761194,3.9723534519563777,30.980370828581933,0.2798193359375,4.246456302272785,11.576638021876384,-0.04350237687941833,-0.032414024574586905,0.05155638860281986,13.150881614389318,0.21711699458770453,0.38060643783135006,-3.103304756133773,5.4926615055753745,2.2246399237776675,4.171500453472237,0.3198352595417239,0.39803546667099,0.8804000020027161,0,1,0.5828906297683716,0,0.0,0,0.0,0.0,0,0,0,0,0.659472644329071,71,337,625,ref,0.0,GELUA,none,2
-3.364549263432831,4.288390725967676,37.66828423960268,0.29353515625,-3.2777549749032073,3.984199761850024,30.95606950912527,0.27774658203124997,4.277725923659323,11.598033366171308,-0.0019115475048455545,-0.033294232258794264,0.051259479727746304,13.169071222081817,0.21576899871928618,0.37890041795263496,-3.194819301147271,5.466789836678232,2.1828275162388273,4.173703387186116,0.30995127921001125,0.38152867555618286,0.8870000243186951,1,1,0.5931249856948853,1,0.0,0,0.0,0.0,0,0,0,0,0.668652355670929,69,338,625,ref,0.0,GELUA,none,2
-3.145704623094353,4.394466224187366,41.20065192936117,0.2980078125,-3.1841081431994946,4.004547307253509,32.60772596498251,0.28224853515625004,4.396792787423238,11.636270763035963,0.0033355855721342188,-0.03247536846532598,0.05277670042669556,13.186273330361349,0.21546762187732382,0.37741543899394997,-3.1112380627819225,5.612182842906484,2.209509990645718,4.177325335495406,0.31443629417892666,0.41073885560035706,0.8773000240325928,1,2,0.5858984589576721,1,0.0,0,0.0,0.0,0,0,0,0,0.6644726395606995,67,339,625,ref,0.0,GELUA,none,2
-3.363453925693646,4.4474608194836565,42.45960061237149,0.298984375,-3.1740629414463,4.00137136294825,32.49033498649774,0.288798828125,4.360763328950136,11.656142472253304,-0.00593301698111099,-0.03240156522729595,0.052523339241169024,13.205247777719299,0.21392117748735473,0.382803297480729,-3.105224264960541,5.593443077489563,2.209658100788489,4.179372061009119,0.31447545011200284,0.39247459173202515,0.8831999897956848,0,1,0.5925586223602295,0,0.0,0,0.0,0.0,0,0,0,0,0.664355456829071,69,340,625,ref,0.0,GELUA,none,2
-2.8757146620749223,4.4299014523491405,43.80260669747259,0.31345703125,-3.2137579726266265,4.013297823142647,32.80775815034885,0.28475097656250004,4.408744597799602,11.70693874371598,-0.009123924274076494,-0.03283305490514401,0.05265414067841506,13.227976608438862,0.21112507730722427,0.38816170049933585,-3.152221223575934,5.611647924120678,2.155938777356198,4.1795905265389965,0.3291575087639393,0.40537628531455994,0.8877000212669373,0,1,0.5783007740974426,0,0.0,0,0.0,0.0,0,0,0,0,0.6515429615974426,71,341,625,ref,0.0,GELUA,none,2
-3.1876890956865225,4.389284464713901,41.560665222872856,0.301640625,-3.254465725783232,4.009696938451134,31.942134719347386,0.27827148437499993,4.356727557845648,11.750170361197984,-0.029228380819238602,-0.03319702396858409,0.05199034015967658,13.246330894995772,0.21028619863092898,0.3891382019987832,-3.1903442966926723,5.541589995268272,2.1480520122402877,4.182695866495975,0.3180031657581421,0.36445051431655884,0.8849999904632568,0,0,0.5891015529632568,0,0.0,0,0.0,0.0,0,0,0,0,0.6621289253234863,65,342,625,ref,0.0,GELUA,none,2
-3.2971378410856573,4.397397692491816,40.81469199472933,0.313046875,-3.303559014412295,4.0072569481923015,30.67626356714577,0.2732763671875,4.311029308315088,11.812042437634643,-0.06496349711425639,-0.03384521190114448,0.05118230155923905,13.267820040082272,0.2120603619609028,0.3884523707405766,-3.2549690868427343,5.456900095225764,2.2443734675578026,4.185760862781894,0.3293136095792004,0.35733434557914734,0.8901000022888184,0,3,0.5757617354393005,0,0.0,0,0.0,0.0,0,0,0,0,0.6498047113418579,70,343,625,ref,0.0,GELUA,none,2
-3.5195696144063913,4.381839342346772,42.46851901828899,0.2896875,-3.3398764290263943,4.01286560406579,30.38778768386067,0.27110595703125,4.329545508871518,11.865579981747363,-0.09203513432458293,-0.034282062607419436,0.051049368757786,13.288395194902787,0.21280208613723517,0.38925580804026344,-3.2989773931229904,5.444090256284027,2.2643339143430383,4.189354638387536,0.30582131436960924,0.3974510729312897,0.8840000033378601,1,3,0.596972644329071,1,0.0,0,0.0,0.0,0,0,0,0,0.6741015911102295,75,344,625,ref,0.0,GELUA,none,2
-3.3147885291719903,4.413161544195477,44.57433251395285,0.3117578125,-3.358459017095173,4.026793574201082,31.746883583693894,0.27239990234375,4.441386113226757,11.856673179369336,-0.08299280336896789,-0.03435478969533572,0.051949250145756506,13.306235381507229,0.21186974011361598,0.3921914164079483,-3.307359742895087,5.536185852857758,2.2401698717592433,4.193759661553147,0.32797212156569827,0.45833203196525574,0.8809999823570251,1,1,0.5766797065734863,1,0.0,0,0.0,0.0,0,0,0,0,0.6516406536102295,64,345,625,ref,0.0,GELUA,none,2
-3.3296451683327293,4.426612956019641,36.94171105267208,0.29123046875,-3.4682437332342575,4.034675001151211,31.24170633402527,0.27188720703125,4.501049297399857,11.87674851740143,-0.09919544988676599,-0.03557757716263122,0.05162673959690663,13.322107427086916,0.20813946917653084,0.39535205960838554,-3.436349686341361,5.507094377492782,2.2751396495266816,4.20624212157338,0.30797406125371757,0.39815375208854675,0.8813999891281128,0,1,0.5931835770606995,0,0.0,0,0.0,0.0,0,0,0,0,0.6697461009025574,72,346,625,ref,0.0,GELUA,none,2
-3.2538151189535465,4.4692905669873495,40.05077596999402,0.30490234375,-3.338537842588551,4.023768186687259,31.097163557482926,0.2757568359375,4.394764011305077,11.918655689996413,-0.12270928110502094,-0.034500803415536366,0.05145825837612463,13.340552859766598,0.2120095914043486,0.39242081271610424,-3.3221772176020044,5.486177696728795,2.490187273943662,4.212815960485258,0.3206743141218368,0.3978704810142517,0.883400022983551,0,2,0.5861718654632568,0,0.0,0,0.0,0.0,0,0,0,0,0.6597656011581421,69,347,625,ref,0.0,GELUA,none,2
-3.30888168324981,4.428223049069642,39.73653786211775,0.30375,-3.3902599258538895,4.012413045185161,30.24462771128257,0.270517578125,4.344564737090637,11.91105757518253,-0.156163867101108,-0.03487090565617117,0.050778294168306586,13.35720895431309,0.20994120059069246,0.39433778117213963,-3.3621580721076287,5.4177085282981094,2.502947066124001,4.214449114757644,0.3207499724521914,0.43175992369651794,0.8840000033378601,0,1,0.5795508027076721,0,0.0,0,0.0,0.0,0,0,0,0,0.6565234661102295,62,348,625,ref,0.0,GELUA,none,2
-3.4096515147481488,4.441140031490447,44.6034128823776,0.295234375,-3.4888765132874022,4.045875033237334,31.789302569027367,0.26837890625000005,4.583600232047945,11.939504250794261,-0.15399969826900425,-0.035779852202196906,0.052182218963448705,13.372241024781424,0.20982942883856595,0.39576827660122704,-3.455380339124611,5.564358978917079,2.462877573313196,4.216954606574636,0.310078098924085,0.3947012722492218,0.8823999762535095,0,1,0.6019726395606995,0,0.0,0,0.0,0.0,0,0,0,0,0.6700976490974426,70,349,625,ref,0.0,GELUA,none,2
-3.6198955933217856,4.447319126576585,40.62295620290544,0.28623046875,-3.49834583761001,4.058679638744052,32.15919974535353,0.26944091796875,4.6336890386727285,11.993062241181505,-0.1538708698986896,-0.03598765958098846,0.05245775681243186,13.391543834143429,0.20918552410323174,0.3948866102794669,-3.477311577029947,5.595779119809959,2.4703175569583404,4.221755973238365,0.3029803103707666,0.37404438853263855,0.8859999775886536,0,1,0.5941210985183716,0,0.0,0,0.0,0.0,0,0,0,0,0.6747656464576721,68,350,625,ref,0.0,GELUA,none,2
-3.5002574781820703,4.42468587274175,39.08541591828521,0.27892578125,-3.5555989588394685,4.064515748348903,32.0833819444104,0.26571289062500003,4.679811454280654,12.005928134313042,-0.16545132001744883,-0.036531391382685546,0.052465867938135534,13.405546196502364,0.21069151431322097,0.396355416362874,-3.531504282819883,5.601184592714689,2.4161610794664234,4.224764075633329,0.29443565298320357,0.39088544249534607,0.8790000081062317,0,1,0.6138085722923279,0,0.0,0,0.0,0.0,0,0,0,0,0.6855664253234863,68,351,625,ref,0.0,GELUA,none,2
-3.6755956621366295,4.491638652807213,45.80693973479456,0.28494140625,-3.634640045712642,4.09281501459461,33.74627057498609,0.2650439453125,4.887102068452304,12.004067999839867,-0.14003532460109494,-0.03721474368617246,0.05369650119413435,13.420119569725134,0.2094802280794829,0.4020314803926359,-3.602716683746504,5.742937035316335,2.4384899557565616,4.224684277262549,0.29994068373501387,0.4343540668487549,0.8772000074386597,1,3,0.6113671660423279,1,0.0,0,0.0,0.0,0,0,0,0,0.6809765696525574,72,352,625,ref,0.0,GELUA,none,2
-3.3864703943102517,4.4643398354513995,38.276501642168036,0.29494140625,-3.604859023457459,4.094015968285493,33.85679833065809,0.268349609375,4.860252796917557,12.058283696425882,-0.1575697447668323,-0.036861399437673394,0.05372186942534222,13.436076549398821,0.20944524477235973,0.40391282211044505,-3.566555855407069,5.741166584782201,2.3199774725274036,4.231621630465517,0.31235172964603497,0.4138794541358948,0.8841999769210815,0,0,0.5853906273841858,0,0.0,0,0.0,0.0,0,0,0,0,0.6649609208106995,70,353,625,ref,0.0,GELUA,none,2
-3.8532302012214643,4.557427895676526,47.613103923566065,0.2805859375,-3.608001492999593,4.1003737537492695,33.94133315783276,0.26764648437500005,4.836860226961252,12.109279763406416,-0.13307506993179233,-0.03680425160243673,0.0535706888475211,13.457125933608253,0.21047916936746333,0.40395691822418345,-3.5596678316182717,5.727038716840048,2.240804713683752,4.232909125897287,0.2955188463592989,0.42524030804634094,0.8730999827384949,0,3,0.6193554401397705,0,0.0,0,0.0,0.0,0,0,0,0,0.6861132979393005,69,354,625,ref,0.0,GELUA,none,2
-3.587295592344997,4.467823490558515,42.02359200641548,0.297109375,-3.6276226446515305,4.1151574336904995,34.34540872941827,0.27275390625,4.87013617374373,12.147937581856782,-0.08355305154233834,-0.03696781960521458,0.05372908139629453,13.474269680607813,0.20828812333755195,0.40712647604770524,-3.5786144259416663,5.747589743643651,2.2201841704489294,4.242942747579391,0.3122180655005783,0.35782212018966675,0.8885999917984009,1,1,0.5988085865974426,1,0.0,0,0.0,0.0,0,0,0,0,0.6693359613418579,70,355,625,ref,0.0,GELUA,none,2
-3.316660283984694,4.517216352626313,39.26605374539306,0.29984375,-3.5388543639876247,4.113173031262611,34.662571427848924,0.27755859375,4.853437885892633,12.168499825566464,-0.10374532635304597,-0.03630199918771152,0.05404641463530439,13.49225863322893,0.21363683382514864,0.40740364606549373,-3.5050605287990027,5.7777081373297055,2.2380508943432416,4.242430689248894,0.3165283369032173,0.3707312047481537,0.8895000219345093,0,1,0.5878124833106995,0,0.0,0,0.0,0.0,0,0,0,0,0.6621679663658142,72,356,625,ref,0.0,GELUA,none,2
-3.2626770917365833,4.389491465651892,39.754259261568215,0.2926953125,-3.521309671138643,4.090963984470146,32.852357737288365,0.2719970703125,4.69420525018005,12.191513499714292,-0.14973242766249326,-0.0362017487531691,0.05281301317469481,13.508123400349106,0.21513409770326689,0.4096591999103023,-3.4932938297691964,5.654317632964769,2.2813331560401338,4.24099667357115,0.310032987509806,0.4185570776462555,0.8820000290870667,1,1,0.587695300579071,1,0.0,0,0.0,0.0,0,0,0,0,0.6687304973602295,70,357,625,ref,0.0,GELUA,none,2
-3.1344504752858757,4.464725412412626,44.95180856811491,0.30501953125,-3.457441077676823,4.0918402150405,32.82983292452904,0.27627685546875,4.646537827790166,12.219601459696067,-0.1229829420635431,-0.03555605397070158,0.052857512927911306,13.52369029204901,0.21721474273130298,0.4086612664457407,-3.425069624101257,5.648701821508697,2.3727788053098147,4.244100018152561,0.32281700191825313,0.4398050308227539,0.8817999958992004,0,2,0.5742577910423279,0,0.0,0,0.0,0.0,0,0,0,0,0.6549218893051147,69,358,625,ref,0.0,GELUA,none,2
-4.043053444063295,4.440669550815707,35.78115208893767,0.2553515625,-3.6055623840849114,4.100123949787931,31.915593874765822,0.266875,4.735542055431745,12.249683851117586,-0.17420950292475276,-0.037071497564746946,0.05255080773046716,13.534051592661795,0.21484604999539442,0.40918611250461195,-3.5826770425955474,5.616309408993423,2.3917946372558667,4.2616671851307535,0.27074890104687327,0.39094793796539307,0.8788999915122986,0,3,0.6386328339576721,0,0.0,0,0.0,0.0,0,0,0,0,0.7120116949081421,78,359,625,ref,0.0,GELUA,none,2
-3.889710031540229,4.506071994003178,35.60251726483051,0.268515625,-3.6694805801676598,4.108652987533151,32.19630448634248,0.26573242187499996,4.819276403955644,12.245782129796629,-0.18402916178718953,-0.037571660616424925,0.05289030878760978,13.548114270039518,0.21519520151196048,0.40803017178154627,-3.633563499661844,5.6541142318898405,2.4176620654429817,4.27504126017365,0.28443033311348187,0.3985244333744049,0.8798999786376953,0,1,0.6198437213897705,0,0.0,0,0.0,0.0,0,0,0,0,0.6954882740974426,72,360,625,ref,0.0,GELUA,none,2
-3.9100230140528147,4.479887240004307,43.46958702984076,0.2844140625,-3.7804514768975856,4.134277526531523,33.43024523047606,0.26149169921875004,4.993754712878419,12.268986985913202,-0.17049103240800953,-0.03856545008986886,0.05361067742725106,13.560233681729022,0.21416462919674814,0.4099351522463618,-3.736395691077708,5.731732851333387,2.4174036568117945,4.278769025738256,0.2995957032782217,0.40479975938796997,0.8791000247001648,1,1,0.6153711080551147,1,0.0,0,0.0,0.0,0,0,0,0,0.6820703148841858,68,361,625,ref,0.0,GELUA,none,2
-4.0137003451242315,4.504777587752145,45.79089663631563,0.27078125,-3.8123698172947256,4.155744824662556,34.49441977904491,0.25973876953125,5.145460672369238,12.299247310225919,-0.17449293488554068,-0.03897539286954197,0.05454184589990842,13.574588481729856,0.21496836718404666,0.41223518162504863,-3.777585594424446,5.826704659285641,2.406713305842361,4.278966645339158,0.28559654413649616,0.4469343423843384,0.878600001335144,0,4,0.6292383074760437,0,0.0,0,0.0,0.0,0,0,0,0,0.6951757669448853,71,362,625,ref,0.0,GELUA,none,2
-3.8081112816715033,4.64992626462461,43.447991228762966,0.28341796875,-3.684820418232117,4.157699962850251,35.39890452748252,0.26938720703125,5.178235117738492,12.319111186248586,-0.210877322902094,-0.0380650590493222,0.05543978463985352,13.594120496843534,0.21870781803736464,0.41658930786030707,-3.6805935389733957,5.925183148837242,2.5842263567505164,4.280265031071592,0.2982966643081808,0.442302942276001,0.8773999810218811,0,1,0.6120703220367432,0,0.0,0,0.0,0.0,0,0,0,0,0.6815820336341858,71,363,625,ref,0.0,GELUA,none,2
-3.5836121465659323,4.536727929737496,43.02810248376444,0.28345703125,-3.657961739421472,4.157485450093918,35.053725114492366,0.26929443359375,5.161539529470055,12.364643023335029,-0.24149728506245846,-0.037855469142977514,0.055451785011354865,13.610281558920667,0.2198097747936845,0.4170497568601617,-3.6580216508249657,5.918759195610592,2.5391596657380378,4.280330974366698,0.2991339714828462,0.39295756816864014,0.8815000057220459,0,2,0.6089843511581421,0,0.0,0,0.0,0.0,0,0,0,0,0.6807616949081421,74,364,625,ref,0.0,GELUA,none,2
-4.130091077960759,4.555991023958435,38.50290614017117,0.26142578125,-3.7181868164285525,4.178485037427709,35.95470147840311,0.26713134765625,5.325146542776638,12.378693494926317,-0.24410282969571873,-0.03875651589803265,0.05611380436129034,13.624743180957926,0.21873897609766574,0.41831600757119664,-3.7513937074847274,5.992865352824675,2.568485975138505,4.282190171954548,0.2754098590459719,0.37283989787101746,0.8914999961853027,0,1,0.6393749713897705,0,0.0,0,0.0,0.0,0,0,0,0,0.7083593606948853,72,365,625,ref,0.0,GELUA,none,2
-3.7969566380762836,4.593260828851075,45.66091457399915,0.27703125,-3.608434755452676,4.159925121546524,34.73793197951028,0.27337890625,5.143275883898866,12.420998661259114,-0.2592975282841192,-0.03788340823530068,0.055288637656485284,13.641556630869745,0.2241030169185251,0.41585670263940927,-3.6565904281828274,5.899701480321851,2.570852550265548,4.283669782492446,0.2922255263800712,0.4126332104206085,0.8798999786376953,0,1,0.6163867115974426,0,0.0,0,0.0,0.0,0,0,0,0,0.6882226467132568,71,366,625,ref,0.0,GELUA,none,2
-3.777015002850101,4.509752822517732,44.462169982444244,0.26599609375,-3.5636025278160925,4.17203809485946,34.82645120935159,0.27250976562499996,5.156193837515974,12.484789790106916,-0.23508176266433775,-0.037638088180499976,0.05555756071655942,13.655522823596527,0.22662062246876302,0.41595633810372934,-3.6289427730155137,5.928230083559328,2.6437459596819473,4.283559768465498,0.2815854867099328,0.4497547149658203,0.8765000104904175,0,3,0.627734363079071,0,0.0,0,0.0,0.0,0,0,0,0,0.6986914277076721,72,367,625,ref,0.0,GELUA,none,2
-4.094012306900518,4.668972792603831,46.03476900011241,0.25267578125,-3.7638062832699255,4.171849061662851,33.17351759584912,0.25500244140625006,5.132305365227123,12.484930714018933,-0.21291148594884338,-0.039360402581276446,0.05415868769941856,13.673197476986443,0.22361213447526096,0.4189523549504542,-3.808381379544889,5.793080324603404,2.6376939284724816,4.284692519659816,0.26726996103876266,0.4282996952533722,0.8804000020027161,0,2,0.6438086032867432,0,0.0,0,0.0,0.0,0,0,0,0,0.71435546875,77,368,625,ref,0.0,GELUA,none,2
-3.810288159934795,4.510885081529816,42.14163063223654,0.2734375,-3.7975413812598613,4.178277200655728,33.00913874627536,0.2546435546875,5.150088847212226,12.517600920641982,-0.20968940233473937,-0.03952344483586451,0.054183333450114085,13.684416329656406,0.22106875009363647,0.4198341788538658,-3.8276264557258486,5.789257584020245,2.632127942230582,4.290350924296531,0.289472418305053,0.3597679138183594,0.8851000070571899,0,3,0.6156250238418579,0,0.0,0,0.0,0.0,0,0,0,0,0.6896679401397705,75,369,625,ref,0.0,GELUA,none,2
-3.930447320744575,4.547171598442586,44.50938308392691,0.27205078125,-3.814943716933894,4.184653366617412,32.92508346084143,0.25330810546875,5.164594829942939,12.56335498897718,-0.2166260201776862,-0.03962393397928467,0.05422683164881934,13.695621355674524,0.22128951437800423,0.42509306172505334,-3.837699579408274,5.808018469370643,2.6307274402818166,4.292685467849073,0.2874930760256083,0.41548392176628113,0.8845000267028809,0,2,0.6227734088897705,0,0.0,0,0.0,0.0,0,0,0,0,0.6932812333106995,72,370,625,ref,0.0,GELUA,none,2
-3.930590029246488,4.653742874160868,44.137445296805055,0.27017578125,-3.921745479334054,4.192423842251906,32.41525094016917,0.24743896484375005,5.188045154912856,12.605914133003402,-0.21754161483401568,-0.040615125538752954,0.053679584733040006,13.71666456842035,0.2216862946143374,0.42447843061858637,-3.9388382936495496,5.752443599824463,2.6550680775564572,4.294062809946369,0.2853975431372044,0.3460243046283722,0.8828999996185303,0,1,0.6277734637260437,0,0.0,0,0.0,0.0,0,0,0,0,0.6969335675239563,73,371,625,ref,0.0,GELUA,none,2
-4.003332552148634,4.6236427276083685,41.941300045800936,0.267734375,-3.878665683158557,4.188511575916428,31.993081966271866,0.2481689453125,5.140950135989831,12.62156751152134,-0.21888842592525173,-0.040233813226845265,0.053583533914393154,13.733574057444155,0.22615570087451486,0.42330579048402034,-3.895308088525512,5.735370536004178,2.6018905598847857,4.296536525474775,0.28312240156589086,0.3754950165748596,0.8885999917984009,0,2,0.6224609613418579,0,0.0,0,0.0,0.0,0,0,0,0,0.695605456829071,74,372,625,ref,0.0,GELUA,none,2
-3.8472755349750942,4.557930255382832,41.04363436568794,0.26328125,-3.8262783599989616,4.175252036195199,31.269778759478402,0.24889892578124997,4.978758924758061,12.64470483255187,-0.19073419155777308,-0.039610003181400184,0.05271953567671926,13.754724949588915,0.22951940186088904,0.42266701785012206,-3.828042651472758,5.648766644268692,2.615350477702669,4.296920851508567,0.27820051139961594,0.4027131497859955,0.8827000260353088,0,2,0.6314257979393005,0,0.0,0,0.0,0.0,0,0,0,0,0.7027734518051147,69,373,625,ref,0.0,GELUA,none,2
-3.8819126635669634,4.566122150396619,44.99580457723615,0.2759765625,-3.9018934113105836,4.199062204270304,32.61977991752728,0.2508203125,5.169075696913326,12.652565196259479,-0.1895174978414188,-0.040316986402963495,0.053749971903564495,13.766076507197232,0.2304232837073505,0.4269877378392721,-3.8995605838589675,5.754868333864795,2.6324113229325263,4.2982704635224165,0.2912552954544319,0.37533390522003174,0.8830000162124634,0,1,0.6215624809265137,0,0.0,0,0.0,0.0,0,0,0,0,0.6899609565734863,70,374,625,ref,0.0,GELUA,none,2
-4.151722070076569,4.6076522687976365,39.04803074322904,0.2615625,-3.850840065499441,4.195756992092147,32.17930329530662,0.2515283203125,5.05683006308318,12.696160334853346,-0.14861366124638173,-0.03991169180751346,0.0531370274849604,13.788010617169077,0.234711994662066,0.42969710195203226,-3.85375438139111,5.698207697191309,2.592345066587482,4.305998222418286,0.27618873648405495,0.409797728061676,0.8792999982833862,0,1,0.6390429735183716,0,0.0,0,0.0,0.0,0,0,0,0,0.7052538990974426,74,375,625,ref,0.0,GELUA,none,2
-3.5445188128268494,4.590774044625703,39.247372313330345,0.28236328125,-3.7829447471231794,4.184182961600968,31.53878697895365,0.2520361328125,4.929725550894853,12.704380939635364,-0.1267194343783784,-0.03913274963460685,0.05266977683317302,13.80385228080871,0.2356904184445739,0.4285788335007937,-3.772982825857195,5.644174834586852,2.5567814573791257,4.309328354775162,0.29953454241892147,0.4162536859512329,0.8859999775886536,0,1,0.6016992330551147,0,0.0,0,0.0,0.0,0,0,0,0,0.6800195574760437,73,376,625,ref,0.0,GELUA,none,2
-3.995397181960264,4.566220763045881,37.70002365914113,0.26951171875,-3.824276816537396,4.198564228734846,31.83150433524686,0.25231201171874995,4.990253678517525,12.745979474503306,-0.10829157020899753,-0.039443397289309345,0.05293920460823531,13.822090346485156,0.23827334436646197,0.4305468989746672,-3.802221965939832,5.670965836018641,2.514196939731246,4.309950673789285,0.28505680550624707,0.38418111205101013,0.8798999786376953,0,2,0.6212109327316284,0,0.0,0,0.0,0.0,0,0,0,0,0.6951367259025574,72,377,625,ref,0.0,GELUA,none,2
-3.8155303905952973,4.689404775618415,41.5511143905803,0.27248046875,-3.790865277068874,4.197507696246264,31.805038869562654,0.2542138671875,4.972935149035413,12.768118560146227,-0.1219828491350269,-0.039182032624571525,0.05299041232867967,13.839282162549262,0.24249562128796243,0.4309301828084518,-3.771226064667287,5.673317919079974,2.5361131965032895,4.311385842607292,0.28805734104566705,0.4060284197330475,0.8799999952316284,0,2,0.6202539205551147,0,0.0,0,0.0,0.0,0,0,0,0,0.6911327838897705,74,378,625,ref,0.0,GELUA,none,2
-4.174221147685862,4.660523519469067,43.518630370574336,0.25001953125,-3.9051382267263635,4.223816768204094,32.52309813838354,0.2501708984375,5.156140192049653,12.827187588553457,-0.14269968924102905,-0.04036142589181838,0.05361134844659365,13.85664403571675,0.24310354331566486,0.4313838999874552,-3.8914326082487465,5.734093096236002,2.5606050437072527,4.314006708479107,0.2631373399828329,0.41865548491477966,0.8752999901771545,0,1,0.6558398604393005,0,0.0,0,0.0,0.0,0,0,0,0,0.7207617163658142,75,379,625,ref,0.0,GELUA,none,2
-3.942862115126673,4.585855255243501,38.42162238732352,0.2637109375,-3.9217189944309854,4.212500655600453,31.27514114454948,0.2509228515625,5.004134363927811,12.847207150002527,-0.10617974049608715,-0.04053591917578933,0.052223588671609186,13.875854835140979,0.24589109250344335,0.4286978632192958,-3.9065197692537343,5.58707860110674,2.444495830252185,4.318463538702633,0.27796948572113295,0.39759179949760437,0.8769999742507935,0,1,0.6369922161102295,0,0.0,0,0.0,0.0,0,0,0,0,0.7049609422683716,76,380,625,ref,0.0,GELUA,none,2
-4.035268140561632,4.646145092871014,42.68565299902456,0.256328125,-3.9503455331649717,4.225695257002211,31.949158098026547,0.25276611328125,5.088396094001148,12.856059905326497,-0.08795559427666984,-0.04078895085648119,0.05272871290914977,13.890375553882079,0.24598649288062005,0.4274345353154063,-3.9323443805757403,5.634653481290908,2.517990745750935,4.320382623407706,0.27147081744000556,0.39471006393432617,0.8817999958992004,0,1,0.6385546922683716,0,0.0,0,0.0,0.0,0,0,0,0,0.710644543170929,75,381,625,ref,0.0,GELUA,none,2
-3.843449200014173,4.498334152955721,40.8284260149762,0.28599609375,-3.9572273934491506,4.248035820575486,33.521415855778,0.2543017578125,5.2639128845018215,12.854239910056426,-0.07234446166581014,-0.040948385423580785,0.054042359471557416,13.902190172315608,0.24645607273792847,0.42716637588552564,-3.948206928905605,5.767076515086056,2.398107162620043,4.32403224984908,0.30152363181602554,0.3866524398326874,0.8962000012397766,0,1,0.6082812547683716,0,0.0,0,0.0,0.0,0,0,0,0,0.6792382597923279,71,382,625,ref,0.0,GELUA,none,2
-4.497179724464092,4.595252449208548,46.21299681673447,0.252890625,-4.044670703584739,4.262383920273956,33.89073347358033,0.25224365234375,5.367409420795671,12.880472383649408,-0.07996512063509373,-0.041779434380049975,0.054242202974490755,13.919833339845175,0.24885658835060895,0.422690780484534,-4.0309372499351035,5.778889172608692,2.3199139058597114,4.32852824030271,0.2670356425405353,0.4724995195865631,0.8644000291824341,0,1,0.6519922018051147,0,0.0,0,0.0,0.0,0,0,0,0,0.7156445384025574,71,383,625,ref,0.0,GELUA,none,2
-4.313820695330225,4.626767724055231,51.681156793561186,0.27267578125,-4.132085309419459,4.288304084332846,34.85980401074847,0.25326904296875,5.558814023588806,12.90099671713549,-0.07025882101853698,-0.04252190082239638,0.05519776108383815,13.931831128167453,0.24714730199426413,0.4216154034856065,-4.108703174018582,5.866016876974116,2.3087880696036525,4.329021691879914,0.2864501857008148,0.433627188205719,0.8712000250816345,0,1,0.6363476514816284,0,0.0,0,0.0,0.0,0,0,0,0,0.6968359351158142,71,384,625,ref,0.0,GELUA,none,2
-4.367530861117381,4.678518428439846,51.51734618548832,0.2658203125,-4.338977775965434,4.320090338011587,35.741211228900916,0.247490234375,5.806812786948455,12.905724294608298,-0.049356552975687175,-0.04442407558354106,0.055659691175289426,13.94141230782194,0.24414345134049653,0.42608907369432286,-4.306561644963162,5.918910175109889,2.245889914557914,4.333100451857365,0.27862372791387835,0.4024242162704468,0.8862000107765198,0,1,0.6484765410423279,0,0.0,0,0.0,0.0,0,0,0,0,0.7057421803474426,76,385,625,ref,0.0,GELUA,none,2
-4.649756611456641,4.7945940282080395,46.18155391834727,0.27123046875,-4.346970735169311,4.311524947207848,34.77503589389514,0.23983154296875,5.719681546886152,12.949508898309162,-0.0799430747996813,-0.044440936291639165,0.05495821166222758,13.960528928203008,0.2472572551300982,0.42833099184511436,-4.305175015217397,5.852824065312833,2.2417949237460446,4.345095827034454,0.2852824356139056,0.40067481994628906,0.8812999725341797,0,5,0.6299023628234863,0,0.0,0,0.0,0.0,0,0,0,0,0.6949999928474426,72,386,625,ref,0.0,GELUA,none,2
-3.9998633098078233,4.682337986080647,47.05238192757643,0.285859375,-4.151079020474219,4.305464759076048,35.596138351255284,0.25527587890625003,5.644829724959303,12.978672866264633,-0.08647579957816856,-0.0428524438863823,0.05562100788417236,13.974291828326484,0.2526082679163665,0.4314199482888178,-4.137102316293887,5.923652640651223,2.2461910450878113,4.347216787214582,0.3009017644021869,0.38747137784957886,0.885200023651123,0,3,0.6122851371765137,0,0.0,0,0.0,0.0,0,0,0,0,0.6805664300918579,75,387,625,ref,0.0,GELUA,none,2
-4.002705434818339,4.570603913627052,45.95421295427954,0.2740234375,-4.076203033532882,4.310639246538664,35.97144469471585,0.25936279296875,5.646585065426315,13.032551337778735,-0.09752568940562359,-0.042303740817403276,0.05605314478904365,13.994830146718009,0.2569545484520495,0.4324681009374336,-4.0765480940157905,5.977285130785149,2.268368392693537,4.3496424609671775,0.2884959681644704,0.4129658639431,0.8840000033378601,0,3,0.622851550579071,0,0.0,0,0.0,0.0,0,0,0,0,0.6938672065734863,70,388,625,ref,0.0,GELUA,none,2
-4.236640728658556,4.581517282080437,47.63559244043867,0.27783203125,-4.175872616217338,4.337899324052763,37.20291851192665,0.25802978515624997,5.852301070832623,13.052178510990267,-0.08710903620547268,-0.04324279704771273,0.05693231373832119,14.003205124104516,0.25721083356067537,0.4369344740497155,-4.172486674345584,6.073749335938316,2.292112654930646,4.349069750959381,0.29205662644158087,0.37992221117019653,0.8708000183105469,0,4,0.6268163919448853,0,0.0,0,0.0,0.0,0,0,0,0,0.690234363079071,69,389,625,ref,0.0,GELUA,none,2
-4.0970705907616525,4.758695861824799,52.50019301016046,0.28658203125,-4.181138031374207,4.335565524621983,36.82384450015728,0.25789794921875,5.805896136332694,13.068645441823673,-0.07741315986567737,-0.043249778810756284,0.05656991930593677,14.019011830094833,0.25817680657841263,0.441974338918456,-4.172235897856893,6.044544404005846,2.2649186817726434,4.350058359211049,0.3010326426626168,0.41324445605278015,0.8859000205993652,0,3,0.6178515553474426,0,0.0,0,0.0,0.0,0,0,0,0,0.682421863079071,74,390,625,ref,0.0,GELUA,none,2
-4.290568491311961,4.70387259101315,45.772526339300114,0.2646875,-4.102702765582043,4.33717236843497,37.331742130931026,0.25621826171875,5.7900686719654075,13.10511977083349,-0.08412428928308792,-0.04251929396024263,0.05699987312384902,14.03521962365851,0.2601929658302106,0.4436794641496646,-4.095390468927806,6.089607584163011,2.2475800382799562,4.352369793267567,0.2792061878265592,0.4209842085838318,0.8734999895095825,0,3,0.6373046636581421,0,0.0,0,0.0,0.0,0,0,0,0,0.7032031416893005,71,391,625,ref,0.0,GELUA,none,2
-4.52093300158389,4.686662777293316,42.91976038404498,0.26193359375,-4.168332160307726,4.329635528954291,35.5616037098035,0.2589697265625,5.705763776778176,13.13158198208791,-0.09160194528278684,-0.04309083137818463,0.05591445901684414,14.048354470357385,0.26113305994542313,0.43848423153871646,-4.15299741729783,5.965279752086444,2.2428315686415408,4.360040953408735,0.27680046558505356,0.38819435238838196,0.8751000165939331,0,3,0.636523425579071,0,0.0,0,0.0,0.0,0,0,0,0,0.7038867473602295,73,392,625,ref,0.0,GELUA,none,2
-4.494878096222062,4.65171531204252,43.719383490980746,0.25533203125,-4.063452032820829,4.309851879659271,34.12490273305689,0.26208251953125,5.507962358034129,13.173999573304028,-0.10713870673561018,-0.042222763550843666,0.05502481954007968,14.067100282843832,0.26595955309458075,0.43839580974307674,-4.0592479553771765,5.869071299446545,2.3234295957435966,4.367796429559884,0.2701458927511172,0.41442498564720154,0.883400022983551,0,2,0.6427929401397705,0,0.0,0,0.0,0.0,0,0,0,0,0.7101953029632568,71,393,625,ref,0.0,GELUA,none,2
-4.218387968867553,4.729213137429344,38.39855653666389,0.24939453125,-4.068259776228221,4.295729624507894,32.74808325677885,0.25528076171875,5.353361001207136,13.218471362391014,-0.11853935672342175,-0.04232857715364266,0.053700649901040565,14.086980261771151,0.26974391147261484,0.439791473024823,-4.066302910933996,5.7377362351884855,2.387665376635005,4.369849386585387,0.2640497605542127,0.47510844469070435,0.8766000270843506,0,1,0.644238293170929,0,0.0,0,0.0,0.0,0,0,0,0,0.7156835794448853,76,394,625,ref,0.0,GELUA,none,2
-3.7813779580277607,4.571904009241603,41.34136134882488,0.2797265625,-3.9927071614755416,4.284058207810996,32.49911955346133,0.25589111328125,5.226780940222008,13.25464106072321,-0.12826727303245924,-0.041563382814395027,0.053267270867680974,14.103266881020447,0.27609830365283416,0.43963679449809967,-3.981563685000093,5.696462352545995,2.260688196060978,4.3717664469569355,0.2954118368054727,0.41372302174568176,0.8745999932289124,0,0,0.6125195026397705,0,0.0,0,0.0,0.0,0,0,0,0,0.6859765648841858,70,395,625,ref,0.0,GELUA,none,2
-3.9736431445745506,4.7610845877863825,42.686608571160335,0.277265625,-4.0403144994931495,4.286315332862678,31.89701310927267,0.25179931640625003,5.240806044296587,13.274654262902322,-0.14296117446522333,-0.04219990653166196,0.05288037385739242,14.117359748433184,0.2768341051321477,0.43772227860531504,-4.046031980309188,5.649577157582511,2.3062259064407558,4.374971989337599,0.2927827511511408,0.38495731353759766,0.8871999979019165,0,0,0.6161718964576721,0,0.0,0,0.0,0.0,0,0,0,0,0.6884961128234863,72,396,625,ref,0.0,GELUA,none,2
-3.7896158755003744,4.599318162529907,38.02127841776647,0.27880859375,-3.9893955999681934,4.27558878751804,31.169756468032297,0.25424072265625003,5.089150343458937,13.31247398739141,-0.12096485090036684,-0.04156733083278791,0.05212361675657127,14.132882029472874,0.27793328488245606,0.4406630129530393,-3.980133130135787,5.584346559368087,2.095996675648503,4.379380344975257,0.2951556697622486,0.4005240499973297,0.8826000094413757,0,3,0.6101757884025574,0,0.0,0,0.0,0.0,0,0,0,0,0.6843359470367432,72,397,625,ref,0.0,GELUA,none,2
-3.592441718390615,4.696754274798593,46.956653584528794,0.2908984375,-3.8506730687749013,4.259860340977685,31.17686111166974,0.2588134765625,4.961493481161869,13.313091334900054,-0.1281746914274053,-0.04011814809604209,0.05218962402698817,14.149232300090539,0.2834255729196593,0.4375669702324791,-3.826189733573372,5.579476575097559,2.0414609422852648,4.382254023607166,0.3066110273498887,0.4495600461959839,0.8673999905586243,0,0,0.6019921898841858,0,0.0,0,0.0,0.0,0,0,0,0,0.6720507740974426,69,398,625,ref,0.0,GELUA,none,2
-3.637913847435211,4.631818717108233,35.99025906921214,0.2755078125,-3.7327598664599297,4.247894088305573,30.664132872109143,0.26107666015625,4.781005193270881,13.34122259945728,-0.07762360726672288,-0.03893591104233822,0.05157115788142797,14.168273834084708,0.2875343892490491,0.43482698723840246,-3.700975140372792,5.511351688029032,1.9590513655362063,4.3899263458453985,0.29158473644413624,0.3883291780948639,0.8884999752044678,0,2,0.6115429401397705,0,0.0,0,0.0,0.0,0,0,0,0,0.6866210699081421,76,399,625,ref,0.0,GELUA,none,2
-4.0670118300604114,4.608891901380118,39.94877630302605,0.253359375,-3.66470176553574,4.246124640426445,31.309053684132273,0.26505615234375,4.777056767062399,13.371325547839813,-0.11880785286560279,-0.038232569331555014,0.052061614427236995,14.189012673962441,0.29039370542392134,0.43668775968378876,-3.626067038361396,5.570017521602924,2.0173625167521525,4.392365288849557,0.2681705841440328,0.4149705171585083,0.8783000111579895,0,1,0.642382800579071,0,0.0,0,0.0,0.0,0,0,0,0,0.7123827934265137,76,400,625,ref,0.0,GELUA,none,2
