W1, median over seeds per fork task t (columns), and over all 50 cases (last column)
t                      10         20         30         40         48        all
N_sw            14372.212  30280.057  44766.701  59040.570  70207.881  44766.701
push             1650.784   2169.116   2368.765   2834.516   2898.587   2269.327
push_1st         1081.102   1415.926   1561.160   1913.975   2079.730   1440.199
push_2nd          569.400    776.428    851.147    920.541    835.569    793.671
P_rad_sq           20.758     16.348     13.293     15.309     15.229     16.293
P_perp_sq         548.631    760.747    836.324    905.232    823.134    777.721
cos_P_Wsw           0.188      0.142      0.126      0.129      0.129      0.139
ret               -14.600   -552.129   -740.993  -1021.997  -1615.958   -687.758
ret_1st_old     -1406.405  -2162.715  -2624.711  -3165.749  -3712.247  -2614.184
ret_1st_push     -225.384   -306.436   -364.314   -423.922   -458.064   -351.361
ret_2nd          1610.335   1905.614   2217.067   2477.431   2687.588   2217.216
undo_frac           0.192      0.199      0.215      0.230      0.253      0.221
cos_PR             -0.116     -0.126     -0.129     -0.141     -0.148     -0.131
cos_R_Wend         -0.160     -0.156     -0.145     -0.141     -0.152     -0.154
ret0              239.425   -156.141   -208.752   -483.341   -877.713   -210.418
keep_after_fit   1375.333   1765.710   1916.579   2188.150   2131.690   1874.209
keep_ratio          0.842      0.807      0.805      0.768      0.767      0.803
keep_ratio_ws       0.871      0.766      0.715      0.719      0.737      0.745
net_interval     1653.899   1645.866   1744.290   1713.673   1386.590   1625.958

keep_after_fit > 0 in 50/50 cases

bands, median over all 50 cases
           N_sw      push  push_share     P_sq      R_sq   undo  keep_frac  ret_1st_old      ret
band                                                                                            
top    1859.462   213.851       0.094   99.781   475.033  0.348      0.810     -574.138 -174.165
mid1  18489.202  1193.966       0.528  390.206  1069.389  0.238      0.757    -1503.289 -581.156
mid2  19760.826   720.634       0.314  253.184   573.174  0.162      0.860     -494.239   20.209
low    4671.964   138.396       0.060   49.026    94.618  0.112      0.964      -38.216   46.005
mu        6.845    -0.040      -0.000    0.010     0.026  0.336      0.743        0.481    0.498
comp    139.548     2.655       0.001    2.166     1.620  0.013      1.262       -0.212    1.431

undo by fork task (median over seeds)
t       10    20    30    40    48
band                              
top   0.26  0.30  0.34  0.40  0.42
mid1  0.22  0.22  0.24  0.24  0.27
mid2  0.16  0.16  0.15  0.17  0.18
low   0.11  0.11  0.12  0.11  0.12
comp  0.01  0.01  0.01  0.01  0.01

keep_frac by fork task (median over seeds)
t       10    20    30    40    48
band                              
top   0.82  0.78  0.79  0.75  0.84
mid1  0.82  0.76  0.76  0.73  0.73
mid2  0.89  0.89  0.83  0.79  0.83
low   0.97  0.98  0.93  0.92  0.94
comp  1.56  1.34  1.25  1.17  1.14
