
## net_from_init_down
layer     arm  task   rate  sd_seed     lo     hi  n_seed
   c1 CV06FC3     1 0.6312   0.1266 0.5407 0.7218      10
   c1 CV06FC3     2 0.6062   0.1415 0.5051 0.7074      10
   c1 CV06FC3     3 0.7250   0.1291 0.6327 0.8173      10
   c1 CV06FC3     5 0.7188   0.1112 0.6392 0.7983      10
   c1 CV06FC3    10 0.7500   0.1062 0.6740 0.8260      10
   c1 CV06FC3    20 0.8875   0.0493 0.8522 0.9228      10
   c1 CV06FC3    30 0.9062   0.0531 0.8683 0.9442      10
   c1 CV3FC06     1 0.6562   0.1510 0.5483 0.7642      10
   c1 CV3FC06     2 0.6250   0.1284 0.5331 0.7169      10
   c1 CV3FC06     3 0.6562   0.1293 0.5638 0.7487      10
   c1 CV3FC06     5 0.7188   0.1390 0.6193 0.8182      10
   c1 CV3FC06    10 0.7562   0.1332 0.6609 0.8516      10
   c1 CV3FC06    20 0.8188   0.1266 0.7282 0.9093      10
   c1 CV3FC06    30 0.8562   0.1064 0.7801 0.9324      10
   c1     SNA     1 0.6062   0.1445 0.5029 0.7096      10
   c1     SNA     2 0.5562   0.0906 0.4915 0.6210      10
   c1     SNA     3 0.6375   0.1012 0.5651 0.7099      10
   c1     SNA     5 0.6625   0.1029 0.5889 0.7361      10
   c1     SNA    10 0.7562   0.1231 0.6682 0.8443      10
   c1     SNA    20 0.7500   0.1179 0.6657 0.8343      10
   c1     SNA    30 0.7812   0.1072 0.7045 0.8580      10
   c1   SNAc3     1 0.6000   0.1291 0.5077 0.6923      10
   c1   SNAc3     2 0.6375   0.1344 0.5414 0.7336      10
   c1   SNAc3     3 0.7312   0.1352 0.6346 0.8279      10
   c1   SNAc3     5 0.7188   0.1480 0.6128 0.8247      10
   c1   SNAc3    10 0.7875   0.1479 0.6817 0.8933      10
   c1   SNAc3    20 0.8500   0.1110 0.7706 0.9294      10
   c1   SNAc3    30 0.8688   0.0952 0.8006 0.9369      10
   c2 CV06FC3     1 0.9875   0.0264 0.9686 1.0064      10
   c2 CV06FC3     2 0.9938   0.0198 0.9796 1.0079      10
   c2 CV06FC3     3 1.0000   0.0000 1.0000 1.0000      10
   c2 CV06FC3     5 1.0000   0.0000 1.0000 1.0000      10
   c2 CV06FC3    10 1.0000   0.0000 1.0000 1.0000      10
   c2 CV06FC3    20 1.0000   0.0000 1.0000 1.0000      10
   c2 CV06FC3    30 1.0000   0.0000 1.0000 1.0000      10
   c2 CV3FC06     1 0.9188   0.0593 0.8763 0.9612      10
   c2 CV3FC06     2 0.9438   0.0461 0.9108 0.9767      10
   c2 CV3FC06     3 0.9375   0.0589 0.8954 0.9796      10
   c2 CV3FC06     5 0.9438   0.0688 0.8946 0.9929      10
   c2 CV3FC06    10 0.9688   0.0442 0.9371 1.0004      10
   c2 CV3FC06    20 0.9938   0.0198 0.9796 1.0079      10
   c2 CV3FC06    30 0.9875   0.0264 0.9686 1.0064      10
   c2     SNA     1 1.0000   0.0000 1.0000 1.0000      10
   c2     SNA     2 0.9938   0.0198 0.9796 1.0079      10
   c2     SNA     3 1.0000   0.0000 1.0000 1.0000      10
   c2     SNA     5 1.0000   0.0000 1.0000 1.0000      10
   c2     SNA    10 1.0000   0.0000 1.0000 1.0000      10
   c2     SNA    20 1.0000   0.0000 1.0000 1.0000      10
   c2     SNA    30 0.9812   0.0302 0.9597 1.0028      10
   c2   SNAc3     1 0.9188   0.0515 0.8819 0.9556      10
   c2   SNAc3     2 0.9125   0.0734 0.8600 0.9650      10
   c2   SNAc3     3 0.9250   0.0645 0.8788 0.9712      10
   c2   SNAc3     5 0.9562   0.0515 0.9194 0.9931      10
   c2   SNAc3    10 0.9875   0.0264 0.9686 1.0064      10
   c2   SNAc3    20 1.0000   0.0000 1.0000 1.0000      10
   c2   SNAc3    30 1.0000   0.0000 1.0000 1.0000      10

## net_from_init_down_pooled
layer  task   rate  sd_seed     lo     hi  n_seed
   c1     1 0.6234   0.1285 0.5315 0.7154      10
   c1     2 0.6062   0.1092 0.5281 0.6844      10
   c1     3 0.6875   0.1112 0.6079 0.7671      10
   c1     5 0.7047   0.1125 0.6242 0.7852      10
   c1    10 0.7625   0.1150 0.6802 0.8448      10
   c1    20 0.8266   0.0933 0.7598 0.8933      10
   c1    30 0.8531   0.0748 0.7996 0.9066      10
   c2     1 0.9562   0.0293 0.9353 0.9772      10
   c2     2 0.9609   0.0288 0.9404 0.9815      10
   c2     3 0.9656   0.0293 0.9447 0.9866      10
   c2     5 0.9750   0.0235 0.9582 0.9918      10
   c2    10 0.9891   0.0148 0.9785 0.9997      10
   c2    20 0.9984   0.0049 0.9949 1.0020      10
   c2    30 0.9922   0.0082 0.9863 0.9981      10

## one_task_down_ckpt
layer  task   rate  sd_seed     lo     hi  n_seed
   c1     1 0.5547   0.0759 0.5004 0.6090      10
   c1     2 0.5906   0.0674 0.5424 0.6389      10
   c2     1 0.7125   0.0909 0.6475 0.7775      10
   c2     2 0.5594   0.1150 0.4771 0.6416      10

## one_task_down_ckpt_arm
layer     arm  task   rate  sd_seed     lo     hi  n_seed
   c1 CV06FC3     1 0.6438   0.1023 0.5706 0.7169      10
   c1 CV06FC3     2 0.5688   0.0748 0.5152 0.6223      10
   c1 CV3FC06     1 0.5188   0.1319 0.4244 0.6131      10
   c1 CV3FC06     2 0.5188   0.1023 0.4456 0.5919      10
   c1     SNA     1 0.5062   0.1457 0.4020 0.6105      10
   c1     SNA     2 0.5688   0.1515 0.4604 0.6771      10
   c1   SNAc3     1 0.5500   0.1277 0.4586 0.6414      10
   c1   SNAc3     2 0.7062   0.0886 0.6428 0.7697      10
   c2 CV06FC3     1 0.7250   0.2189 0.5684 0.8816      10
   c2 CV06FC3     2 0.5375   0.1959 0.3974 0.6776      10
   c2 CV3FC06     1 0.7062   0.1841 0.5746 0.8379      10
   c2 CV3FC06     2 0.3875   0.2037 0.2418 0.5332      10
   c2     SNA     1 0.8438   0.1673 0.7241 0.9634      10
   c2     SNA     2 0.7000   0.1787 0.5722 0.8278      10
   c2   SNAc3     1 0.5750   0.2514 0.3952 0.7548      10
   c2   SNAc3     2 0.6125   0.2161 0.4579 0.7671      10

## per_task_median_down
layer     arm phase   rate  sd_seed     lo     hi  n_seed
   c1 CV06FC3  t1-9 0.6444   0.1148 0.5624 0.7265      10
   c1 CV06FC3  t10+ 0.6150   0.0394 0.5868 0.6432      10
   c1 CV3FC06  t1-9 0.6444   0.0876 0.5818 0.7071      10
   c1 CV3FC06  t10+ 0.5425   0.0457 0.5098 0.5752      10
   c1     SNA  t1-9 0.6333   0.0750 0.5797 0.6870      10
   c1     SNA  t10+ 0.5575   0.0501 0.5217 0.5933      10
   c1   SNAc3  t1-9 0.7889   0.0973 0.7193 0.8585      10
   c1   SNAc3  t10+ 0.5650   0.0648 0.5187 0.6113      10
   c2 CV06FC3  t1-9 0.8667   0.0703 0.8164 0.9169      10
   c2 CV06FC3  t10+ 0.7525   0.0399 0.7240 0.7810      10
   c2 CV3FC06  t1-9 0.5667   0.0820 0.5080 0.6253      10
   c2 CV3FC06  t10+ 0.5425   0.0566 0.5020 0.5830      10
   c2     SNA  t1-9 0.5778   0.1261 0.4875 0.6680      10
   c2     SNA  t10+ 0.5150   0.0792 0.4583 0.5717      10
   c2   SNAc3  t1-9 0.7667   0.0820 0.7080 0.8253      10
   c2   SNAc3  t10+ 0.5250   0.0425 0.4946 0.5554      10

## ledger_total_down
layer  task   rate  sd_seed     lo     hi  n_seed
   c1     1 0.5547   0.0759 0.5004 0.6090      10
   c1     5 0.5359   0.0383 0.5085 0.5633      10
   c1    10 0.5281   0.0367 0.5019 0.5544      10
   c1    20 0.5188   0.0415 0.4890 0.5485      10
   c1    30 0.5094   0.0696 0.4596 0.5591      10
   c2     1 0.7125   0.0909 0.6475 0.7775      10
   c2     5 0.5375   0.1060 0.4617 0.6133      10
   c2    10 0.5578   0.0511 0.5213 0.5943      10
   c2    20 0.4906   0.0664 0.4431 0.5381      10
   c2    30 0.5500   0.0948 0.4822 0.6178      10

## ledger_push_down
layer  task   rate  sd_seed     lo     hi  n_seed
   c1     1 0.7859   0.0561 0.7458 0.8261      10
   c1     5 0.8078   0.0383 0.7804 0.8352      10
   c1    10 0.7438   0.0377 0.7168 0.7707      10
   c1    20 0.6609   0.0483 0.6264 0.6955      10
   c1    30 0.5797   0.0609 0.5361 0.6233      10
   c2     1 0.5953   0.0665 0.5478 0.6429      10
   c2     5 0.6172   0.0590 0.5750 0.6594      10
   c2    10 0.6406   0.0755 0.5866 0.6946      10
   c2    20 0.6312   0.1184 0.5466 0.7159      10
   c2    30 0.6750   0.0509 0.6386 0.7114      10

## ledger_ret_opposite
layer  task   rate  sd_seed     lo     hi  n_seed
   c1     1 0.8594   0.0312 0.8370 0.8817      10
   c1     5 0.8516   0.0495 0.8161 0.8870      10
   c1    10 0.8000   0.0459 0.7672 0.8328      10
   c1    20 0.7203   0.0341 0.6959 0.7447      10
   c1    30 0.7312   0.0465 0.6980 0.7645      10
   c2     1 0.6406   0.0840 0.5806 0.7007      10
   c2     5 0.7141   0.0783 0.6580 0.7701      10
   c2    10 0.7656   0.0691 0.7162 0.8151      10
   c2    20 0.7203   0.0918 0.6546 0.7860      10
   c2    30 0.7562   0.0748 0.7027 0.8098      10

## ledger_ret_smaller
layer  task   rate  sd_seed     lo     hi  n_seed
   c1     1 0.6703   0.0778 0.6147 0.7259      10
   c1     5 0.5891   0.0667 0.5413 0.6368      10
   c1    10 0.5734   0.0603 0.5303 0.6166      10
   c1    20 0.5953   0.0386 0.5677 0.6229      10
   c1    30 0.5797   0.0553 0.5401 0.6193      10
   c2     1 0.4922   0.0552 0.4527 0.5317      10
   c2     5 0.5453   0.0708 0.4947 0.5960      10
   c2    10 0.5688   0.0562 0.5286 0.6089      10
   c2    20 0.5422   0.0621 0.4978 0.5866      10
   c2    30 0.5422   0.0783 0.4862 0.5982      10

## ledger_push_vs_sgd
layer  task   rate  sd_seed     lo     hi  n_seed
   c1     1 0.5797   0.0457 0.5470 0.6124      10
   c1     5 0.6266   0.0723 0.5748 0.6783      10
   c1    10 0.6156   0.0339 0.5914 0.6399      10
   c1    20 0.6016   0.0412 0.5721 0.6310      10
   c1    30 0.5297   0.0605 0.4864 0.5730      10
   c2     1 0.6109   0.0640 0.5652 0.6567      10
   c2     5 0.7172   0.0457 0.6845 0.7499      10
   c2    10 0.7797   0.0386 0.7521 0.8073      10
   c2    20 0.7312   0.0750 0.6776 0.7849      10
   c2    30 0.7469   0.0453 0.7145 0.7793      10

## ledger_step1_vs_sgd
layer  task   rate  sd_seed     lo     hi  n_seed
   c1     1 0.7094   0.0707 0.6588 0.7600      10
   c1     5 0.7391   0.0733 0.6866 0.7915      10
   c1    10 0.7281   0.0872 0.6657 0.7905      10
   c1    20 0.6375   0.0459 0.6047 0.6703      10
   c1    30 0.6547   0.0528 0.6169 0.6925      10
   c2     1 0.7578   0.1326 0.6629 0.8527      10
   c2     5 0.7219   0.1543 0.6115 0.8322      10
   c2    10 0.7922   0.0966 0.7231 0.8613      10
   c2    20 0.7297   0.0759 0.6754 0.7839      10
   c2    30 0.7391   0.0780 0.6833 0.7948      10

## ledger_push_vs_adam_exp
layer  task   rate  sd_seed     lo     hi  n_seed
   c1     1 0.5688   0.0490 0.5337 0.6038      10
   c1     5 0.6266   0.0708 0.5759 0.6772      10
   c1    10 0.6109   0.0299 0.5896 0.6323      10
   c1    20 0.6047   0.0383 0.5773 0.6321      10
   c1    30 0.5312   0.0575 0.4901 0.5724      10
   c2     1 0.6188   0.0707 0.5682 0.6693      10
   c2     5 0.7219   0.0555 0.6822 0.7616      10
   c2    10 0.7922   0.0346 0.7674 0.8169      10
   c2    20 0.7453   0.0603 0.7022 0.7885      10
   c2    30 0.7641   0.0393 0.7360 0.7922      10

## ledger_step1_vs_adam_exp
layer  task   rate  sd_seed     lo     hi  n_seed
   c1     1 0.7141   0.0703 0.6638 0.7643      10
   c1     5 0.7359   0.0746 0.6826 0.7893      10
   c1    10 0.7328   0.0854 0.6717 0.7939      10
   c1    20 0.6344   0.0461 0.6014 0.6674      10
   c1    30 0.6562   0.0505 0.6201 0.6924      10
   c2     1 0.7688   0.1212 0.6820 0.8555      10
   c2     5 0.7359   0.1503 0.6284 0.8435      10
   c2    10 0.8016   0.0797 0.7446 0.8586      10
   c2    20 0.7406   0.0766 0.6858 0.7954      10
   c2    30 0.7562   0.0734 0.7038 0.8087      10

## ledger_step1_vs_real_lin
layer  task   rate  sd_seed     lo     hi  n_seed
   c1     1 1.0000   0.0000 1.0000 1.0000      10
   c1     5 1.0000   0.0000 1.0000 1.0000      10
   c1    10 0.9984   0.0049 0.9949 1.0020      10
   c1    20 1.0000   0.0000 1.0000 1.0000      10
   c1    30 0.9984   0.0049 0.9949 1.0020      10
   c2     1 0.9625   0.0287 0.9420 0.9830      10
   c2     5 0.9547   0.0333 0.9309 0.9785      10
   c2    10 0.9500   0.0274 0.9304 0.9696      10
   c2    20 0.9547   0.0280 0.9347 0.9747      10
   c2    30 0.9781   0.0168 0.9661 0.9901      10

## ledger_total_vs_sgd
layer  task   rate  sd_seed     lo     hi  n_seed
   c1     1 0.5641   0.0553 0.5245 0.6036      10
   c1     5 0.5453   0.0631 0.5002 0.5905      10
   c1    10 0.5688   0.0562 0.5286 0.6089      10
   c1    20 0.5906   0.0422 0.5605 0.6208      10
   c1    30 0.5500   0.0593 0.5076 0.5924      10
   c2     1 0.6844   0.0758 0.6302 0.7386      10
   c2     5 0.6031   0.0915 0.5377 0.6686      10
   c2    10 0.5625   0.0722 0.5109 0.6141      10
   c2    20 0.5406   0.1100 0.4619 0.6193      10
   c2    30 0.5656   0.1049 0.4906 0.6407      10

## ledger_spearman
layer  task  spearman_negG_total  spearman_negG_push  spearman_adam_push  spearman_push_total  median_push  median_ret  median_total
   c1     1               0.1819              0.2644              0.2883               0.7182      -0.1149      0.0939       -0.0107
   c1     5               0.1756              0.2985              0.3119               0.5871      -0.1193      0.0990       -0.0063
   c1    10               0.2061              0.2774              0.3039               0.5877      -0.0939      0.0789       -0.0048
   c1    20               0.2609              0.2589              0.3148               0.6014      -0.0499      0.0378       -0.0039
   c1    30               0.1254              0.1072              0.1279               0.5564      -0.0299      0.0178       -0.0039
   c2     1               0.2034              0.2024              0.3248               0.5610      -0.0285     -0.0563       -0.0658
   c2     5               0.1273              0.6540              0.6922               0.3520      -0.0659      0.0128       -0.0219
   c2    10               0.1551              0.7251              0.7649               0.3810      -0.1052      0.0433       -0.0234
   c2    20               0.0907              0.6391              0.6660               0.5035      -0.1053      0.1007        0.0031
   c2    30               0.2823              0.7296              0.7988               0.4831      -0.2214      0.1490       -0.0418

## ledger_medians
layer  task  med_d1  med_d10  med_d75  med_d750  med_d7500  med_d30000
   c1     1 -0.0091  -0.1676  -0.1149   -0.0530    -0.0007     -0.0107
   c1     5 -0.0020  -0.1086  -0.1193   -0.0675     0.0024     -0.0063
   c1    10  0.0062  -0.0874  -0.0939   -0.0682    -0.0068     -0.0048
   c1    20  0.0074  -0.0227  -0.0499   -0.0459    -0.0068     -0.0039
   c1    30  0.0148  -0.0077  -0.0299   -0.0327    -0.0006     -0.0039
   c2     1 -0.0634  -0.0097  -0.0285    0.0540    -0.0282     -0.0658
   c2     5 -0.0475  -0.0613  -0.0659    0.0960     0.0177     -0.0219
   c2    10 -0.0731  -0.1187  -0.1052    0.0792     0.0247     -0.0234
   c2    20 -0.0247  -0.0911  -0.1053    0.0421     0.0274      0.0031
   c2    30 -0.0451  -0.1804  -0.2214   -0.0155    -0.0185     -0.0418

## replay_fidelity_params
 task  count  mean  std  min  25%  50%  75%  max
    1   40.0   0.0  0.0  0.0  0.0  0.0  0.0  0.0

## replay_fidelity_zbar
 task layer  max_abs_err  med_abs_err  med_abs_d
    1    c1          0.0          0.0     0.0619
    1    c2          0.0          0.0     0.0960

## frozen_vs_moving
layer  task   S  same_sign  median_ratio  spearman   n
   c1     1   1     1.0000        1.0000    1.0000 640
   c1     1  10     0.6156        0.1074    0.3855 640
   c1     1  75     0.5719        0.0102    0.2777 640
   c1     1 750     0.5844        0.0011    0.2745 640
   c1    10   1     0.9984        1.0000    1.0000 640
   c1    10  10     0.5750        0.0612    0.2347 640
   c1    10  75     0.6094        0.0112    0.2997 640
   c1    10 750     0.6297        0.0020    0.3110 640
   c1    20   1     1.0000        1.0000    0.9998 640
   c1    20  10     0.5625        0.0507    0.2306 640
   c1    20  75     0.5969        0.0085    0.2964 640
   c1    20 750     0.6266        0.0022    0.3057 640
   c2     1   1     0.9625        0.9881    0.9925 640
   c2     1  10     0.5578        0.0179    0.2383 640
   c2     1  75     0.6250        0.0023    0.2703 640
   c2     1 750     0.3812       -0.0004    0.0751 640
   c2    10   1     0.9500        1.0241    0.9931 640
   c2    10  10     0.6875        0.0766    0.5210 640
   c2    10  75     0.7969        0.0127    0.7569 640
   c2    10 750     0.6109        0.0008    0.2744 640
   c2    20   1     0.9547        1.0235    0.9901 640
   c2    20  10     0.6172        0.0643    0.4028 640
   c2    20  75     0.7531        0.0162    0.6851 640
   c2    20 750     0.6844        0.0018    0.4712 640
