z_bonf 4.046075984119394
layer  task    S  rev_point  rev_sig  same_sig  real_rev   n
   c1     1 -750     0.0438   0.0375    0.8938    0.0688 160
   c1     1    1     0.0938   0.0000    0.5312    0.2562 160
   c1     1   10     0.0500   0.0125    0.7125    0.1312 160
   c1     1   75     0.0438   0.0312    0.8812    0.0625 160
   c1     1  750     0.0438   0.0375    0.8938    0.0688 160
   c1     1 3000     0.0438   0.0375    0.8938    0.0688 160
   c1    10 -750     0.0000   0.0000    1.0000    0.0125 160
   c1    10    1     0.0125   0.0000    0.8562    0.0938 160
   c1    10   10     0.0000   0.0000    0.9375    0.0188 160
   c1    10   75     0.0000   0.0000    1.0000    0.0125 160
   c1    10  750     0.0000   0.0000    1.0000    0.0062 160
   c1    10 3000     0.0000   0.0000    1.0000    0.0125 160
   c1    20 -750     0.0000   0.0000    0.9875    0.0062 160
   c1    20    1     0.0188   0.0000    0.7875    0.1625 160
   c1    20   10     0.0000   0.0000    0.9312    0.0250 160
   c1    20   75     0.0000   0.0000    0.9875    0.0125 160
   c1    20  750     0.0000   0.0000    0.9875    0.0062 160
   c1    20 3000     0.0000   0.0000    0.9875    0.0062 160
   c2     1 -750     0.1375   0.0938    0.8500    0.1250 160
   c2     1    1     0.1250   0.0062    0.4812    0.3062 160
   c2     1   10     0.1312   0.0438    0.7938    0.1875 160
   c2     1   75     0.1375   0.0938    0.8375    0.1188 160
   c2     1  750     0.1375   0.0938    0.8500    0.1188 160
   c2     1 3000     0.1375   0.0938    0.8500    0.1188 160
   c2    10 -750     0.0000   0.0000    1.0000    0.0000 160
   c2    10    1     0.0000   0.0000    1.0000    0.0125 160
   c2    10   10     0.0000   0.0000    1.0000    0.0000 160
   c2    10   75     0.0000   0.0000    1.0000    0.0000 160
   c2    10  750     0.0000   0.0000    1.0000    0.0000 160
   c2    10 3000     0.0000   0.0000    1.0000    0.0000 160
   c2    20 -750     0.0000   0.0000    1.0000    0.0000 160
   c2    20    1     0.0000   0.0000    1.0000    0.0125 160
   c2    20   10     0.0000   0.0000    1.0000    0.0000 160
   c2    20   75     0.0000   0.0000    1.0000    0.0000 160
   c2    20  750     0.0000   0.0000    1.0000    0.0000 160
   c2    20 3000     0.0000   0.0000    1.0000    0.0000 160
