
## net_from_init_down
layer arm  task   rate  sd_seed     lo     hi  n_seed
   c1  LR     1 0.7188   0.0896 0.6547 0.7828      10
   c1  LR     2 0.6938   0.0952 0.6256 0.7619      10
   c1  LR     3 0.7062   0.0934 0.6394 0.7731      10
   c1  LR     5 0.7875   0.0734 0.7350 0.8400      10
   c1  LR    10 0.8562   0.0515 0.8194 0.8931      10
   c1  LR    20 0.9062   0.0329 0.8827 0.9298      10
   c1  LR    30 0.9312   0.0198 0.9171 0.9454      10
   c2  LR     1 1.0000   0.0000 1.0000 1.0000      10
   c2  LR     2 1.0000   0.0000 1.0000 1.0000      10
   c2  LR     3 1.0000   0.0000 1.0000 1.0000      10
   c2  LR     5 1.0000   0.0000 1.0000 1.0000      10
   c2  LR    10 1.0000   0.0000 1.0000 1.0000      10
   c2  LR    20 1.0000   0.0000 1.0000 1.0000      10
   c2  LR    30 1.0000   0.0000 1.0000 1.0000      10

## net_from_init_down_pooled
layer  task   rate  sd_seed     lo     hi  n_seed
   c1     1 0.7188   0.0896 0.6547 0.7828      10
   c1     2 0.6938   0.0952 0.6256 0.7619      10
   c1     3 0.7062   0.0934 0.6394 0.7731      10
   c1     5 0.7875   0.0734 0.7350 0.8400      10
   c1    10 0.8562   0.0515 0.8194 0.8931      10
   c1    20 0.9062   0.0329 0.8827 0.9298      10
   c1    30 0.9312   0.0198 0.9171 0.9454      10
   c2     1 1.0000   0.0000 1.0000 1.0000      10
   c2     2 1.0000   0.0000 1.0000 1.0000      10
   c2     3 1.0000   0.0000 1.0000 1.0000      10
   c2     5 1.0000   0.0000 1.0000 1.0000      10
   c2    10 1.0000   0.0000 1.0000 1.0000      10
   c2    20 1.0000   0.0000 1.0000 1.0000      10
   c2    30 1.0000   0.0000 1.0000 1.0000      10

## one_task_down_ckpt
layer  task   rate  sd_seed     lo     hi  n_seed
   c1     1 0.5000   0.1062 0.4240 0.5760      10
   c1     2 0.4688   0.0943 0.4013 0.5362      10
   c2     1 0.8625   0.1054 0.7871 0.9379      10
   c2     2 0.7562   0.1729 0.6326 0.8799      10

## one_task_down_ckpt_arm
layer arm  task   rate  sd_seed     lo     hi  n_seed
   c1  LR     1 0.5000   0.1062 0.4240 0.5760      10
   c1  LR     2 0.4688   0.0943 0.4013 0.5362      10
   c2  LR     1 0.8625   0.1054 0.7871 0.9379      10
   c2  LR     2 0.7562   0.1729 0.6326 0.8799      10

## per_task_median_down
layer arm phase   rate  sd_seed     lo     hi  n_seed
   c1  LR  t1-9 0.6222   0.0777 0.5667 0.6778      10
   c1  LR  t10+ 0.6350   0.0412 0.6056 0.6644      10
   c2  LR  t1-9 0.7556   0.0876 0.6929 0.8182      10
   c2  LR  t10+ 0.3150   0.1055 0.2395 0.3905      10

## ledger_total_down
layer  task   rate  sd_seed     lo     hi  n_seed
   c1     1 0.5000   0.1062 0.4240 0.5760      10
   c1    10 0.5062   0.0997 0.4349 0.5776      10
   c1    20 0.5312   0.1620 0.4153 0.6472      10
   c2     1 0.8625   0.1054 0.7871 0.9379      10
   c2    10 0.3812   0.2384 0.2108 0.5517      10
   c2    20 0.4312   0.1874 0.2972 0.5653      10

## ledger_push_down
layer  task   rate  sd_seed     lo     hi  n_seed
   c1     1 0.5438   0.1642 0.4263 0.6612      10
   c1    10 0.4062   0.1620 0.2903 0.5222      10
   c1    20 0.4000   0.1257 0.3101 0.4899      10
   c2     1 0.7250   0.1868 0.5914 0.8586      10
   c2    10 0.9750   0.0604 0.9318 1.0182      10
   c2    20 0.9875   0.0264 0.9686 1.0064      10

## ledger_ret_opposite
layer  task   rate  sd_seed     lo     hi  n_seed
   c1     1 0.7875   0.1029 0.7139 0.8611      10
   c1    10 0.6875   0.1250 0.5981 0.7769      10
   c1    20 0.7188   0.1593 0.6048 0.8327      10
   c2     1 0.7875   0.1222 0.7001 0.8749      10
   c2    10 0.9688   0.0607 0.9253 1.0122      10
   c2    20 0.9875   0.0264 0.9686 1.0064      10

## ledger_ret_smaller
layer  task   rate  sd_seed     lo     hi  n_seed
   c1     1 0.7375   0.0823 0.6786 0.7964      10
   c1    10 0.6562   0.1224 0.5687 0.7438      10
   c1    20 0.5875   0.1149 0.5053 0.6697      10
   c2     1 0.6812   0.1266 0.5907 0.7718      10
   c2    10 0.3812   0.2384 0.2108 0.5517      10
   c2    20 0.4375   0.1768 0.3111 0.5639      10

## ledger_push_vs_sgd
layer  task   rate  sd_seed     lo     hi  n_seed
   c1     1 0.8312   0.1143 0.7495 0.9130      10
   c1    10 0.6812   0.1779 0.5540 0.8085      10
   c1    20 0.6938   0.1231 0.6057 0.7818      10
   c2     1 0.7688   0.1475 0.6633 0.8742      10
   c2    10 0.9750   0.0604 0.9318 1.0182      10
   c2    20 0.9875   0.0264 0.9686 1.0064      10

## ledger_step1_vs_sgd
layer  task   rate  sd_seed     lo     hi  n_seed
   c1     1 0.7438   0.0997 0.6724 0.8151      10
   c1    10 0.9062   0.0896 0.8422 0.9703      10
   c1    20 0.8375   0.1070 0.7609 0.9141      10
   c2     1 0.7000   0.1661 0.5812 0.8188      10
   c2    10 0.9938   0.0198 0.9796 1.0079      10
   c2    20 0.9875   0.0395 0.9592 1.0158      10

## ledger_push_vs_adam_exp
layer  task   rate  sd_seed     lo     hi  n_seed
   c1     1 0.8562   0.1064 0.7801 0.9324      10
   c1    10 0.6812   0.1779 0.5540 0.8085      10
   c1    20 0.6938   0.1231 0.6057 0.7818      10
   c2     1 0.8125   0.1215 0.7256 0.8994      10
   c2    10 0.9750   0.0604 0.9318 1.0182      10
   c2    20 0.9875   0.0264 0.9686 1.0064      10

## ledger_step1_vs_adam_exp
layer  task   rate  sd_seed     lo     hi  n_seed
   c1     1 0.7562   0.1195 0.6708 0.8417      10
   c1    10 0.9062   0.0896 0.8422 0.9703      10
   c1    20 0.8375   0.1070 0.7609 0.9141      10
   c2     1 0.7438   0.1626 0.6275 0.8600      10
   c2    10 0.9938   0.0198 0.9796 1.0079      10
   c2    20 0.9875   0.0395 0.9592 1.0158      10

## ledger_step1_vs_real_lin
layer  task   rate  sd_seed     lo     hi  n_seed
   c1     1 1.0000   0.0000 1.0000 1.0000      10
   c1    10 1.0000   0.0000 1.0000 1.0000      10
   c1    20 1.0000   0.0000 1.0000 1.0000      10
   c2     1 0.9938   0.0198 0.9796 1.0079      10
   c2    10 0.9938   0.0198 0.9796 1.0079      10
   c2    20 1.0000   0.0000 1.0000 1.0000      10

## ledger_total_vs_sgd
layer  task   rate  sd_seed     lo     hi  n_seed
   c1     1 0.7250   0.1070 0.6484 0.8016      10
   c1    10 0.5688   0.1231 0.4807 0.6568      10
   c1    20 0.5000   0.1382 0.4011 0.5989      10
   c2     1 0.7562   0.1158 0.6734 0.8391      10
   c2    10 0.3812   0.2384 0.2108 0.5517      10
   c2    20 0.4312   0.1874 0.2972 0.5653      10

## ledger_spearman
layer  task  spearman_negG_total  spearman_negG_push  spearman_adam_push  spearman_push_total  median_push  median_ret  median_total
   c1     1               0.5999              0.8054              0.8402               0.7309      -0.2046      0.1004       -0.0009
   c1    10               0.1874              0.5565              0.6237               0.7430       0.1421     -0.1894       -0.0279
   c1    20               0.0658              0.6175              0.6899               0.5921       0.2127     -0.2187       -0.0143
   c2     1               0.3187              0.6525              0.7394               0.5437      -1.8051      0.4000       -1.5514
   c2    10               0.1995              0.2925              0.2723               0.6520      -4.0981      4.5691        0.6092
   c2    20               0.0647              0.4238              0.4352               0.4119      -3.4782      3.6116        0.1938

## ledger_medians
layer  task  med_d1  med_d10  med_d75  med_d750  med_d7500  med_d30000
   c1     1  0.0399   0.1291  -0.2046   -0.0870     0.2831     -0.0009
   c1    10  0.1033   0.7854   0.1421   -0.3143     0.0413     -0.0279
   c1    20  0.0768   0.5878   0.2127   -0.3931    -0.0717     -0.0143
   c2     1 -0.1355  -2.4601  -1.8051   -0.2692    -1.1924     -1.5514
   c2    10 -1.1086 -11.4788  -4.0981    0.0807     0.4711      0.6092
   c2    20 -0.6621  -6.1973  -3.4782   -0.3827     0.1596      0.1938

## replay_fidelity_params
 task  count  mean  std  min  25%  50%  75%  max
    1   10.0   0.0  0.0  0.0  0.0  0.0  0.0  0.0

## replay_fidelity_zbar
 task layer  max_abs_err  med_abs_err  med_abs_d
    1    c1          0.0          0.0     0.5498
    1    c2          0.0          0.0     1.5514

## frozen_vs_moving
layer  task   S  same_sign  median_ratio  spearman   n
   c1     1   1     1.0000        1.0000    1.0000 160
   c1     1  10     0.9062        0.7460    0.8876 160
   c1     1  75     0.8562        0.1638    0.8527 160
   c1     1 750     0.8250        0.0275    0.8371 160
   c1    10   1     1.0000        1.0000    0.9999 160
   c1    10  10     0.9375        0.4937    0.7655 160
   c1    10  75     0.6812        0.0365    0.5772 160
   c1    10 750     0.4812       -0.0016    0.4776 160
   c1    20   1     1.0000        1.0000    0.9996 160
   c1    20  10     0.8750        0.4653    0.8692 160
   c1    20  75     0.6938        0.0406    0.7178 160
   c1    20 750     0.4188       -0.0055    0.4885 160
   c2     1   1     0.9938        1.0124    0.9979 160
   c2     1  10     0.8875        1.0382    0.8819 160
   c2     1  75     0.8125        0.1268    0.7531 160
   c2     1 750     0.7688        0.0110    0.7184 160
   c2    10   1     0.9938        1.0311    0.9992 160
   c2    10  10     1.0000        0.6376    0.8358 160
   c2    10  75     0.9750        0.0353    0.2332 160
   c2    10 750     0.4688       -0.0001    0.0076 160
   c2    20   1     1.0000        1.0128    0.9997 160
   c2    20  10     1.0000        0.5283    0.7927 160
   c2    20  75     0.9875        0.0434    0.5430 160
   c2    20 750     0.6438        0.0011    0.2003 160
